DateTime	RespValue
15:38:39.093	18.9
15:38:39.100	16.6
15:38:39.112	14.1
15:38:39.125	12.9
15:38:39.138	11.3
15:38:39.146	7.7
15:38:39.158	6.4
15:38:39.170	4.5
15:38:39.179	1.8
15:38:39.191	0.5
15:38:39.203	1.0
15:38:39.215	2.0
15:38:39.224	1.6
15:38:39.236	0.2
15:38:39.248	0.2
15:38:39.256	0.3
15:38:39.269	-0.5
15:38:39.281	-0.3
15:38:39.289	1.3
15:38:39.301	0.1
15:38:39.314	-3.5
15:38:39.326	-5.7
15:38:39.334	-5.0
15:38:39.346	-7.4
15:38:39.358	-8.3
15:38:39.367	-16.0
15:38:39.379	-24.5
15:38:39.391	-31.8
15:38:39.399	-38.6
15:38:39.412	-46.1
15:38:39.424	-53.0
15:38:39.436	-59.5
15:38:39.444	-64.8
15:38:39.457	-70.6
15:38:39.469	-77.5
15:38:39.477	-79.6
15:38:39.490	-81.7
15:38:39.502	-81.8
15:38:39.510	-86.2
15:38:39.522	-87.1
15:38:39.534	-87.5
15:38:39.547	-90.2
15:38:39.555	-94.0
15:38:39.567	-95.3
15:38:39.579	-92.9
15:38:39.588	-91.5
15:38:39.600	-90.9
15:38:39.612	-92.0
15:38:39.620	-90.5
15:38:39.633	-90.2
15:38:39.645	-90.9
15:38:39.653	-89.2
15:38:39.665	-89.5
15:38:39.678	-88.6
15:38:39.690	-91.2
15:38:39.698	-93.5
15:38:39.711	-93.7
15:38:39.723	-94.5
15:38:39.731	-94.1
15:38:39.743	-94.9
15:38:39.756	-94.8
15:38:39.764	-97.1
15:38:39.776	-97.3
15:38:39.788	-98.5
15:38:39.797	-101.2
15:38:39.809	-99.9
15:38:39.821	-98.3
15:38:39.834	-97.5
15:38:39.842	-97.0
15:38:39.854	-96.3
15:38:39.866	-96.7
15:38:39.875	-94.3
15:38:39.887	-90.5
15:38:39.899	-90.6
15:38:39.907	-88.0
15:38:39.920	-87.8
15:38:39.932	-88.7
15:38:39.944	-88.9
15:38:39.952	-88.8
15:38:39.965	-87.0
15:38:39.977	-86.4
15:38:39.985	-87.1
15:38:39.997	-87.7
15:38:40.010	-85.8
15:38:40.018	-84.8
15:38:40.030	-83.3
15:38:40.042	-81.7
15:38:40.051	-79.3
15:38:40.063	-79.9
15:38:40.075	-80.0
15:38:40.083	-78.0
15:38:40.096	-76.4
15:38:40.108	-76.5
15:38:40.120	-73.9
15:38:40.129	-73.3
15:38:40.141	-71.2
15:38:40.153	-70.9
15:38:40.161	-70.4
15:38:40.174	-66.6
15:38:40.186	-65.2
15:38:40.198	-64.8
15:38:40.206	-63.9
15:38:40.219	-63.3
15:38:40.231	-63.3
15:38:40.239	-62.1
15:38:40.251	-61.3
15:38:40.264	-59.0
15:38:40.272	-59.0
15:38:40.284	-59.4
15:38:40.296	-60.0
15:38:40.305	-57.4
15:38:40.317	-55.8
15:38:40.329	-54.9
15:38:40.337	-54.7
15:38:40.350	-53.8
15:38:40.362	-53.7
15:38:40.374	-51.5
15:38:40.382	-50.3
15:38:40.395	-47.7
15:38:40.407	-45.2
15:38:40.415	-46.2
15:38:40.427	-46.4
15:38:40.440	-45.6
15:38:40.448	-43.4
15:38:40.460	-42.0
15:38:40.472	-40.0
15:38:40.485	-40.5
15:38:40.493	-38.8
15:38:40.505	-41.8
15:38:40.518	-41.3
15:38:40.526	-39.3
15:38:40.538	-39.0
15:38:40.550	-37.0
15:38:40.558	-36.1
15:38:40.571	-34.6
15:38:40.583	-34.4
15:38:40.591	-32.7
15:38:40.603	-32.3
15:38:40.616	-29.6
15:38:40.628	-30.1
15:38:40.636	-30.0
15:38:40.649	-28.5
15:38:40.661	-29.4
15:38:40.669	-29.7
15:38:40.681	-29.9
15:38:40.694	-30.1
15:38:40.702	-31.3
15:38:40.714	-29.8
15:38:40.726	-29.9
15:38:40.735	-28.8
15:38:40.747	-29.1
15:38:40.759	-28.3
15:38:40.767	-26.5
15:38:40.780	-25.5
15:38:40.792	-25.0
15:38:40.804	-24.2
15:38:40.812	-22.6
15:38:40.825	-22.9
15:38:40.837	-22.0
15:38:40.845	-21.8
15:38:40.857	-18.6
15:38:40.870	-16.9
15:38:40.882	-16.7
15:38:40.890	-18.7
15:38:40.903	-18.7
15:38:40.915	-17.1
15:38:40.923	-18.6
15:38:40.936	-18.3
15:38:40.948	-18.2
15:38:40.956	-18.3
15:38:40.968	-19.4
15:38:40.981	-19.2
15:38:40.989	-19.5
15:38:41.001	-17.0
15:38:41.013	-16.4
15:38:41.022	-16.3
15:38:41.034	-12.1
15:38:41.046	-10.8
15:38:41.058	-9.5
15:38:41.067	-7.6
15:38:41.079	-4.4
15:38:41.091	-0.9
15:38:41.099	3.0
15:38:41.112	6.6
15:38:41.124	9.7
15:38:41.136	13.3
15:38:41.144	14.4
15:38:41.157	16.3
15:38:41.169	19.4
15:38:41.181	22.3
15:38:41.189	21.9
15:38:41.202	21.1
15:38:41.214	21.5
15:38:41.222	21.8
15:38:41.234	25.2
15:38:41.247	25.5
15:38:41.255	25.8
15:38:41.267	27.4
15:38:41.279	29.8
15:38:41.288	32.8
15:38:41.300	35.6
15:38:41.312	37.1
15:38:41.320	38.9
15:38:41.333	42.2
15:38:41.345	41.8
15:38:41.357	44.4
15:38:41.366	45.6
15:38:41.378	46.1
15:38:41.390	45.3
15:38:41.398	44.1
15:38:41.411	44.2
15:38:41.423	45.8
15:38:41.431	45.9
15:38:41.443	45.1
15:38:41.456	51.8
15:38:41.468	56.6
15:38:41.476	64.3
15:38:41.488	72.6
15:38:41.501	81.4
15:38:41.509	89.5
15:38:41.521	95.5
15:38:41.533	102.4
15:38:41.542	110.6
15:38:41.554	117.0
15:38:41.566	116.7
15:38:41.574	118.9
15:38:41.587	118.5
15:38:41.599	116.1
15:38:41.611	115.9
15:38:41.619	116.2
15:38:41.632	116.3
15:38:41.644	114.9
15:38:41.652	113.7
15:38:41.665	112.4
15:38:41.677	112.0
15:38:41.685	108.0
15:38:41.697	107.2
15:38:41.710	106.2
15:38:41.718	103.1
15:38:41.730	101.4
15:38:41.743	98.5
15:38:41.755	98.6
15:38:41.763	97.4
15:38:41.775	97.7
15:38:41.788	95.2
15:38:41.796	96.5
15:38:41.808	94.9
15:38:41.820	95.6
15:38:41.828	95.8
15:38:41.841	93.8
15:38:41.853	94.6
15:38:41.865	92.6
15:38:41.874	91.9
15:38:41.886	89.7
15:38:41.898	89.4
15:38:41.906	87.9
15:38:41.919	87.9
15:38:41.931	86.5
15:38:41.939	86.7
15:38:41.951	86.4
15:38:41.964	89.5
15:38:41.972	93.4
15:38:41.984	97.1
15:38:41.996	103.9
15:38:42.005	112.3
15:38:42.017	120.2
15:38:42.029	128.5
15:38:42.041	136.2
15:38:42.050	144.0
15:38:42.062	154.1
15:38:42.074	161.4
15:38:42.082	168.1
15:38:42.095	174.8
15:38:42.107	175.7
15:38:42.119	178.9
15:38:42.127	181.2
15:38:42.140	180.6
15:38:42.152	182.9
15:38:42.160	182.9
15:38:42.172	182.1
15:38:42.185	181.2
15:38:42.193	179.7
15:38:42.205	177.8
15:38:42.218	178.8
15:38:42.226	175.6
15:38:42.238	173.5
15:38:42.250	171.2
15:38:42.258	168.6
15:38:42.271	166.1
15:38:42.283	163.8
15:38:42.295	161.6
15:38:42.303	158.8
15:38:42.316	155.6
15:38:42.328	152.5
15:38:42.336	150.0
15:38:42.349	145.3
15:38:42.361	144.1
15:38:42.369	140.1
15:38:42.381	137.1
15:38:42.394	136.6
15:38:42.406	132.6
15:38:42.414	129.9
15:38:42.426	129.0
15:38:42.439	126.4
15:38:42.447	123.9
15:38:42.459	122.6
15:38:42.471	120.8
15:38:42.480	118.6
15:38:42.492	116.3
15:38:42.504	109.6
15:38:42.512	108.5
15:38:42.525	103.9
15:38:42.537	98.4
15:38:42.549	95.8
15:38:42.558	90.4
15:38:42.570	88.3
15:38:42.582	83.7
15:38:42.590	82.8
15:38:42.603	82.0
15:38:42.615	81.3
15:38:42.623	76.9
15:38:42.635	75.6
15:38:42.648	74.4
15:38:42.656	70.1
15:38:42.668	70.7
15:38:42.680	67.0
15:38:42.689	65.0
15:38:42.701	62.1
15:38:42.713	59.1
15:38:42.726	58.2
15:38:42.734	56.8
15:38:42.746	55.2
15:38:42.758	51.1
15:38:42.766	52.7
15:38:42.779	49.7
15:38:42.791	50.9
15:38:42.803	50.6
15:38:42.811	50.1
15:38:42.824	47.6
15:38:42.836	40.1
15:38:42.844	33.5
15:38:42.857	26.5
15:38:42.869	22.1
15:38:42.877	14.6
15:38:42.889	8.4
15:38:42.902	2.5
15:38:42.910	-2.8
15:38:42.922	-8.9
15:38:42.934	-11.2
15:38:42.943	-12.1
15:38:42.955	-11.8
15:38:42.967	-12.5
15:38:42.979	-12.9
15:38:42.988	-15.1
15:38:43.000	-17.4
15:38:43.012	-23.3
15:38:43.020	-27.5
15:38:43.033	-31.5
15:38:43.045	-37.6
15:38:43.057	-39.4
15:38:43.065	-42.9
15:38:43.078	-44.8
15:38:43.090	-49.4
15:38:43.102	-52.5
15:38:43.110	-54.0
15:38:43.123	-56.9
15:38:43.135	-59.6
15:38:43.143	-63.9
15:38:43.155	-68.0
15:38:43.168	-73.0
15:38:43.176	-78.1
15:38:43.188	-82.4
15:38:43.200	-86.7
15:38:43.209	-90.5
15:38:43.221	-95.2
15:38:43.233	-98.5
15:38:43.241	-101.3
15:38:43.254	-103.8
15:38:43.266	-108.3
15:38:43.278	-110.0
15:38:43.287	-112.3
15:38:43.299	-115.5
15:38:43.311	-117.4
15:38:43.319	-118.7
15:38:43.332	-120.2
15:38:43.344	-121.1
15:38:43.352	-123.3
15:38:43.364	-123.7
15:38:43.377	-122.7
15:38:43.389	-124.6
15:38:43.397	-124.6
15:38:43.409	-125.4
15:38:43.422	-126.0
15:38:43.430	-129.1
15:38:43.442	-129.8
15:38:43.454	-130.7
15:38:43.463	-132.3
15:38:43.475	-133.6
15:38:43.487	-134.9
15:38:43.495	-137.1
15:38:43.508	-138.4
15:38:43.520	-137.4
15:38:43.532	-138.9
15:38:43.540	-136.9
15:38:43.553	-137.1
15:38:43.565	-137.2
15:38:43.573	-138.8
15:38:43.585	-139.2
15:38:43.598	-138.7
15:38:43.606	-137.9
15:38:43.618	-140.4
15:38:43.630	-143.6
15:38:43.639	-143.5
15:38:43.651	-145.7
15:38:43.663	-146.0
15:38:43.675	-145.1
15:38:43.684	-143.4
15:38:43.696	-144.0
15:38:43.708	-144.8
15:38:43.716	-146.4
15:38:43.729	-143.7
15:38:43.741	-142.3
15:38:43.749	-142.0
15:38:43.761	-141.3
15:38:43.774	-140.7
15:38:43.786	-142.8
15:38:43.794	-143.3
15:38:43.807	-144.1
15:38:43.819	-139.3
15:38:43.827	-139.6
15:38:43.839	-139.1
15:38:43.852	-140.2
15:38:43.860	-138.3
15:38:43.872	-137.2
15:38:43.884	-138.1
15:38:43.893	-136.8
15:38:43.905	-135.8
15:38:43.917	-134.4
15:38:43.925	-139.8
15:38:43.938	-138.2
15:38:43.950	-137.7
15:38:43.962	-135.5
15:38:43.970	-135.9
15:38:43.983	-135.1
15:38:43.995	-132.8
15:38:44.003	-131.8
15:38:44.015	-130.6
15:38:44.028	-128.7
15:38:44.040	-125.3
15:38:44.048	-123.5
15:38:44.061	-122.1
15:38:44.073	-119.4
15:38:44.081	-118.0
15:38:44.093	-115.8
15:38:44.106	-115.5
15:38:44.114	-114.3
15:38:44.126	-111.1
15:38:44.138	-109.6
15:38:44.147	-109.5
15:38:44.159	-106.7
15:38:44.171	-104.2
15:38:44.179	-102.7
15:38:44.192	-98.9
15:38:44.204	-98.1
15:38:44.216	-95.1
15:38:44.224	-93.0
15:38:44.237	-92.7
15:38:44.249	-91.6
15:38:44.257	-87.9
15:38:44.270	-86.7
15:38:44.282	-86.5
15:38:44.290	-83.8
15:38:44.302	-83.1
15:38:44.315	-81.8
15:38:44.327	-82.7
15:38:44.335	-81.3
15:38:44.347	-79.7
15:38:44.360	-78.5
15:38:44.368	-78.9
15:38:44.380	-78.6
15:38:44.392	-78.3
15:38:44.401	-78.9
15:38:44.413	-79.3
15:38:44.425	-78.1
15:38:44.433	-74.7
15:38:44.446	-72.0
15:38:44.458	-72.1
15:38:44.470	-71.2
15:38:44.478	-69.4
15:38:44.491	-65.2
15:38:44.503	-62.5
15:38:44.511	-60.2
15:38:44.524	-58.0
15:38:44.536	-58.8
15:38:44.544	-58.1
15:38:44.556	-59.1
15:38:44.568	-58.0
15:38:44.577	-55.4
15:38:44.589	-54.5
15:38:44.601	-55.4
15:38:44.609	-55.2
15:38:44.622	-56.1
15:38:44.634	-56.0
15:38:44.646	-52.8
15:38:44.654	-51.8
15:38:44.667	-50.6
15:38:44.679	-48.6
15:38:44.687	-48.6
15:38:44.699	-48.4
15:38:44.712	-48.2
15:38:44.724	-48.0
15:38:44.732	-46.5
15:38:44.744	-47.0
15:38:44.757	-47.8
15:38:44.765	-46.3
15:38:44.777	-45.0
15:38:44.790	-44.6
15:38:44.798	-41.9
15:38:44.810	-39.6
15:38:44.822	-39.5
15:38:44.830	-37.3
15:38:44.843	-37.3
15:38:44.855	-36.0
15:38:44.863	-35.3
15:38:44.876	-35.6
15:38:44.888	-35.1
15:38:44.900	-34.5
15:38:44.908	-35.7
15:38:44.921	-37.2
15:38:44.933	-33.6
15:38:44.941	-33.5
15:38:44.953	-32.0
15:38:44.966	-29.8
15:38:44.978	-26.7
15:38:44.986	-26.1
15:38:44.998	-24.5
15:38:45.011	-23.0
15:38:45.023	-17.4
15:38:45.031	-12.0
15:38:45.043	-9.8
15:38:45.052	-6.5
15:38:45.064	-3.1
15:38:45.076	-0.7
15:38:45.084	1.1
15:38:45.097	4.4
15:38:45.109	7.4
15:38:45.117	9.9
15:38:45.129	9.8
15:38:45.142	9.9
15:38:45.154	12.0
15:38:45.162	11.5
15:38:45.174	13.7
15:38:45.187	17.0
15:38:45.199	19.4
15:38:45.207	23.9
15:38:45.220	24.6
15:38:45.232	27.2
15:38:45.240	28.1
15:38:45.252	30.7
15:38:45.265	31.3
15:38:45.273	33.3
15:38:45.285	33.2
15:38:45.297	32.2
15:38:45.310	31.9
15:38:45.318	29.2
15:38:45.330	32.2
15:38:45.342	32.7
15:38:45.351	32.9
15:38:45.363	33.7
15:38:45.376	34.4
15:38:45.384	35.3
15:38:45.396	37.0
15:38:45.408	40.2
15:38:45.417	40.0
15:38:45.429	40.1
15:38:45.441	38.8
15:38:45.453	38.5
15:38:45.462	38.1
15:38:45.474	36.3
15:38:45.486	34.9
15:38:45.494	36.4
15:38:45.507	34.1
15:38:45.519	32.0
15:38:45.527	32.6
15:38:45.539	32.9
15:38:45.552	33.4
15:38:45.560	33.4
15:38:45.572	35.9
15:38:45.584	37.5
15:38:45.597	37.9
15:38:45.605	36.0
15:38:45.617	37.6
15:38:45.629	37.0
15:38:45.638	39.1
15:38:45.650	39.7
15:38:45.662	40.4
15:38:45.670	41.3
15:38:45.683	40.0
15:38:45.695	40.9
15:38:45.707	42.7
15:38:45.715	46.2
15:38:45.728	46.6
15:38:45.740	49.0
15:38:45.748	48.4
15:38:45.761	49.6
15:38:45.773	49.0
15:38:45.781	51.3
15:38:45.793	52.5
15:38:45.806	52.4
15:38:45.814	52.0
15:38:45.826	50.1
15:38:45.838	48.5
15:38:45.847	47.4
15:38:45.859	48.4
15:38:45.871	48.8
15:38:45.883	50.9
15:38:45.892	50.7
15:38:45.904	50.9
15:38:45.916	52.2
15:38:45.924	52.1
15:38:45.937	53.9
15:38:45.949	56.4
15:38:45.961	57.9
15:38:45.969	61.5
15:38:45.982	64.0
15:38:45.994	66.3
15:38:46.002	68.4
15:38:46.014	73.3
15:38:46.027	75.3
15:38:46.035	76.8
15:38:46.047	79.9
15:38:46.060	82.1
15:38:46.068	85.1
15:38:46.080	84.8
15:38:46.092	86.0
15:38:46.100	86.1
15:38:46.113	88.3
15:38:46.125	89.0
15:38:46.137	91.7
15:38:46.145	96.7
15:38:46.158	98.9
15:38:46.170	103.2
15:38:46.178	105.9
15:38:46.190	110.0
15:38:46.203	113.0
15:38:46.211	116.4
15:38:46.223	117.5
15:38:46.236	116.3
15:38:46.248	116.0
15:38:46.256	114.7
15:38:46.268	113.1
15:38:46.281	112.0
15:38:46.289	112.4
15:38:46.301	111.2
15:38:46.313	109.0
15:38:46.322	108.2
15:38:46.334	105.7
15:38:46.346	105.4
15:38:46.354	104.4
15:38:46.367	105.2
15:38:46.379	105.5
15:38:46.391	106.1
15:38:46.399	104.3
15:38:46.412	103.3
15:38:46.424	103.2
15:38:46.432	100.6
15:38:46.444	101.4
15:38:46.457	101.2
15:38:46.465	100.4
15:38:46.477	96.4
15:38:46.489	96.4
15:38:46.498	94.1
15:38:46.510	94.2
15:38:46.522	92.4
15:38:46.530	91.9
15:38:46.543	92.1
15:38:46.555	91.0
15:38:46.567	89.7
15:38:46.575	88.6
15:38:46.588	90.6
15:38:46.600	90.9
15:38:46.608	90.0
15:38:46.620	89.2
15:38:46.633	88.7
15:38:46.645	88.0
15:38:46.653	85.6
15:38:46.665	86.6
15:38:46.678	85.7
15:38:46.686	85.0
15:38:46.699	86.2
15:38:46.711	83.9
15:38:46.719	83.4
15:38:46.731	82.4
15:38:46.744	81.2
15:38:46.752	79.3
15:38:46.764	80.1
15:38:46.776	77.9
15:38:46.785	77.2
15:38:46.797	76.9
15:38:46.809	73.8
15:38:46.821	73.1
15:38:46.830	74.0
15:38:46.842	72.4
15:38:46.854	73.1
15:38:46.862	72.3
15:38:46.875	71.4
15:38:46.887	69.6
15:38:46.899	69.4
15:38:46.907	68.8
15:38:46.920	67.3
15:38:46.932	65.9
15:38:46.940	64.0
15:38:46.953	64.8
15:38:46.965	63.0
15:38:46.977	63.0
15:38:46.985	62.2
15:38:46.998	63.4
15:38:47.010	62.9
15:38:47.018	60.9
15:38:47.030	61.4
15:38:47.043	61.3
15:38:47.051	61.1
15:38:47.063	58.7
15:38:47.075	58.4
15:38:47.084	58.0
15:38:47.096	58.1
15:38:47.108	55.0
15:38:47.120	54.2
15:38:47.129	54.6
15:38:47.141	53.9
15:38:47.153	54.4
15:38:47.161	52.3
15:38:47.174	51.6
15:38:47.186	50.5
15:38:47.194	48.6
15:38:47.206	47.3
15:38:47.219	48.2
15:38:47.231	47.4
15:38:47.239	47.7
15:38:47.251	46.5
15:38:47.264	44.4
15:38:47.272	44.0
15:38:47.284	43.1
15:38:47.296	41.9
15:38:47.305	41.0
15:38:47.317	39.9
15:38:47.329	38.0
15:38:47.337	37.6
15:38:47.350	37.1
15:38:47.362	36.8
15:38:47.374	35.6
15:38:47.382	32.6
15:38:47.395	30.7
15:38:47.407	29.9
15:38:47.415	31.1
15:38:47.427	29.6
15:38:47.439	27.4
15:38:47.448	26.9
15:38:47.460	24.9
15:38:47.472	24.5
15:38:47.480	24.3
15:38:47.493	24.7
15:38:47.505	24.0
15:38:47.517	22.3
15:38:47.525	18.5
15:38:47.538	19.1
15:38:47.550	20.5
15:38:47.558	18.7
15:38:47.570	17.6
15:38:47.583	16.1
15:38:47.591	14.7
15:38:47.603	13.5
15:38:47.615	13.4
15:38:47.628	13.5
15:38:47.636	13.7
15:38:47.648	12.5
15:38:47.660	10.1
15:38:47.669	9.7
15:38:47.681	11.0
15:38:47.693	9.0
15:38:47.701	6.3
15:38:47.714	4.4
15:38:47.726	-1.3
15:38:47.734	-9.1
15:38:47.746	-16.0
15:38:47.759	-23.3
15:38:47.767	-28.3
15:38:47.779	-35.0
15:38:47.792	-42.4
15:38:47.804	-49.5
15:38:47.812	-54.1
15:38:47.824	-59.7
15:38:47.837	-61.3
15:38:47.845	-61.8
15:38:47.857	-62.4
15:38:47.869	-65.3
15:38:47.882	-66.3
15:38:47.890	-68.3
15:38:47.902	-72.6
15:38:47.914	-74.7
15:38:47.923	-77.6
15:38:47.935	-80.2
15:38:47.947	-82.5
15:38:47.955	-83.9
15:38:47.968	-84.9
15:38:47.980	-85.2
15:38:47.988	-87.8
15:38:48.001	-88.1
15:38:48.013	-88.2
15:38:48.021	-88.9
15:38:48.033	-88.2
15:38:48.046	-87.7
15:38:48.058	-87.4
15:38:48.066	-87.4
15:38:48.078	-86.1
15:38:48.091	-84.6
15:38:48.099	-85.3
15:38:48.111	-85.1
15:38:48.123	-85.0
15:38:48.132	-86.2
15:38:48.144	-90.4
15:38:48.156	-91.7
15:38:48.169	-93.4
15:38:48.177	-97.0
15:38:48.189	-100.3
15:38:48.201	-103.3
15:38:48.209	-103.2
15:38:48.222	-105.5
15:38:48.234	-106.4
15:38:48.242	-106.0
15:38:48.255	-102.6
15:38:48.267	-102.6
15:38:48.275	-104.8
15:38:48.288	-101.7
15:38:48.300	-100.7
15:38:48.312	-101.6
15:38:48.320	-102.4
15:38:48.333	-103.4
15:38:48.345	-102.5
15:38:48.353	-101.7
15:38:48.365	-104.2
15:38:48.378	-104.0
15:38:48.386	-101.4
15:38:48.398	-102.8
15:38:48.410	-103.0
15:38:48.419	-101.7
15:38:48.431	-103.1
15:38:48.443	-102.7
15:38:48.451	-104.1
15:38:48.464	-103.8
15:38:48.476	-103.0
15:38:48.488	-101.8
15:38:48.496	-100.9
15:38:48.509	-98.4
15:38:48.521	-96.7
15:38:48.529	-95.5
15:38:48.541	-93.2
15:38:48.554	-92.1
15:38:48.566	-89.6
15:38:48.574	-86.8
15:38:48.586	-85.7
15:38:48.599	-84.5
15:38:48.607	-84.0
15:38:48.619	-82.5
15:38:48.632	-83.5
15:38:48.640	-80.7
15:38:48.652	-80.1
15:38:48.664	-77.9
15:38:48.673	-78.0
15:38:48.685	-77.5
15:38:48.697	-76.3
15:38:48.705	-75.2
15:38:48.718	-74.1
15:38:48.730	-73.6
15:38:48.742	-71.3
15:38:48.750	-70.8
15:38:48.763	-67.3
15:38:48.775	-65.7
15:38:48.783	-62.2
15:38:48.795	-63.0
15:38:48.808	-61.8
15:38:48.820	-59.3
15:38:48.828	-58.7
15:38:48.840	-59.4
15:38:48.853	-59.8
15:38:48.861	-60.5
15:38:48.873	-61.8
15:38:48.885	-61.3
15:38:48.894	-62.5
15:38:48.906	-61.2
15:38:48.918	-59.9
15:38:48.930	-59.1
15:38:48.939	-56.9
15:38:48.951	-55.6
15:38:48.963	-52.2
15:38:48.971	-51.4
15:38:48.984	-49.6
15:38:48.996	-48.8
15:38:49.004	-47.1
15:38:49.017	-45.4
15:38:49.029	-41.5
15:38:49.041	-42.5
15:38:49.049	-41.2
15:38:49.061	-41.1
15:38:49.074	-42.2
15:38:49.082	-41.0
15:38:49.094	-39.4
15:38:49.107	-37.0
15:38:49.115	-36.4
15:38:49.127	-36.6
15:38:49.139	-37.9
15:38:49.152	-34.6
15:38:49.160	-34.3
15:38:49.172	-33.4
15:38:49.184	-30.8
15:38:49.193	-29.6
15:38:49.205	-29.3
15:38:49.217	-29.5
15:38:49.225	-30.3
15:38:49.238	-29.1
15:38:49.250	-27.8
15:38:49.258	-29.4
15:38:49.270	-29.6
15:38:49.283	-29.3
15:38:49.295	-30.6
15:38:49.303	-29.3
15:38:49.315	-29.3
15:38:49.328	-27.5
15:38:49.336	-25.9
15:38:49.348	-25.0
15:38:49.360	-25.7
15:38:49.369	-25.6
15:38:49.381	-23.2
15:38:49.393	-21.0
15:38:49.401	-19.2
15:38:49.414	-19.1
15:38:49.426	-18.7
15:38:49.438	-19.8
15:38:49.446	-18.3
15:38:49.459	-18.6
15:38:49.471	-17.1
15:38:49.479	-15.6
15:38:49.491	-17.1
15:38:49.504	-14.9
15:38:49.512	-12.2
15:38:49.524	-10.1
15:38:49.537	-8.1
15:38:49.549	-4.1
15:38:49.557	-2.8
15:38:49.569	0.1
15:38:49.581	2.2
15:38:49.590	3.6
15:38:49.602	6.1
15:38:49.614	6.4
15:38:49.622	6.3
15:38:49.635	5.8
15:38:49.647	7.5
15:38:49.655	4.3
15:38:49.667	4.3
15:38:49.680	5.1
15:38:49.688	4.0
15:38:49.700	4.2
15:38:49.713	3.6
15:38:49.725	3.9
15:38:49.733	3.7
15:38:49.745	6.2
15:38:49.758	7.3
15:38:49.766	11.4
15:38:49.778	14.3
15:38:49.790	17.0
15:38:49.803	17.6
15:38:49.811	21.2
15:38:49.823	23.9
15:38:49.835	24.6
15:38:49.844	27.0
15:38:49.856	27.2
15:38:49.868	28.6
15:38:49.876	29.2
15:38:49.889	31.3
15:38:49.901	32.0
15:38:49.909	36.4
15:38:49.921	37.2
15:38:49.934	40.2
15:38:49.942	44.0
15:38:49.954	47.7
15:38:49.966	51.3
15:38:49.979	53.0
15:38:49.987	54.3
15:38:49.999	54.0
15:38:50.012	54.8
15:38:50.020	54.0
15:38:50.032	54.1
15:38:50.044	52.9
15:38:50.052	51.9
15:38:50.065	49.5
15:38:50.077	49.3
15:38:50.089	50.4
15:38:50.098	50.0
15:38:50.110	50.6
15:38:50.122	51.0
15:38:50.130	52.3
15:38:50.143	52.0
15:38:50.155	52.0
15:38:50.163	53.8
15:38:50.175	53.9
15:38:50.188	54.4
15:38:50.196	53.3
15:38:50.208	57.3
15:38:50.220	60.2
15:38:50.233	63.0
15:38:50.241	67.5
15:38:50.253	72.5
15:38:50.265	80.1
15:38:50.274	84.3
15:38:50.286	90.7
15:38:50.298	94.9
15:38:50.306	99.9
15:38:50.319	102.7
15:38:50.331	105.4
15:38:50.339	108.9
15:38:50.352	108.2
15:38:50.364	108.1
15:38:50.372	106.0
15:38:50.384	104.9
15:38:50.397	104.3
15:38:50.409	104.5
15:38:50.417	105.1
15:38:50.429	103.4
15:38:50.442	101.3
15:38:50.450	98.9
15:38:50.462	99.2
15:38:50.474	101.8
15:38:50.487	103.4
15:38:50.495	102.6
15:38:50.507	102.0
15:38:50.519	99.8
15:38:50.528	98.0
15:38:50.540	97.5
15:38:50.552	98.4
15:38:50.560	96.9
15:38:50.573	97.5
15:38:50.585	92.8
15:38:50.593	90.9
15:38:50.605	94.1
15:38:50.618	94.2
15:38:50.626	94.7
15:38:50.638	95.5
15:38:50.651	96.6
15:38:50.663	95.6
15:38:50.671	100.1
15:38:50.683	99.3
15:38:50.696	100.2
15:38:50.704	99.9
15:38:50.716	97.0
15:38:50.729	96.2
15:38:50.740	96.8
15:38:50.748	97.1
15:38:50.761	95.9
15:38:50.773	95.8
15:38:50.781	91.8
15:38:50.794	90.7
15:38:50.806	92.6
15:38:50.814	92.5
15:38:50.826	91.6
15:38:50.839	91.5
15:38:50.847	91.8
15:38:50.859	89.8
15:38:50.871	90.6
15:38:50.884	88.7
15:38:50.892	86.6
15:38:50.904	87.7
15:38:50.916	87.0
15:38:50.925	88.9
15:38:50.937	91.1
15:38:50.949	94.3
15:38:50.961	93.6
15:38:50.970	95.7
15:38:50.982	96.4
15:38:50.994	99.1
15:38:51.002	102.1
15:38:51.015	102.9
15:38:51.027	103.6
15:38:51.035	102.6
15:38:51.047	104.6
15:38:51.060	101.8
15:38:51.072	101.9
15:38:51.080	100.6
15:38:51.092	98.4
15:38:51.105	97.1
15:38:51.113	97.1
15:38:51.125	95.3
15:38:51.138	93.5
15:38:51.146	93.7
15:38:51.158	90.5
15:38:51.171	89.6
15:38:51.179	89.2
15:38:51.191	88.4
15:38:51.203	87.6
15:38:51.216	86.6
15:38:51.224	84.8
15:38:51.236	84.4
15:38:51.248	84.1
15:38:51.257	82.4
15:38:51.269	80.3
15:38:51.281	78.4
15:38:51.289	77.0
15:38:51.302	77.2
15:38:51.314	77.8
15:38:51.322	77.2
15:38:51.335	74.9
15:38:51.347	74.7
15:38:51.359	75.1
15:38:51.367	76.4
15:38:51.380	76.6
15:38:51.392	76.6
15:38:51.400	75.8
15:38:51.412	72.9
15:38:51.425	68.9
15:38:51.433	66.9
15:38:51.445	69.5
15:38:51.457	68.6
15:38:51.470	67.8
15:38:51.478	64.4
15:38:51.490	64.5
15:38:51.502	64.3
15:38:51.511	64.8
15:38:51.523	65.1
15:38:51.535	66.1
15:38:51.543	67.5
15:38:51.556	64.6
15:38:51.568	64.6
15:38:51.576	62.1
15:38:51.588	62.7
15:38:51.601	61.2
15:38:51.609	58.5
15:38:51.621	55.2
15:38:51.633	54.4
15:38:51.646	52.7
15:38:51.654	53.3
15:38:51.666	51.7
15:38:51.678	50.5
15:38:51.687	51.0
15:38:51.699	48.1
15:38:51.711	46.8
15:38:51.724	47.1
15:38:51.732	48.4
15:38:51.744	45.6
15:38:51.756	45.8
15:38:51.764	42.9
15:38:51.777	43.3
15:38:51.789	40.1
15:38:51.797	36.1
15:38:51.810	34.4
15:38:51.822	31.7
15:38:51.830	28.9
15:38:51.843	26.6
15:38:51.855	26.5
15:38:51.863	25.2
15:38:51.875	24.9
15:38:51.888	24.5
15:38:51.900	23.1
15:38:51.908	24.3
15:38:51.920	22.5
15:38:51.933	23.1
15:38:51.941	23.8
15:38:51.953	23.5
15:38:51.965	24.0
15:38:51.974	23.1
15:38:51.986	20.5
15:38:51.998	20.0
15:38:52.010	19.3
15:38:52.019	18.0
15:38:52.031	18.1
15:38:52.043	17.6
15:38:52.051	15.4
15:38:52.064	13.4
15:38:52.075	10.8
15:38:52.084	9.5
15:38:52.096	9.6
15:38:52.108	6.7
15:38:52.116	6.2
15:38:52.129	3.1
15:38:52.141	3.1
15:38:52.153	1.6
15:38:52.161	0.5
15:38:52.174	-1.0
15:38:52.186	-3.0
15:38:52.194	-4.4
15:38:52.206	-7.1
15:38:52.219	-9.0
15:38:52.227	-11.8
15:38:52.239	-13.5
15:38:52.252	-15.5
15:38:52.260	-19.2
15:38:52.272	-23.1
15:38:52.285	-27.1
15:38:52.293	-32.6
15:38:52.306	-38.8
15:38:52.317	-45.7
15:38:52.331	-51.4
15:38:52.339	-55.7
15:38:52.351	-60.5
15:38:52.363	-67.0
15:38:52.371	-73.4
15:38:52.384	-74.8
15:38:52.396	-78.0
15:38:52.408	-80.1
15:38:52.416	-82.2
15:38:52.429	-83.6
15:38:52.441	-88.0
15:38:52.449	-91.7
15:38:52.461	-94.2
15:38:52.474	-96.9
15:38:52.482	-97.3
15:38:52.493	-99.7
15:38:52.507	-101.5
15:38:52.514	-101.1
15:38:52.526	-102.6
15:38:52.539	-103.1
15:38:52.547	-101.4
15:38:52.559	-101.3
15:38:52.571	-102.2
15:38:52.583	-103.5
15:38:52.592	-104.6
15:38:52.604	-105.1
15:38:52.616	-105.9
15:38:52.628	-108.1
15:38:52.637	-109.8
15:38:52.649	-110.3
15:38:52.661	-110.9
15:38:52.669	-112.0
15:38:52.682	-111.6
15:38:52.694	-111.1
15:38:52.706	-109.6
15:38:52.715	-110.5
15:38:52.727	-110.3
15:38:52.739	-109.9
15:38:52.747	-109.2
15:38:52.760	-110.2
15:38:52.772	-110.5
15:38:52.780	-109.3
15:38:52.792	-109.2
15:38:52.805	-107.8
15:38:52.813	-107.1
15:38:52.825	-106.2
15:38:52.837	-103.6
15:38:52.846	-101.8
15:38:52.858	-98.6
15:38:52.870	-96.8
15:38:52.882	-94.5
15:38:52.891	-91.7
15:38:52.903	-90.4
15:38:52.915	-88.7
15:38:52.923	-88.1
15:38:52.936	-86.0
15:38:52.948	-85.9
15:38:52.956	-85.5
15:38:52.968	-83.8
15:38:52.981	-82.3
15:38:52.993	-82.4
15:38:53.001	-81.7
15:38:53.013	-81.6
15:38:53.026	-79.0
15:38:53.034	-78.5
15:38:53.046	-78.5
15:38:53.058	-77.7
15:38:53.067	-74.5
15:38:53.079	-75.3
15:38:53.091	-72.8
15:38:53.099	-70.2
15:38:53.112	-69.9
15:38:53.124	-65.9
15:38:53.136	-65.7
15:38:53.144	-63.2
15:38:53.157	-62.8
15:38:53.169	-61.9
15:38:53.177	-62.4
15:38:53.190	-61.0
15:38:53.202	-60.7
15:38:53.210	-61.6
15:38:53.222	-60.3
15:38:53.234	-61.2
15:38:53.243	-61.5
15:38:53.255	-61.5
15:38:53.267	-60.8
15:38:53.280	-60.8
15:38:53.288	-60.9
15:38:53.300	-60.6
15:38:53.312	-59.8
15:38:53.321	-58.3
15:38:53.333	-57.4
15:38:53.345	-55.8
15:38:53.353	-55.9
15:38:53.366	-55.8
15:38:53.378	-55.2
15:38:53.390	-53.4
15:38:53.399	-51.6
15:38:53.411	-51.0
15:38:53.423	-50.2
15:38:53.431	-49.8
15:38:53.444	-50.2
15:38:53.456	-50.8
15:38:53.464	-49.2
15:38:53.477	-48.0
15:38:53.489	-47.3
15:38:53.497	-46.5
15:38:53.509	-46.9
15:38:53.522	-45.3
15:38:53.530	-44.0
15:38:53.542	-42.8
15:38:53.555	-42.5
15:38:53.567	-39.4
15:38:53.575	-39.0
15:38:53.587	-35.6
15:38:53.600	-33.9
15:38:53.608	-34.9
15:38:53.620	-33.7
15:38:53.632	-34.1
15:38:53.645	-32.8
15:38:53.653	-32.2
15:38:53.665	-27.7
15:38:53.677	-26.2
15:38:53.686	-14.5
15:38:53.698	-4.9
15:38:53.710	12.5
15:38:53.718	33.1
15:38:53.731	57.5
15:38:53.743	82.2
15:38:53.751	105.1
15:38:53.764	132.0
15:38:53.776	156.1
15:38:53.784	182.6
15:38:53.796	201.0
15:38:53.808	218.5
15:38:53.821	230.8
15:38:53.829	240.0
15:38:53.841	245.0
15:38:53.854	250.3
15:38:53.862	255.0
15:38:53.874	256.4
15:38:53.886	262.8
15:38:53.894	268.1
15:38:53.907	275.2
15:38:53.919	282.5
15:38:53.931	287.3
15:38:53.939	293.4
15:38:53.952	298.8
15:38:53.964	304.6
15:38:53.972	310.5
15:38:53.984	317.9
15:38:53.997	319.4
15:38:54.005	320.7
15:38:54.017	317.9
15:38:54.030	314.8
15:38:54.038	314.0
15:38:54.050	310.7
15:38:54.062	307.8
15:38:54.075	304.2
15:38:54.083	301.0
15:38:54.095	295.2
15:38:54.108	290.7
15:38:54.116	284.2
15:38:54.128	280.6
15:38:54.140	276.3
15:38:54.149	271.5
15:38:54.161	269.2
15:38:54.173	265.4
15:38:54.181	262.8
15:38:54.194	257.6
15:38:54.206	255.9
15:38:54.214	252.7
15:38:54.226	250.4
15:38:54.239	247.9
15:38:54.251	244.6
15:38:54.259	242.2
15:38:54.271	238.1
15:38:54.284	237.9
15:38:54.292	235.9
15:38:54.304	234.6
15:38:54.316	233.0
15:38:54.329	231.5
15:38:54.337	230.3
15:38:54.349	227.0
15:38:54.361	225.3
15:38:54.370	222.8
15:38:54.382	221.4
15:38:54.394	216.5
15:38:54.402	215.6
15:38:54.415	215.2
15:38:54.427	212.9
15:38:54.435	209.4
15:38:54.447	207.6
15:38:54.460	206.6
15:38:54.468	203.6
15:38:54.480	201.7
15:38:54.493	200.9
15:38:54.505	201.3
15:38:54.513	197.9
15:38:54.525	195.2
15:38:54.538	192.3
15:38:54.546	190.8
15:38:54.558	188.5
15:38:54.570	187.2
15:38:54.583	186.6
15:38:54.591	184.7
15:38:54.603	183.2
15:38:54.615	179.8
15:38:54.628	177.6
15:38:54.636	174.4
15:38:54.648	172.5
15:38:54.660	168.0
15:38:54.669	166.4
15:38:54.681	163.0
15:38:54.693	161.0
15:38:54.701	160.1
15:38:54.714	157.3
15:38:54.726	155.6
15:38:54.734	152.1
15:38:54.746	149.9
15:38:54.759	146.6
15:38:54.767	145.9
15:38:54.779	140.8
15:38:54.791	137.4
15:38:54.804	133.5
15:38:54.812	128.3
15:38:54.824	125.6
15:38:54.837	119.8
15:38:54.845	119.2
15:38:54.857	115.8
15:38:54.869	113.8
15:38:54.878	110.6
15:38:54.890	107.6
15:38:54.902	103.8
15:38:54.914	101.1
15:38:54.923	100.6
15:38:54.935	95.8
15:38:54.947	95.2
15:38:54.955	89.7
15:38:54.968	86.4
15:38:54.980	81.5
15:38:54.988	79.1
15:38:55.000	76.4
15:38:55.013	75.2
15:38:55.021	72.8
15:38:55.033	68.3
15:38:55.046	66.2
15:38:55.058	63.1
15:38:55.066	60.4
15:38:55.078	59.7
15:38:55.091	58.5
15:38:55.099	56.8
15:38:55.111	54.5
15:38:55.123	51.2
15:38:55.132	48.7
15:38:55.144	49.6
15:38:55.156	48.1
15:38:55.164	45.5
15:38:55.177	43.8
15:38:55.189	41.2
15:38:55.201	39.6
15:38:55.209	35.8
15:38:55.222	37.4
15:38:55.234	34.9
15:38:55.242	32.7
15:38:55.254	28.0
15:38:55.267	25.1
15:38:55.275	23.1
15:38:55.287	20.6
15:38:55.299	18.2
15:38:55.312	15.5
15:38:55.320	14.0
15:38:55.332	9.4
15:38:55.344	9.6
15:38:55.353	7.3
15:38:55.365	6.2
15:38:55.377	3.9
15:38:55.385	1.9
15:38:55.398	0.6
15:38:55.410	-2.1
15:38:55.418	-5.6
15:38:55.431	-10.6
15:38:55.443	-16.9
15:38:55.451	-27.3
15:38:55.463	-36.2
15:38:55.476	-46.3
15:38:55.488	-55.7
15:38:55.496	-63.9
15:38:55.508	-72.9
15:38:55.521	-83.1
15:38:55.529	-90.5
15:38:55.541	-96.3
15:38:55.553	-101.1
15:38:55.566	-105.1
15:38:55.574	-108.6
15:38:55.586	-112.0
15:38:55.598	-114.9
15:38:55.607	-119.6
15:38:55.619	-125.0
15:38:55.631	-129.8
15:38:55.639	-135.7
15:38:55.652	-138.8
15:38:55.664	-143.4
15:38:55.672	-145.5
15:38:55.684	-149.2
15:38:55.697	-154.6
15:38:55.705	-157.8
15:38:55.717	-159.2
15:38:55.730	-159.4
15:38:55.742	-159.1
15:38:55.750	-158.0
15:38:55.762	-158.6
15:38:55.774	-160.0
15:38:55.783	-162.3
15:38:55.795	-165.8
15:38:55.807	-170.0
15:38:55.815	-175.2
15:38:55.828	-180.6
15:38:55.840	-186.7
15:38:55.852	-192.0
15:38:55.860	-198.2
15:38:55.873	-204.8
15:38:55.885	-210.6
15:38:55.893	-214.7
15:38:55.906	-216.1
15:38:55.918	-216.1
15:38:55.926	-217.3
15:38:55.938	-218.3
15:38:55.951	-219.5
15:38:55.959	-220.8
15:38:55.971	-222.4
15:38:55.983	-224.1
15:38:55.996	-223.7
15:38:56.004	-224.5
15:38:56.016	-224.5
15:38:56.028	-224.4
15:38:56.037	-224.1
15:38:56.049	-221.9
15:38:56.061	-220.9
15:38:56.069	-219.4
15:38:56.082	-217.3
15:38:56.094	-216.1
15:38:56.102	-216.5
15:38:56.114	-215.6
15:38:56.127	-216.4
15:38:56.135	-217.2
15:38:56.147	-215.0
15:38:56.159	-218.7
15:38:56.172	-218.6
15:38:56.180	-220.9
15:38:56.192	-221.1
15:38:56.204	-219.7
15:38:56.213	-218.1
15:38:56.225	-218.6
15:38:56.237	-217.8
15:38:56.249	-215.1
15:38:56.258	-216.1
15:38:56.270	-213.1
15:38:56.283	-212.4
15:38:56.291	-208.1
15:38:56.303	-206.4
15:38:56.315	-207.0
15:38:56.324	-205.7
15:38:56.336	-203.9
15:38:56.348	-203.2
15:38:56.356	-201.7
15:38:56.369	-196.7
15:38:56.381	-194.6
15:38:56.389	-192.7
15:38:56.401	-189.4
15:38:56.414	-187.3
15:38:56.426	-183.9
15:38:56.434	-181.6
15:38:56.446	-179.4
15:38:56.459	-175.7
15:38:56.467	-175.6
15:38:56.479	-177.0
15:38:56.491	-175.4
15:38:56.504	-172.5
15:38:56.512	-172.2
15:38:56.524	-170.2
15:38:56.536	-166.8
15:38:56.549	-164.3
15:38:56.557	-160.2
15:38:56.569	-158.8
15:38:56.581	-155.3
15:38:56.590	-153.4
15:38:56.602	-151.8
15:38:56.614	-149.1
15:38:56.622	-147.6
15:38:56.635	-147.2
15:38:56.647	-147.5
15:38:56.655	-148.2
15:38:56.667	-147.8
15:38:56.680	-145.0
15:38:56.688	-143.4
15:38:56.700	-141.3
15:38:56.713	-139.4
15:38:56.725	-137.3
15:38:56.733	-136.5
15:38:56.745	-133.4
15:38:56.757	-131.2
15:38:56.766	-126.6
15:38:56.778	-125.5
15:38:56.790	-124.8
15:38:56.799	-122.7
15:38:56.811	-119.8
15:38:56.823	-118.4
15:38:56.835	-118.3
15:38:56.844	-115.0
15:38:56.856	-115.4
15:38:56.868	-113.6
15:38:56.876	-113.5
15:38:56.889	-111.0
15:38:56.901	-109.4
15:38:56.909	-109.5
15:38:56.921	-108.9
15:38:56.934	-106.2
15:38:56.942	-103.9
15:38:56.954	-103.2
15:38:56.966	-98.9
15:38:56.979	-97.8
15:38:56.987	-97.6
15:38:56.999	-98.2
15:38:57.011	-97.3
15:38:57.020	-93.6
15:38:57.032	-91.6
15:38:57.044	-89.7
15:38:57.052	-89.6
15:38:57.065	-87.0
15:38:57.077	-87.7
15:38:57.085	-86.8
15:38:57.097	-85.0
15:38:57.110	-83.3
15:38:57.122	-82.0
15:38:57.130	-83.0
15:38:57.143	-81.6
15:38:57.155	-81.5
15:38:57.163	-79.5
15:38:57.175	-81.1
15:38:57.188	-78.7
15:38:57.196	-77.0
15:38:57.208	-76.0
15:38:57.220	-73.7
15:38:57.233	-72.3
15:38:57.241	-68.8
15:38:57.253	-68.7
15:38:57.265	-68.2
15:38:57.273	-65.8
15:38:57.286	-64.2
15:38:57.298	-63.5
15:38:57.306	-61.1
15:38:57.319	-59.9
15:38:57.331	-60.1
15:38:57.339	-58.5
15:38:57.351	-59.9
15:38:57.364	-59.1
15:38:57.372	-56.6
15:38:57.384	-57.6
15:38:57.396	-56.5
15:38:57.409	-56.5
15:38:57.417	-57.1
15:38:57.429	-55.8
15:38:57.441	-54.0
15:38:57.450	-54.1
15:38:57.462	-52.9
15:38:57.474	-51.6
15:38:57.487	-51.6
15:38:57.495	-50.9
15:38:57.507	-49.5
15:38:57.519	-50.0
15:38:57.528	-49.3
15:38:57.540	-48.6
15:38:57.552	-47.2
15:38:57.560	-41.9
15:38:57.573	-36.6
15:38:57.585	-31.9
15:38:57.593	-29.5
15:38:57.605	-25.5
15:38:57.618	-21.8
15:38:57.626	-16.3
15:38:57.638	-12.6
15:38:57.650	-9.9
15:38:57.663	-7.5
15:38:57.671	-8.3
15:38:57.683	-8.0
15:38:57.695	-8.6
15:38:57.704	-6.2
15:38:57.716	-6.3
15:38:57.728	-6.1
15:38:57.736	-5.6
15:38:57.749	-4.4
15:38:57.761	-1.5
15:38:57.773	-0.6
15:38:57.782	0.8
15:38:57.794	0.1
15:38:57.806	0.5
15:38:57.814	1.3
15:38:57.826	3.2
15:38:57.839	3.0
15:38:57.847	2.8
15:38:57.859	3.1
15:38:57.871	2.6
15:38:57.880	3.3
15:38:57.892	2.2
15:38:57.904	1.3
15:38:57.917	2.4
15:38:57.925	0.8
15:38:57.937	-0.3
15:38:57.949	0.6
15:38:57.958	2.0
15:38:57.970	0.3
15:38:57.982	-0.3
15:38:57.990	-0.4
15:38:58.003	0.6
15:38:58.015	4.2
15:38:58.023	4.0
15:38:58.035	5.4
15:38:58.048	6.9
15:38:58.056	7.3
15:38:58.068	6.9
15:38:58.080	9.0
15:38:58.093	12.1
15:38:58.101	13.2
15:38:58.113	15.0
15:38:58.125	14.4
15:38:58.134	15.7
15:38:58.146	17.3
15:38:58.158	17.8
15:38:58.170	18.4
15:38:58.179	18.7
15:38:58.191	18.8
15:38:58.203	19.1
15:38:58.211	19.4
15:38:58.224	20.6
15:38:58.236	22.2
15:38:58.244	21.7
15:38:58.256	20.7
15:38:58.269	20.7
15:38:58.277	21.6
15:38:58.289	22.5
15:38:58.301	25.7
15:38:58.310	23.6
15:38:58.322	25.6
15:38:58.334	24.8
15:38:58.347	24.1
15:38:58.355	24.5
15:38:58.367	25.7
15:38:58.379	27.3
15:38:58.387	28.1
15:38:58.400	30.5
15:38:58.412	31.0
15:38:58.424	34.0
15:38:58.432	34.7
15:38:58.445	33.1
15:38:58.457	34.9
15:38:58.465	36.3
15:38:58.478	36.4
15:38:58.490	37.7
15:38:58.498	38.5
15:38:58.510	40.8
15:38:58.523	45.3
15:38:58.531	48.4
15:38:58.543	51.7
15:38:58.555	56.8
15:38:58.564	59.7
15:38:58.576	62.3
15:38:58.588	67.2
15:38:58.600	68.9
15:38:58.609	71.7
15:38:58.621	71.2
15:38:58.633	66.7
15:38:58.641	64.7
15:38:58.654	63.3
15:38:58.666	62.9
15:38:58.674	60.9
15:38:58.686	62.7
15:38:58.699	59.2
15:38:58.707	59.2
15:38:58.719	58.0
15:38:58.732	58.0
15:38:58.744	58.7
15:38:58.756	59.4
15:38:58.764	59.2
15:38:58.777	58.2
15:38:58.789	60.1
15:38:58.797	57.9
15:38:58.809	59.8
15:38:58.822	59.6
15:38:58.830	58.7
15:38:58.842	59.6
15:38:58.854	57.8
15:38:58.863	58.1
15:38:58.875	56.5
15:38:58.887	55.9
15:38:58.899	53.7
15:38:58.908	52.9
15:38:58.920	51.1
15:38:58.932	50.4
15:38:58.940	51.0
15:38:58.953	49.1
15:38:58.965	51.1
15:38:58.973	47.9
15:38:58.985	47.5
15:38:58.998	48.6
15:38:59.006	47.4
15:38:59.018	46.5
15:38:59.030	46.1
15:38:59.043	45.2
15:38:59.051	44.9
15:38:59.063	44.6
15:38:59.075	43.2
15:38:59.084	43.6
15:38:59.096	44.5
15:38:59.108	42.7
15:38:59.116	42.1
15:38:59.129	41.7
15:38:59.141	43.0
15:38:59.153	43.1
15:38:59.161	43.6
15:38:59.174	42.0
15:38:59.186	40.0
15:38:59.194	40.9
15:38:59.207	38.4
15:38:59.219	39.6
15:38:59.227	40.0
15:38:59.239	40.2
15:38:59.252	38.2
15:38:59.260	37.1
15:38:59.272	36.3
15:38:59.284	35.6
15:38:59.293	34.7
15:38:59.305	33.0
15:38:59.317	33.3
15:38:59.329	32.4
15:38:59.338	30.7
15:38:59.350	29.8
15:38:59.362	28.1
15:38:59.370	27.0
15:38:59.383	25.2
15:38:59.395	24.4
15:38:59.407	25.5
15:38:59.415	24.8
15:38:59.428	23.6
15:38:59.440	22.4
15:38:59.448	21.3
15:38:59.460	19.0
15:38:59.473	18.7
15:38:59.481	20.0
15:38:59.493	17.0
15:38:59.505	18.0
15:38:59.514	17.2
15:38:59.526	15.8
15:38:59.538	16.8
15:38:59.546	15.9
15:38:59.559	18.4
15:38:59.571	18.7
15:38:59.583	19.5
15:38:59.591	16.5
15:38:59.604	18.0
15:38:59.616	16.7
15:38:59.624	15.2
15:38:59.636	16.0
15:38:59.649	13.3
15:38:59.657	13.0
15:38:59.669	11.9
15:38:59.682	13.2
15:38:59.694	12.6
15:38:59.702	13.4
15:38:59.714	13.0
15:38:59.727	12.3
15:38:59.735	12.3
15:38:59.747	14.2
15:38:59.759	13.6
15:38:59.767	13.2
15:38:59.780	12.8
15:38:59.792	11.6
15:38:59.800	10.5
15:38:59.813	8.6
15:38:59.825	7.6
15:38:59.837	7.8
15:38:59.845	8.3
15:38:59.858	4.6
15:38:59.870	6.6
15:38:59.878	6.9
15:38:59.890	4.9
15:38:59.903	7.8
15:38:59.911	8.9
15:38:59.923	8.5
15:38:59.936	8.7
15:38:59.944	4.8
15:38:59.956	3.3
15:38:59.968	2.9
15:38:59.977	-0.8
15:38:59.989	-4.9
15:39:00.001	-7.8
15:39:00.013	-15.6
15:39:00.022	-20.8
15:39:00.034	-24.6
15:39:00.046	-27.0
15:39:00.054	-29.2
15:39:00.067	-32.3
15:39:00.079	-35.9
15:39:00.091	-40.3
15:39:00.099	-42.2
15:39:00.112	-43.5
15:39:00.124	-45.2
15:39:00.132	-46.9
15:39:00.144	-48.9
15:39:00.157	-52.8
15:39:00.165	-52.8
15:39:00.177	-53.9
15:39:00.189	-55.0
15:39:00.198	-55.9
15:39:00.210	-57.4
15:39:00.222	-59.8
15:39:00.230	-59.5
15:39:00.243	-61.8
15:39:00.255	-62.3
15:39:00.267	-63.0
15:39:00.275	-64.4
15:39:00.288	-66.5
15:39:00.300	-67.6
15:39:00.308	-66.2
15:39:00.321	-67.1
15:39:00.333	-67.9
15:39:00.345	-71.0
15:39:00.353	-71.1
15:39:00.366	-72.9
15:39:00.378	-73.4
15:39:00.386	-76.0
15:39:00.398	-77.3
15:39:00.411	-79.0
15:39:00.419	-80.0
15:39:00.431	-81.7
15:39:00.443	-80.9
15:39:00.452	-81.6
15:39:00.464	-83.2
15:39:00.476	-83.3
15:39:00.484	-84.4
15:39:00.497	-83.8
15:39:00.509	-84.6
15:39:00.521	-85.0
15:39:00.529	-87.3
15:39:00.542	-86.9
15:39:00.554	-87.8
15:39:00.562	-86.3
15:39:00.574	-85.7
15:39:00.587	-83.4
15:39:00.595	-82.3
15:39:00.607	-78.3
15:39:00.619	-76.7
15:39:00.628	-74.0
15:39:00.640	-71.2
15:39:00.652	-70.4
15:39:00.665	-70.1
15:39:00.677	-68.7
15:39:00.685	-66.9
15:39:00.697	-68.5
15:39:00.709	-66.1
15:39:00.718	-66.4
15:39:00.730	-65.8
15:39:00.742	-65.8
15:39:00.751	-64.6
15:39:00.763	-60.9
15:39:00.775	-59.5
15:39:00.783	-59.6
15:39:00.796	-58.8
15:39:00.808	-54.9
15:39:00.820	-56.4
15:39:00.828	-57.4
15:39:00.841	-56.2
15:39:00.853	-55.8
15:39:00.861	-55.5
15:39:00.873	-57.0
15:39:00.886	-56.0
15:39:00.894	-54.5
15:39:00.906	-53.6
15:39:00.918	-56.1
15:39:00.927	-55.1
15:39:00.939	-55.3
15:39:00.951	-54.0
15:39:00.963	-51.9
15:39:00.972	-52.0
15:39:00.984	-50.1
15:39:00.996	-49.9
15:39:01.004	-49.0
15:39:01.017	-47.6
15:39:01.029	-43.8
15:39:01.037	-39.3
15:39:01.050	-37.6
15:39:01.062	-36.0
15:39:01.074	-36.3
15:39:01.082	-35.4
15:39:01.095	-35.4
15:39:01.107	-35.5
15:39:01.115	-34.7
15:39:01.127	-34.7
15:39:01.140	-35.4
15:39:01.148	-38.0
15:39:01.160	-36.1
15:39:01.172	-36.3
15:39:01.181	-35.0
15:39:01.193	-34.0
15:39:01.205	-34.8
15:39:01.213	-32.8
15:39:01.226	-29.5
15:39:01.238	-28.6
15:39:01.250	-28.2
15:39:01.258	-26.2
15:39:01.271	-25.9
15:39:01.283	-26.5
15:39:01.291	-27.2
15:39:01.303	-26.7
15:39:01.316	-24.0
15:39:01.328	-22.5
15:39:01.336	-25.2
15:39:01.349	-24.6
15:39:01.361	-23.9
15:39:01.369	-24.5
15:39:01.381	-24.1
15:39:01.393	-23.0
15:39:01.402	-21.9
15:39:01.415	-20.8
15:39:01.426	-19.4
15:39:01.434	-20.6
15:39:01.447	-17.5
15:39:01.459	-16.3
15:39:01.467	-15.2
15:39:01.479	-13.6
15:39:01.492	-13.6
15:39:01.504	-13.0
15:39:01.512	-12.8
15:39:01.525	-12.5
15:39:01.537	-14.2
15:39:01.545	-12.7
15:39:01.558	-15.2
15:39:01.570	-15.7
15:39:01.578	-14.4
15:39:01.590	-15.2
15:39:01.603	-16.2
15:39:01.615	-14.6
15:39:01.623	-14.8
15:39:01.635	-14.5
15:39:01.648	-13.9
15:39:01.656	-15.1
15:39:01.668	-12.2
15:39:01.680	-11.5
15:39:01.689	-12.3
15:39:01.701	-11.2
15:39:01.713	-10.1
15:39:01.721	-11.4
15:39:01.734	-10.8
15:39:01.746	-10.7
15:39:01.758	-10.8
15:39:01.766	-7.8
15:39:01.779	-9.4
15:39:01.791	-9.8
15:39:01.799	-9.4
15:39:01.811	-10.0
15:39:01.824	-9.3
15:39:01.832	-9.7
15:39:01.844	-8.9
15:39:01.856	-9.1
15:39:01.865	-9.5
15:39:01.877	-10.4
15:39:01.889	-10.1
15:39:01.897	-8.2
15:39:01.910	-7.8
15:39:01.922	-5.7
15:39:01.934	-6.1
15:39:01.942	-3.1
15:39:01.955	-2.0
15:39:01.967	-2.4
15:39:01.975	0.1
15:39:01.988	0.3
15:39:02.000	0.0
15:39:02.012	-0.7
15:39:02.020	0.4
15:39:02.033	-1.6
15:39:02.045	-0.3
15:39:02.053	-1.9
15:39:02.065	-3.2
15:39:02.078	-1.8
15:39:02.086	-3.0
15:39:02.098	1.7
15:39:02.111	3.8
15:39:02.119	5.8
15:39:02.131	6.3
15:39:02.143	7.7
15:39:02.151	10.9
15:39:02.164	11.9
15:39:02.176	14.7
15:39:02.188	15.4
15:39:02.197	16.3
15:39:02.209	12.9
15:39:02.221	14.4
15:39:02.229	13.9
15:39:02.242	15.2
15:39:02.254	16.2
15:39:02.266	15.2
15:39:02.274	15.9
15:39:02.287	17.0
15:39:02.299	19.4
15:39:02.307	20.6
15:39:02.319	23.4
15:39:02.332	22.5
15:39:02.340	23.2
15:39:02.352	23.2
15:39:02.364	25.0
15:39:02.373	26.0
15:39:02.385	27.4
15:39:02.397	26.3
15:39:02.405	26.4
15:39:02.418	30.2
15:39:02.430	33.0
15:39:02.442	37.7
15:39:02.450	41.1
15:39:02.463	45.0
15:39:02.475	46.9
15:39:02.483	49.0
15:39:02.495	52.4
15:39:02.508	55.0
15:39:02.516	58.7
15:39:02.528	58.3
15:39:02.541	57.3
15:39:02.549	57.6
15:39:02.561	57.9
15:39:02.573	56.7
15:39:02.586	56.2
15:39:02.594	56.6
15:39:02.606	54.2
15:39:02.618	54.4
15:39:02.627	54.1
15:39:02.639	53.8
15:39:02.651	55.2
15:39:02.664	52.8
15:39:02.672	51.5
15:39:02.684	51.3
15:39:02.696	50.9
15:39:02.705	50.9
15:39:02.717	53.5
15:39:02.729	53.4
15:39:02.741	52.7
15:39:02.750	53.1
15:39:02.762	50.2
15:39:02.774	51.1
15:39:02.782	51.3
15:39:02.795	47.9
15:39:02.807	47.2
15:39:02.815	47.3
15:39:02.827	46.8
15:39:02.840	48.4
15:39:02.848	45.8
15:39:02.860	49.8
15:39:02.872	49.5
15:39:02.885	48.1
15:39:02.893	49.0
15:39:02.905	52.9
15:39:02.917	54.4
15:39:02.926	54.4
15:39:02.938	54.3
15:39:02.950	52.8
15:39:02.958	57.5
15:39:02.971	53.0
15:39:02.983	53.7
15:39:02.995	55.3
15:39:03.004	52.6
15:39:03.016	51.0
15:39:03.028	50.6
15:39:03.036	49.5
15:39:03.049	48.7
15:39:03.061	51.7
15:39:03.069	48.7
15:39:03.081	49.3
15:39:03.094	50.3
15:39:03.102	50.7
15:39:03.114	52.0
15:39:03.127	53.6
15:39:03.135	53.9
15:39:03.147	55.2
15:39:03.159	56.9
15:39:03.172	54.9
15:39:03.180	54.5
15:39:03.192	55.3
15:39:03.204	56.0
15:39:03.213	54.5
15:39:03.225	55.4
15:39:03.237	55.5
15:39:03.249	56.0
15:39:03.258	57.3
15:39:03.270	56.5
15:39:03.282	56.9
15:39:03.290	57.2
15:39:03.303	56.8
15:39:03.315	54.7
15:39:03.323	57.1
15:39:03.335	56.3
15:39:03.348	55.8
15:39:03.356	56.6
15:39:03.368	53.9
15:39:03.380	52.8
15:39:03.389	52.6
15:39:03.401	54.1
15:39:03.413	52.8
15:39:03.425	54.3
15:39:03.434	51.7
15:39:03.446	51.6
15:39:03.458	50.3
15:39:03.466	49.1
15:39:03.479	50.1
15:39:03.491	52.5
15:39:03.499	55.4
15:39:03.512	60.1
15:39:03.524	66.4
15:39:03.536	71.7
15:39:03.544	78.3
15:39:03.557	82.1
15:39:03.569	86.2
15:39:03.577	92.0
15:39:03.589	94.3
15:39:03.602	95.8
15:39:03.610	96.6
15:39:03.622	95.1
15:39:03.634	93.8
15:39:03.643	90.6
15:39:03.655	86.3
15:39:03.667	86.0
15:39:03.680	83.8
15:39:03.688	79.0
15:39:03.700	78.9
15:39:03.712	77.3
15:39:03.720	74.5
15:39:03.733	70.2
15:39:03.745	65.4
15:39:03.753	64.1
15:39:03.765	64.4
15:39:03.778	63.7
15:39:03.786	63.8
15:39:03.798	63.5
15:39:03.811	61.3
15:39:03.819	59.1
15:39:03.831	57.1
15:39:03.843	56.3
15:39:03.856	57.2
15:39:03.864	54.7
15:39:03.876	52.0
15:39:03.888	48.7
15:39:03.897	48.9
15:39:03.909	47.0
15:39:03.921	46.0
15:39:03.933	45.9
15:39:03.942	45.1
15:39:03.954	47.6
15:39:03.966	49.3
15:39:03.974	51.0
15:39:03.987	54.7
15:39:03.999	58.7
15:39:04.007	61.0
15:39:04.019	66.6
15:39:04.032	70.6
15:39:04.040	78.2
15:39:04.052	86.3
15:39:04.064	92.1
15:39:04.072	97.0
15:39:04.084	103.4
15:39:04.097	110.3
15:39:04.109	117.4
15:39:04.117	125.5
15:39:04.129	131.4
15:39:04.141	136.5
15:39:04.150	137.3
15:39:04.162	140.3
15:39:04.174	140.5
15:39:04.187	141.3
15:39:04.195	141.6
15:39:04.207	141.2
15:39:04.219	138.8
15:39:04.229	134.5
15:39:04.241	131.6
15:39:04.253	130.2
15:39:04.261	130.6
15:39:04.273	126.5
15:39:04.286	127.2
15:39:04.294	127.3
15:39:04.306	125.2
15:39:04.319	124.8
15:39:04.326	123.6
15:39:04.338	122.1
15:39:04.350	118.7
15:39:04.363	117.2
15:39:04.371	113.3
15:39:04.383	111.4
15:39:04.396	107.0
15:39:04.408	102.2
15:39:04.416	100.4
15:39:04.428	95.1
15:39:04.436	92.6
15:39:04.449	89.8
15:39:04.461	88.3
15:39:04.469	86.1
15:39:04.482	84.0
15:39:04.494	83.1
15:39:04.506	82.1
15:39:04.514	82.7
15:39:04.527	82.1
15:39:04.539	81.3
15:39:04.547	80.8
15:39:04.559	78.9
15:39:04.572	78.9
15:39:04.580	78.6
15:39:04.592	78.4
15:39:04.604	76.7
15:39:04.617	75.2
15:39:04.625	74.7
15:39:04.637	76.0
15:39:04.649	77.0
15:39:04.662	77.7
15:39:04.670	79.9
15:39:04.682	80.4
15:39:04.694	81.3
15:39:04.703	83.0
15:39:04.715	84.8
15:39:04.727	89.0
15:39:04.735	92.6
15:39:04.748	95.3
15:39:04.760	99.1
15:39:04.768	102.9
15:39:04.780	108.0
15:39:04.793	113.6
15:39:04.805	117.9
15:39:04.813	121.4
15:39:04.825	127.7
15:39:04.838	131.4
15:39:04.846	131.0
15:39:04.858	133.0
15:39:04.871	132.1
15:39:04.879	131.7
15:39:04.891	130.9
15:39:04.904	129.2
15:39:04.916	128.4
15:39:04.924	127.6
15:39:04.936	124.0
15:39:04.948	122.0
15:39:04.956	125.3
15:39:04.969	123.1
15:39:04.981	125.1
15:39:04.989	123.9
15:39:05.002	123.3
15:39:05.014	124.7
15:39:05.022	125.4
15:39:05.034	126.3
15:39:05.047	128.8
15:39:05.055	129.1
15:39:05.067	127.2
15:39:05.080	129.1
15:39:05.093	127.2
15:39:05.101	129.5
15:39:05.113	130.9
15:39:05.125	131.9
15:39:05.134	132.0
15:39:05.146	138.0
15:39:05.158	146.5
15:39:05.170	160.8
15:39:05.179	177.8
15:39:05.191	192.8
15:39:05.203	209.1
15:39:05.211	224.9
15:39:05.224	240.2
15:39:05.236	255.1
15:39:05.244	271.9
15:39:05.256	285.0
15:39:05.269	294.6
15:39:05.277	300.6
15:39:05.289	302.7
15:39:05.301	306.8
15:39:05.310	314.3
15:39:05.322	320.8
15:39:05.334	330.5
15:39:05.347	338.9
15:39:05.355	346.0
15:39:05.367	351.8
15:39:05.379	359.2
15:39:05.387	363.9
15:39:05.400	369.6
15:39:05.412	375.0
15:39:05.420	377.7
15:39:05.433	379.6
15:39:05.445	380.5
15:39:05.456	381.6
15:39:05.465	382.4
15:39:05.477	384.5
15:39:05.489	383.7
15:39:05.498	384.5
15:39:05.510	385.8
15:39:05.522	385.6
15:39:05.530	382.0
15:39:05.542	383.4
15:39:05.555	380.9
15:39:05.563	380.9
15:39:05.575	380.6
15:39:05.587	377.5
15:39:05.600	379.6
15:39:05.608	379.2
15:39:05.620	379.1
15:39:05.632	380.2
15:39:05.641	384.8
15:39:05.653	382.4
15:39:05.665	382.0
15:39:05.673	379.5
15:39:05.686	378.9
15:39:05.698	380.5
15:39:05.706	377.7
15:39:05.718	375.1
15:39:05.731	372.2
15:39:05.739	368.8
15:39:05.751	364.0
15:39:05.764	360.6
15:39:05.776	356.6
15:39:05.784	351.9
15:39:05.796	349.9
15:39:05.809	344.7
15:39:05.817	339.1
15:39:05.829	334.8
15:39:05.841	332.8
15:39:05.854	338.0
15:39:05.862	351.3
15:39:05.874	370.1
15:39:05.887	397.1
15:39:05.895	446.8
15:39:05.907	494.7
15:39:05.920	546.3
15:39:05.928	597.2
15:39:05.940	646.6
15:39:05.952	692.5
15:39:05.960	731.6
15:39:05.973	763.6
15:39:05.985	788.8
15:39:05.993	810.2
15:39:06.005	805.8
15:39:06.018	799.4
15:39:06.030	790.7
15:39:06.038	782.2
15:39:06.051	774.6
15:39:06.063	768.3
15:39:06.071	757.8
15:39:06.083	746.9
15:39:06.096	736.1
15:39:06.108	715.2
15:39:06.116	699.8
15:39:06.128	682.5
15:39:06.141	663.4
15:39:06.149	645.4
15:39:06.161	625.4
15:39:06.173	604.4
15:39:06.182	589.0
15:39:06.194	571.4
15:39:06.206	555.2
15:39:06.214	544.1
15:39:06.227	531.7
15:39:06.239	520.5
15:39:06.247	510.1
15:39:06.259	496.9
15:39:06.272	481.1
15:39:06.284	471.8
15:39:06.292	461.2
15:39:06.304	453.2
15:39:06.317	447.9
15:39:06.329	443.6
15:39:06.337	436.5
15:39:06.349	429.7
15:39:06.362	419.9
15:39:06.370	409.8
15:39:06.382	407.0
15:39:06.394	395.7
15:39:06.403	380.6
15:39:06.415	363.8
15:39:06.427	342.7
15:39:06.439	320.9
15:39:06.448	297.4
15:39:06.460	271.5
15:39:06.472	249.7
15:39:06.480	230.7
15:39:06.493	209.6
15:39:06.505	190.4
15:39:06.513	172.0
15:39:06.526	156.5
15:39:06.538	142.2
15:39:06.546	129.9
15:39:06.558	123.8
15:39:06.571	117.9
15:39:06.583	112.4
15:39:06.591	107.0
15:39:06.603	101.5
15:39:06.616	96.4
15:39:06.624	94.2
15:39:06.636	92.4
15:39:06.648	91.2
15:39:06.657	88.8
15:39:06.669	83.8
15:39:06.681	81.0
15:39:06.689	76.9
15:39:06.702	70.0
15:39:06.714	54.1
15:39:06.726	33.4
15:39:06.734	7.9
15:39:06.747	-21.1
15:39:06.759	-49.0
15:39:06.767	-78.0
15:39:06.779	-105.5
15:39:06.792	-135.0
15:39:06.800	-161.9
15:39:06.812	-185.0
15:39:06.825	-197.1
15:39:06.837	-204.7
15:39:06.845	-207.9
15:39:06.857	-208.0
15:39:06.869	-208.1
15:39:06.878	-205.6
15:39:06.890	-201.6
15:39:06.902	-192.7
15:39:06.910	-185.8
15:39:06.923	-181.8
15:39:06.935	-176.9
15:39:06.943	-170.7
15:39:06.956	-164.7
15:39:06.968	-158.5
15:39:06.976	-153.9
15:39:06.988	-150.1
15:39:07.001	-148.5
15:39:07.013	-150.0
15:39:07.021	-149.5
15:39:07.033	-145.4
15:39:07.046	-143.4
15:39:07.054	-139.7
15:39:07.066	-132.9
15:39:07.078	-128.0
15:39:07.091	-122.4
15:39:07.099	-118.2
15:39:07.111	-114.2
15:39:07.123	-112.8
15:39:07.132	-112.5
15:39:07.144	-115.9
15:39:07.156	-122.1
15:39:07.164	-136.7
15:39:07.177	-152.8
15:39:07.189	-169.6
15:39:07.197	-188.0
15:39:07.210	-204.7
15:39:07.222	-224.1
15:39:07.230	-239.2
15:39:07.242	-254.0
15:39:07.255	-267.0
15:39:07.267	-276.8
15:39:07.275	-280.8
15:39:07.287	-285.2
15:39:07.300	-288.1
15:39:07.308	-286.9
15:39:07.320	-287.8
15:39:07.332	-284.9
15:39:07.341	-284.6
15:39:07.353	-284.3
15:39:07.365	-282.7
15:39:07.377	-276.9
15:39:07.386	-271.6
15:39:07.398	-264.3
15:39:07.410	-260.1
15:39:07.419	-274.0
15:39:07.431	-286.3
15:39:07.443	-302.8
15:39:07.451	-319.5
15:39:07.464	-337.0
15:39:07.476	-356.8
15:39:07.484	-384.9
15:39:07.497	-410.3
15:39:07.509	-441.3
15:39:07.521	-470.1
15:39:07.529	-483.4
15:39:07.542	-496.1
15:39:07.554	-505.9
15:39:07.562	-513.2
15:39:07.574	-518.8
15:39:07.587	-521.4
15:39:07.595	-520.4
15:39:07.607	-521.9
15:39:07.620	-518.6
15:39:07.628	-513.7
15:39:07.640	-508.3
15:39:07.652	-503.6
15:39:07.661	-499.8
15:39:07.673	-495.6
15:39:07.685	-491.7
15:39:07.697	-488.2
15:39:07.705	-485.1
15:39:07.717	-480.0
15:39:07.730	-478.7
15:39:07.738	-477.3
15:39:07.750	-477.7
15:39:07.762	-477.1
15:39:07.774	-474.9
15:39:07.783	-475.4
15:39:07.795	-476.4
15:39:07.807	-478.1
15:39:07.815	-476.1
15:39:07.828	-479.2
15:39:07.840	-479.9
15:39:07.848	-482.8
15:39:07.860	-481.6
15:39:07.873	-483.2
15:39:07.881	-485.4
15:39:07.893	-484.7
15:39:07.905	-484.2
15:39:07.914	-485.3
15:39:07.926	-487.5
15:39:07.938	-486.5
15:39:07.950	-486.1
15:39:07.959	-484.1
15:39:07.971	-483.6
15:39:07.983	-482.0
15:39:07.992	-481.3
15:39:08.004	-480.9
15:39:08.016	-478.5
15:39:08.028	-476.3
15:39:08.037	-476.3
15:39:08.050	-475.5
15:39:08.062	-474.4
15:39:08.070	-471.7
15:39:08.083	-468.1
15:39:08.095	-465.0
15:39:08.103	-459.4
15:39:08.115	-454.4
15:39:08.128	-450.3
15:39:08.136	-445.0
15:39:08.148	-439.6
15:39:08.160	-433.1
15:39:08.169	-426.9
15:39:08.181	-422.1
15:39:08.193	-417.9
15:39:08.205	-413.5
15:39:08.214	-410.7
15:39:08.226	-408.1
15:39:08.238	-404.6
15:39:08.246	-401.0
15:39:08.259	-396.5
15:39:08.271	-394.6
15:39:08.283	-390.5
15:39:08.291	-387.8
15:39:08.304	-386.2
15:39:08.316	-381.7
15:39:08.324	-377.7
15:39:08.336	-373.3
15:39:08.349	-370.6
15:39:08.361	-367.1
15:39:08.369	-363.1
15:39:08.382	-359.2
15:39:08.394	-355.0
15:39:08.402	-350.0
15:39:08.414	-344.9
15:39:08.426	-340.5
15:39:08.435	-336.3
15:39:08.447	-330.4
15:39:08.459	-325.1
15:39:08.467	-320.9
15:39:08.480	-318.4
15:39:08.492	-313.0
15:39:08.504	-309.9
15:39:08.512	-306.0
15:39:08.525	-301.8
15:39:08.537	-299.2
15:39:08.545	-295.7
15:39:08.557	-292.2
15:39:08.569	-289.0
15:39:08.577	-286.2
15:39:08.589	-282.4
15:39:08.602	-280.2
15:39:08.610	-275.6
15:39:08.622	-272.5
15:39:08.635	-270.1
15:39:08.647	-267.4
15:39:08.655	-262.2
15:39:08.667	-261.2
15:39:08.680	-257.8
15:39:08.688	-253.5
15:39:08.700	-250.3
15:39:08.712	-246.5
15:39:08.721	-246.1
15:39:08.733	-243.6
15:39:08.745	-240.6
15:39:08.757	-235.9
15:39:08.766	-234.8
15:39:08.778	-230.3
15:39:08.790	-228.3
15:39:08.799	-225.5
15:39:08.811	-223.6
15:39:08.823	-221.7
15:39:08.831	-218.4
15:39:08.844	-217.0
15:39:08.856	-214.6
15:39:08.864	-212.7
15:39:08.877	-208.7
15:39:08.889	-205.9
15:39:08.897	-202.6
15:39:08.909	-200.3
15:39:08.922	-196.3
15:39:08.934	-192.0
15:39:08.942	-190.7
15:39:08.954	-187.2
15:39:08.967	-183.8
15:39:08.975	-180.4
15:39:08.987	-177.8
15:39:08.999	-175.1
15:39:09.012	-170.8
15:39:09.020	-168.4
15:39:09.032	-165.8
15:39:09.044	-164.2
15:39:09.053	-158.2
15:39:09.065	-154.3
15:39:09.077	-150.2
15:39:09.086	-146.9
15:39:09.098	-142.7
15:39:09.110	-138.5
15:39:09.118	-137.4
15:39:09.130	-134.9
15:39:09.143	-132.2
15:39:09.151	-128.5
15:39:09.163	-127.4
15:39:09.175	-123.6
15:39:09.188	-122.9
15:39:09.196	-121.1
15:39:09.208	-120.1
15:39:09.221	-118.8
15:39:09.229	-118.2
15:39:09.241	-114.9
15:39:09.253	-112.6
15:39:09.262	-110.0
15:39:09.274	-107.8
15:39:09.286	-107.2
15:39:09.298	-102.6
15:39:09.307	-100.8
15:39:09.319	-101.2
15:39:09.331	-99.4
15:39:09.339	-96.5
15:39:09.352	-94.1
15:39:09.364	-90.2
15:39:09.372	-89.5
15:39:09.384	-86.8
15:39:09.397	-84.8
15:39:09.405	-83.8
15:39:09.417	-82.2
15:39:09.430	-79.7
15:39:09.442	-79.1
15:39:09.450	-76.4
15:39:09.462	-75.2
15:39:09.475	-76.3
15:39:09.483	-74.6
15:39:09.495	-74.1
15:39:09.507	-74.7
15:39:09.516	-73.5
15:39:09.528	-72.1
15:39:09.540	-71.3
15:39:09.548	-70.8
15:39:09.561	-71.2
15:39:09.573	-71.3
15:39:09.581	-70.1
15:39:09.593	-68.9
15:39:09.606	-67.3
15:39:09.618	-65.6
15:39:09.626	-66.2
15:39:09.639	-62.4
15:39:09.651	-56.3
15:39:09.659	-51.3
15:39:09.671	-44.7
15:39:09.684	-39.5
15:39:09.696	-34.5
15:39:09.704	-30.5
15:39:09.716	-26.0
15:39:09.729	-21.2
15:39:09.737	-17.0
15:39:09.749	-15.8
15:39:09.762	-15.3
15:39:09.770	-14.1
15:39:09.782	-13.9
15:39:09.794	-12.6
15:39:09.802	-12.4
15:39:09.815	-10.4
15:39:09.827	-8.5
15:39:09.835	-7.4
15:39:09.848	-6.4
15:39:09.860	-6.8
15:39:09.872	-6.4
15:39:09.880	-5.3
15:39:09.893	-4.0
15:39:09.905	-4.7
15:39:09.913	-4.1
15:39:09.925	-3.9
15:39:09.938	-2.6
15:39:09.950	-1.5
15:39:09.958	-0.5
15:39:09.970	-0.4
15:39:09.983	0.7
15:39:09.991	0.4
15:39:10.003	0.4
15:39:10.015	0.7
15:39:10.024	2.6
15:39:10.036	4.0
15:39:10.048	3.2
15:39:10.056	4.1
15:39:10.069	5.1
15:39:10.081	7.1
15:39:10.089	7.7
15:39:10.101	8.0
15:39:10.114	7.7
15:39:10.126	9.0
15:39:10.134	8.8
15:39:10.147	8.7
15:39:10.159	9.8
15:39:10.167	11.6
15:39:10.179	14.9
15:39:10.192	17.1
15:39:10.200	21.3
15:39:10.212	24.7
15:39:10.224	29.2
15:39:10.233	32.9
15:39:10.245	35.8
15:39:10.257	39.3
15:39:10.269	40.7
15:39:10.278	42.6
15:39:10.290	42.5
15:39:10.302	41.9
15:39:10.310	41.1
15:39:10.323	44.0
15:39:10.335	43.5
15:39:10.343	42.8
15:39:10.355	43.3
15:39:10.368	43.3
15:39:10.380	43.4
15:39:10.388	42.6
15:39:10.401	43.0
15:39:10.413	46.1
15:39:10.421	49.5
15:39:10.433	52.2
15:39:10.446	54.7
15:39:10.454	59.7
15:39:10.466	64.7
15:39:10.478	68.9
15:39:10.491	73.2
15:39:10.499	76.4
15:39:10.511	80.5
15:39:10.523	83.7
15:39:10.532	84.0
15:39:10.544	81.8
15:39:10.556	81.9
15:39:10.568	82.3
15:39:10.577	81.0
15:39:10.589	80.1
15:39:10.601	82.7
15:39:10.609	84.1
15:39:10.622	84.6
15:39:10.634	84.8
15:39:10.642	84.6
15:39:10.654	85.7
15:39:10.667	87.4
15:39:10.679	87.2
15:39:10.687	87.5
15:39:10.699	89.3
15:39:10.712	86.9
15:39:10.720	86.5
15:39:10.732	85.2
15:39:10.744	84.8
15:39:10.753	85.8
15:39:10.765	86.5
15:39:10.777	86.4
15:39:10.785	86.0
15:39:10.798	86.2
15:39:10.810	84.5
15:39:10.818	83.6
15:39:10.831	83.1
15:39:10.843	83.8
15:39:10.855	83.3
15:39:10.863	83.0
15:39:10.876	82.3
15:39:10.888	81.7
15:39:10.896	82.9
15:39:10.908	83.7
15:39:10.921	83.4
15:39:10.933	83.8
15:39:10.941	85.7
15:39:10.953	86.5
15:39:10.966	86.8
15:39:10.974	88.0
15:39:10.986	89.1
15:39:10.998	91.1
15:39:11.007	89.8
15:39:11.019	89.7
15:39:11.031	89.4
15:39:11.039	91.9
15:39:11.052	89.9
15:39:11.064	88.6
15:39:11.072	89.9
15:39:11.084	88.4
15:39:11.097	88.8
15:39:11.109	88.0
15:39:11.117	89.5
15:39:11.129	88.7
15:39:11.142	88.3
15:39:11.150	86.6
15:39:11.162	88.5
15:39:11.174	90.2
15:39:11.183	89.3
15:39:11.195	90.1
15:39:11.207	88.3
15:39:11.219	88.0
15:39:11.228	84.8
15:39:11.240	84.7
15:39:11.252	85.9
15:39:11.260	84.8
15:39:11.273	83.4
15:39:11.285	81.9
15:39:11.293	81.5
15:39:11.305	79.1
15:39:11.318	80.5
15:39:11.326	80.3
15:39:11.338	83.8
15:39:11.351	82.8
15:39:11.363	82.6
15:39:11.371	83.6
15:39:11.383	83.3
15:39:11.396	82.2
15:39:11.404	83.0
15:39:11.416	84.0
15:39:11.428	83.1
15:39:11.437	83.4
15:39:11.449	81.0
15:39:11.461	80.9
15:39:11.469	79.8
15:39:11.482	79.6
15:39:11.494	79.9
15:39:11.502	80.4
15:39:11.514	80.1
15:39:11.527	80.3
15:39:11.539	79.9
15:39:11.547	77.8
15:39:11.559	77.8
15:39:11.572	76.2
15:39:11.580	76.3
15:39:11.592	75.9
15:39:11.604	75.2
15:39:11.617	73.9
15:39:11.625	72.3
15:39:11.637	72.4
15:39:11.649	73.0
15:39:11.658	74.4
15:39:11.670	73.0
15:39:11.682	74.1
15:39:11.690	74.7
15:39:11.703	73.6
15:39:11.715	72.5
15:39:11.723	72.0
15:39:11.735	73.2
15:39:11.748	72.8
15:39:11.756	69.8
15:39:11.768	67.1
15:39:11.780	68.5
15:39:11.793	68.2
15:39:11.801	67.9
15:39:11.813	65.9
15:39:11.826	65.6
15:39:11.834	65.7
15:39:11.846	63.6
15:39:11.858	62.6
15:39:11.871	63.4
15:39:11.879	65.5
15:39:11.891	65.7
15:39:11.903	65.3
15:39:11.912	63.8
15:39:11.924	62.9
15:39:11.936	62.2
15:39:11.944	61.6
15:39:11.957	63.3
15:39:11.969	61.8
15:39:11.977	61.4
15:39:11.989	59.4
15:39:12.002	57.0
15:39:12.010	55.6
15:39:12.022	54.3
15:39:12.034	56.5
15:39:12.047	54.1
15:39:12.055	53.8
15:39:12.067	50.4
15:39:12.079	49.0
15:39:12.088	48.3
15:39:12.100	46.8
15:39:12.112	45.4
15:39:12.120	44.4
15:39:12.133	43.4
15:39:12.145	40.8
15:39:12.153	41.7
15:39:12.165	40.8
15:39:12.178	41.5
15:39:12.190	41.4
15:39:12.198	39.0
15:39:12.210	37.4
15:39:12.223	36.2
15:39:12.231	36.9
15:39:12.243	36.2
15:39:12.255	38.3
15:39:12.264	38.6
15:39:12.276	39.8
15:39:12.288	40.6
15:39:12.301	41.6
15:39:12.309	43.6
15:39:12.321	46.0
15:39:12.333	47.7
15:39:12.342	48.2
15:39:12.354	49.6
15:39:12.366	47.4
15:39:12.374	49.9
15:39:12.387	48.8
15:39:12.399	48.3
15:39:12.407	48.0
15:39:12.420	48.0
15:39:12.432	46.7
15:39:12.444	45.5
15:39:12.452	43.8
15:39:12.465	43.2
15:39:12.477	43.4
15:39:12.489	40.5
15:39:12.497	40.9
15:39:12.510	39.6
15:39:12.522	39.5
15:39:12.530	37.0
15:39:12.542	35.4
15:39:12.555	34.0
15:39:12.563	35.1
15:39:12.575	33.5
15:39:12.587	30.5
15:39:12.600	28.2
15:39:12.608	24.9
15:39:12.620	21.7
15:39:12.632	18.0
15:39:12.641	16.6
15:39:12.653	14.2
15:39:12.666	12.4
15:39:12.674	8.4
15:39:12.686	7.9
15:39:12.698	8.8
15:39:12.707	5.9
15:39:12.719	4.9
15:39:12.731	2.9
15:39:12.739	1.5
15:39:12.752	-0.3
15:39:12.764	-1.6
15:39:12.776	-1.9
15:39:12.784	-1.9
15:39:12.797	-3.8
15:39:12.809	-6.1
15:39:12.817	-7.0
15:39:12.829	-9.1
15:39:12.841	-9.5
15:39:12.853	-11.4
15:39:12.861	-11.8
15:39:12.874	-13.4
15:39:12.886	-16.6
15:39:12.894	-19.4
15:39:12.906	-22.8
15:39:12.919	-24.9
15:39:12.927	-24.9
15:39:12.939	-25.9
15:39:12.951	-27.2
15:39:12.960	-26.1
15:39:12.972	-29.7
15:39:12.984	-31.0
15:39:12.992	-31.9
15:39:13.005	-32.7
15:39:13.017	-35.2
15:39:13.030	-36.9
15:39:13.038	-40.1
15:39:13.050	-42.5
15:39:13.062	-45.5
15:39:13.070	-49.6
15:39:13.083	-50.3
15:39:13.095	-50.6
15:39:13.103	-52.3
15:39:13.115	-55.2
15:39:13.128	-57.6
15:39:13.140	-61.7
15:39:13.148	-64.0
15:39:13.160	-68.1
15:39:13.173	-71.6
15:39:13.181	-74.2
15:39:13.193	-76.5
15:39:13.206	-79.0
15:39:13.214	-81.4
15:39:13.226	-82.1
15:39:13.238	-80.5
15:39:13.246	-79.9
15:39:13.259	-78.0
15:39:13.271	-78.4
15:39:13.283	-77.1
15:39:13.292	-76.0
15:39:13.304	-74.4
15:39:13.316	-75.8
15:39:13.324	-75.3
15:39:13.337	-76.6
15:39:13.349	-79.2
15:39:13.357	-79.7
15:39:13.369	-81.2
15:39:13.382	-80.4
15:39:13.390	-80.4
15:39:13.402	-81.3
15:39:13.414	-84.0
15:39:13.423	-84.6
15:39:13.435	-85.4
15:39:13.447	-87.0
15:39:13.459	-86.3
15:39:13.468	-88.2
15:39:13.480	-91.2
15:39:13.492	-92.7
15:39:13.500	-95.3
15:39:13.513	-97.1
15:39:13.525	-97.7
15:39:13.537	-99.1
15:39:13.545	-100.4
15:39:13.558	-99.2
15:39:13.570	-100.1
15:39:13.578	-100.6
15:39:13.590	-100.4
15:39:13.603	-99.7
15:39:13.611	-100.4
15:39:13.623	-100.8
15:39:13.635	-102.0
15:39:13.644	-103.9
15:39:13.656	-105.0
15:39:13.668	-107.7
15:39:13.676	-109.6
15:39:13.689	-109.9
15:39:13.701	-110.1
15:39:13.713	-113.0
15:39:13.721	-110.5
15:39:13.734	-111.1
15:39:13.746	-111.1
15:39:13.754	-109.0
15:39:13.766	-108.3
15:39:13.779	-107.6
15:39:13.791	-107.2
15:39:13.799	-107.6
15:39:13.812	-108.5
15:39:13.824	-106.3
15:39:13.832	-108.9
15:39:13.844	-109.8
15:39:13.857	-110.3
15:39:13.865	-110.2
15:39:13.877	-110.3
15:39:13.889	-111.4
15:39:13.898	-109.8
15:39:13.910	-108.5
15:39:13.922	-105.6
15:39:13.930	-104.9
15:39:13.943	-102.7
15:39:13.955	-102.2
15:39:13.967	-102.3
15:39:13.975	-101.9
15:39:13.988	-101.7
15:39:14.000	-101.4
15:39:14.008	-100.9
15:39:14.020	-100.5
15:39:14.033	-103.2
15:39:14.041	-103.9
15:39:14.053	-104.3
15:39:14.065	-102.6
15:39:14.074	-102.4
15:39:14.086	-103.1
15:39:14.098	-101.8
15:39:14.110	-100.2
15:39:14.120	-101.9
15:39:14.132	-102.0
15:39:14.144	-100.2
15:39:14.152	-99.3
15:39:14.165	-99.0
15:39:14.177	-100.2
15:39:14.185	-97.6
15:39:14.198	-96.3
15:39:14.209	-95.5
15:39:14.221	-94.6
15:39:14.230	-93.3
15:39:14.242	-93.2
15:39:14.254	-93.0
15:39:14.262	-93.7
15:39:14.275	-93.0
15:39:14.287	-89.8
15:39:14.295	-90.1
15:39:14.307	-89.2
15:39:14.320	-89.4
15:39:14.328	-88.5
15:39:14.340	-86.5
15:39:14.352	-84.4
15:39:14.361	-82.7
15:39:14.373	-79.8
15:39:14.385	-77.0
15:39:14.398	-77.0
15:39:14.410	-74.3
15:39:14.418	-73.8
15:39:14.430	-72.0
15:39:14.442	-70.1
15:39:14.451	-69.3
15:39:14.463	-69.2
15:39:14.475	-67.6
15:39:14.484	-68.8
15:39:14.496	-68.9
15:39:14.508	-68.3
15:39:14.520	-68.1
15:39:14.529	-65.9
15:39:14.541	-65.1
15:39:14.553	-63.9
15:39:14.561	-63.0
15:39:14.574	-61.0
15:39:14.586	-62.6
15:39:14.594	-61.1
15:39:14.607	-59.9
15:39:14.619	-57.0
15:39:14.627	-55.9
15:39:14.639	-55.6
15:39:14.652	-54.1
15:39:14.660	-55.0
15:39:14.672	-54.6
15:39:14.684	-54.5
15:39:14.697	-52.0
15:39:14.705	-49.0
15:39:14.717	-47.5
15:39:14.730	-48.0
15:39:14.738	-45.6
15:39:14.750	-44.4
15:39:14.762	-44.2
15:39:14.775	-41.7
15:39:14.783	-41.2
15:39:14.795	-39.5
15:39:14.807	-37.3
15:39:14.816	-38.1
15:39:14.828	-40.0
15:39:14.840	-38.3
15:39:14.848	-39.9
15:39:14.861	-38.7
15:39:14.873	-39.0
15:39:14.881	-40.0
15:39:14.893	-38.9
15:39:14.906	-39.3
15:39:14.914	-39.7
15:39:14.926	-38.2
15:39:14.938	-33.6
15:39:14.951	-33.6
15:39:14.959	-33.1
15:39:14.971	-33.3
15:39:14.983	-29.5
15:39:14.992	-28.9
15:39:15.004	-30.0
15:39:15.016	-28.1
15:39:15.024	-28.6
15:39:15.037	-28.5
15:39:15.049	-29.4
15:39:15.061	-28.9
15:39:15.069	-28.1
15:39:15.082	-25.7
15:39:15.094	-25.6
15:39:15.102	-24.4
15:39:15.114	-20.9
15:39:15.127	-19.4
15:39:15.135	-16.9
15:39:15.147	-14.5
15:39:15.160	-13.8
15:39:15.168	-11.7
15:39:15.180	-10.3
15:39:15.192	-10.1
15:39:15.205	-9.9
15:39:15.213	-7.9
15:39:15.225	-6.4
15:39:15.237	-5.6
15:39:15.246	-3.1
15:39:15.258	-0.4
15:39:15.270	2.6
15:39:15.278	4.1
15:39:15.291	7.5
15:39:15.303	9.1
15:39:15.311	9.9
15:39:15.323	12.0
15:39:15.336	12.3
15:39:15.344	13.2
15:39:15.356	13.2
15:39:15.369	12.5
15:39:15.381	10.3
15:39:15.389	8.5
15:39:15.401	7.4
15:39:15.414	6.1
15:39:15.422	9.1
15:39:15.434	8.4
15:39:15.446	9.3
15:39:15.459	9.9
15:39:15.467	9.0
15:39:15.479	8.6
15:39:15.491	11.6
15:39:15.499	12.6
15:39:15.511	13.9
15:39:15.523	16.3
15:39:15.532	15.3
15:39:15.544	15.2
15:39:15.556	16.3
15:39:15.565	17.8
15:39:15.577	20.1
15:39:15.589	20.5
15:39:15.597	21.1
15:39:15.609	24.3
15:39:15.622	27.1
15:39:15.635	29.1
15:39:15.643	29.6
15:39:15.656	33.2
15:39:15.668	34.4
15:39:15.676	35.7
15:39:15.688	36.0
15:39:15.701	39.9
15:39:15.712	41.1
15:39:15.720	41.6
15:39:15.733	40.4
15:39:15.745	38.2
15:39:15.753	40.0
15:39:15.766	38.5
15:39:15.778	38.7
15:39:15.786	38.4
15:39:15.798	40.1
15:39:15.811	39.7
15:39:15.819	37.4
15:39:15.831	37.8
15:39:15.843	39.3
15:39:15.852	41.2
15:39:15.864	40.6
15:39:15.876	43.1
15:39:15.888	44.6
15:39:15.897	47.1
15:39:15.909	48.4
15:39:15.921	50.2
15:39:15.929	53.4
15:39:15.942	54.9
15:39:15.954	56.1
15:39:15.962	58.3
15:39:15.974	58.8
15:39:15.987	59.6
15:39:15.995	60.8
15:39:16.007	61.5
15:39:16.020	63.3
15:39:16.032	66.5
15:39:16.040	70.4
15:39:16.052	74.1
15:39:16.065	77.6
15:39:16.073	79.7
15:39:16.085	83.5
15:39:16.097	86.6
15:39:16.105	87.5
15:39:16.118	89.5
15:39:16.130	88.8
15:39:16.142	88.0
15:39:16.151	87.0
15:39:16.163	86.3
15:39:16.175	84.8
15:39:16.183	83.8
15:39:16.196	85.2
15:39:16.208	84.8
15:39:16.216	87.5
15:39:16.228	86.9
15:39:16.241	88.1
15:39:16.249	88.0
15:39:16.261	88.5
15:39:16.273	87.8
15:39:16.282	87.9
15:39:16.294	88.5
15:39:16.306	86.5
15:39:16.318	84.4
15:39:16.327	82.3
15:39:16.339	83.0
15:39:16.351	83.0
15:39:16.359	82.0
15:39:16.372	79.8
15:39:16.384	78.9
15:39:16.396	78.4
15:39:16.405	79.5
15:39:16.417	78.1
15:39:16.429	78.4
15:39:16.441	77.2
15:39:16.450	76.3
15:39:16.462	77.1
15:39:16.474	75.9
15:39:16.482	76.3
15:39:16.495	76.2
15:39:16.507	75.6
15:39:16.515	73.8
15:39:16.527	73.9
15:39:16.540	73.1
15:39:16.548	73.2
15:39:16.560	71.6
15:39:16.572	70.0
15:39:16.580	70.8
15:39:16.593	70.5
15:39:16.605	70.9
15:39:16.617	71.4
15:39:16.626	72.5
15:39:16.638	73.9
15:39:16.650	75.4
15:39:16.658	75.2
15:39:16.671	75.4
15:39:16.683	74.5
15:39:16.695	73.9
15:39:16.703	72.7
15:39:16.716	72.8
15:39:16.728	72.5
15:39:16.736	71.1
15:39:16.748	70.5
15:39:16.761	72.7
15:39:16.769	72.9
15:39:16.781	73.5
15:39:16.793	75.3
15:39:16.802	77.3
15:39:16.814	80.0
15:39:16.826	80.7
15:39:16.834	81.9
15:39:16.847	83.7
15:39:16.859	86.1
15:39:16.871	84.6
15:39:16.879	86.5
15:39:16.892	86.4
15:39:16.904	85.6
15:39:16.912	83.9
15:39:16.924	84.3
15:39:16.937	84.2
15:39:16.945	82.4
15:39:16.957	81.5
15:39:16.970	80.1
15:39:16.982	79.2
15:39:16.990	80.0
15:39:17.002	80.7
15:39:17.015	82.8
15:39:17.023	85.5
15:39:17.035	86.6
15:39:17.047	89.9
15:39:17.055	93.6
15:39:17.068	96.6
15:39:17.080	99.7
15:39:17.088	103.1
15:39:17.101	103.7
15:39:17.113	105.6
15:39:17.125	104.4
15:39:17.133	104.3
15:39:17.146	103.4
15:39:17.158	102.3
15:39:17.166	100.5
15:39:17.178	100.3
15:39:17.191	99.1
15:39:17.199	98.5
15:39:17.211	97.7
15:39:17.223	95.8
15:39:17.232	96.1
15:39:17.244	94.6
15:39:17.256	93.7
15:39:17.264	89.6
15:39:17.277	92.3
15:39:17.289	88.7
15:39:17.301	90.7
15:39:17.309	88.1
15:39:17.322	85.5
15:39:17.334	85.3
15:39:17.342	83.2
15:39:17.354	82.2
15:39:17.367	80.1
15:39:17.379	84.4
15:39:17.387	79.6
15:39:17.399	80.1
15:39:17.412	75.5
15:39:17.420	75.5
15:39:17.432	76.1
15:39:17.445	75.3
15:39:17.453	74.7
15:39:17.465	73.3
15:39:17.477	73.2
15:39:17.486	69.0
15:39:17.498	68.9
15:39:17.510	68.6
15:39:17.518	66.4
15:39:17.530	64.7
15:39:17.543	63.9
15:39:17.555	63.4
15:39:17.563	64.4
15:39:17.576	65.0
15:39:17.588	65.3
15:39:17.596	65.3
15:39:17.608	63.6
15:39:17.621	62.9
15:39:17.633	62.9
15:39:17.641	62.6
15:39:17.653	61.6
15:39:17.666	61.3
15:39:17.674	58.2
15:39:17.686	56.0
15:39:17.698	54.8
15:39:17.707	54.4
15:39:17.719	54.5
15:39:17.731	55.6
15:39:17.739	54.6
15:39:17.752	53.7
15:39:17.764	52.3
15:39:17.772	51.0
15:39:17.784	50.4
15:39:17.797	51.9
15:39:17.809	50.0
15:39:17.817	48.1
15:39:17.830	48.2
15:39:17.842	46.1
15:39:17.850	46.3
15:39:17.863	45.8
15:39:17.875	46.3
15:39:17.883	46.0
15:39:17.895	45.9
15:39:17.908	42.6
15:39:17.916	43.5
15:39:17.928	42.7
15:39:17.940	43.9
15:39:17.953	43.3
15:39:17.961	42.9
15:39:17.973	43.9
15:39:17.986	42.2
15:39:17.994	41.3
15:39:18.006	39.7
15:39:18.018	41.8
15:39:18.026	42.0
15:39:18.039	41.8
15:39:18.051	39.2
15:39:18.063	36.4
15:39:18.071	35.7
15:39:18.084	35.1
15:39:18.096	35.2
15:39:18.104	35.2
15:39:18.117	37.8
15:39:18.129	38.0
15:39:18.137	36.0
15:39:18.149	37.9
15:39:18.162	39.4
15:39:18.170	42.7
15:39:18.182	44.7
15:39:18.194	43.4
15:39:18.202	44.3
15:39:18.215	46.4
15:39:18.227	46.6
15:39:18.239	45.7
15:39:18.248	46.8
15:39:18.260	47.2
15:39:18.272	46.4
15:39:18.280	45.2
15:39:18.293	43.1
15:39:18.305	44.0
15:39:18.317	44.7
15:39:18.326	43.4
15:39:18.338	43.8
15:39:18.350	43.8
15:39:18.362	45.2
15:39:18.371	42.3
15:39:18.383	41.5
15:39:18.395	39.9
15:39:18.403	39.6
15:39:18.416	37.9
15:39:18.428	35.7
15:39:18.436	33.6
15:39:18.448	32.5
15:39:18.461	33.1
15:39:18.469	31.1
15:39:18.481	30.5
15:39:18.493	29.6
15:39:18.502	29.2
15:39:18.514	27.3
15:39:18.526	26.6
15:39:18.538	26.6
15:39:18.547	24.7
15:39:18.559	23.5
15:39:18.571	21.5
15:39:18.579	20.7
15:39:18.592	18.8
15:39:18.604	17.4
15:39:18.616	14.7
15:39:18.624	14.0
15:39:18.637	11.6
15:39:18.649	8.8
15:39:18.657	7.9
15:39:18.670	4.0
15:39:18.682	3.0
15:39:18.690	0.4
15:39:18.703	-0.6
15:39:18.715	-3.1
15:39:18.723	-1.6
15:39:18.735	-3.7
15:39:18.748	-5.1
15:39:18.756	-8.1
15:39:18.768	-9.8
15:39:18.780	-10.7
15:39:18.793	-14.4
15:39:18.801	-16.5
15:39:18.813	-18.9
15:39:18.825	-19.5
15:39:18.834	-21.3
15:39:18.846	-22.7
15:39:18.858	-25.8
15:39:18.866	-27.1
15:39:18.879	-28.6
15:39:18.891	-30.0
15:39:18.903	-32.6
15:39:18.911	-34.9
15:39:18.924	-35.7
15:39:18.936	-40.4
15:39:18.944	-47.2
15:39:18.956	-52.1
15:39:18.969	-55.6
15:39:18.977	-58.7
15:39:18.989	-61.4
15:39:19.001	-64.7
15:39:19.010	-68.2
15:39:19.022	-69.6
15:39:19.034	-72.1
15:39:19.047	-72.5
15:39:19.055	-72.0
15:39:19.067	-73.3
15:39:19.079	-71.6
15:39:19.088	-71.6
15:39:19.100	-73.6
15:39:19.112	-74.6
15:39:19.120	-74.1
15:39:19.133	-77.9
15:39:19.145	-81.5
15:39:19.153	-83.4
15:39:19.165	-86.3
15:39:19.178	-86.7
15:39:19.186	-88.4
15:39:19.198	-90.3
15:39:19.210	-90.8
15:39:19.223	-91.6
15:39:19.231	-94.2
15:39:19.243	-93.1
15:39:19.255	-91.8
15:39:19.264	-95.1
15:39:19.276	-96.7
15:39:19.288	-97.8
15:39:19.300	-99.1
15:39:19.309	-100.8
15:39:19.321	-102.3
15:39:19.333	-104.5
15:39:19.341	-103.6
15:39:19.354	-105.8
15:39:19.366	-106.1
15:39:19.374	-104.0
15:39:19.386	-102.7
15:39:19.399	-103.2
15:39:19.407	-103.9
15:39:19.419	-104.3
15:39:19.431	-103.4
15:39:19.440	-101.9
15:39:19.452	-102.5
15:39:19.464	-101.4
15:39:19.477	-101.2
15:39:19.485	-103.0
15:39:19.497	-102.9
15:39:19.510	-101.3
15:39:19.518	-100.2
15:39:19.530	-100.6
15:39:19.542	-102.1
15:39:19.555	-103.8
15:39:19.563	-102.6
15:39:19.575	-104.0
15:39:19.587	-107.5
15:39:19.595	-107.7
15:39:19.608	-109.5
15:39:19.620	-111.3
15:39:19.628	-111.9
15:39:19.641	-110.6
15:39:19.653	-110.2
15:39:19.661	-108.9
15:39:19.673	-109.4
15:39:19.686	-108.6
15:39:19.694	-106.9
15:39:19.706	-106.0
15:39:19.718	-105.8
15:39:19.731	-104.7
15:39:19.739	-104.1
15:39:19.751	-104.4
15:39:19.763	-102.5
15:39:19.772	-104.6
15:39:19.784	-105.8
15:39:19.796	-107.9
15:39:19.804	-106.6
15:39:19.817	-106.6
15:39:19.829	-105.8
15:39:19.837	-106.5
15:39:19.849	-109.8
15:39:19.862	-108.5
15:39:19.874	-111.0
15:39:19.882	-109.9
15:39:19.894	-109.6
15:39:19.907	-108.2
15:39:19.915	-109.8
15:39:19.927	-109.1
15:39:19.940	-108.1
15:39:19.948	-108.3
15:39:19.960	-106.8
15:39:19.972	-107.1
15:39:19.984	-105.3
15:39:19.993	-103.6
15:39:20.005	-104.9
15:39:20.017	-102.6
15:39:20.029	-101.1
15:39:20.038	-100.6
15:39:20.050	-100.0
15:39:20.058	-96.5
15:39:20.070	-94.2
15:39:20.083	-90.6
15:39:20.091	-89.0
15:39:20.103	-88.8
15:39:20.116	-85.3
15:39:20.124	-84.9
15:39:20.136	-82.6
15:39:20.148	-80.3
15:39:20.161	-78.2
15:39:20.169	-77.1
15:39:20.181	-73.8
15:39:20.193	-74.9
15:39:20.201	-74.8
15:39:20.214	-71.2
15:39:20.226	-69.4
15:39:20.238	-67.4
15:39:20.247	-67.2
15:39:20.259	-65.3
15:39:20.271	-65.6
15:39:20.283	-65.7
15:39:20.292	-67.1
15:39:20.304	-65.3
15:39:20.316	-62.6
15:39:20.324	-63.7
15:39:20.337	-65.1
15:39:20.349	-65.2
15:39:20.357	-64.0
15:39:20.369	-63.7
15:39:20.382	-62.1
15:39:20.390	-60.4
15:39:20.402	-58.4
15:39:20.414	-58.9
15:39:20.423	-58.7
15:39:20.435	-56.9
15:39:20.447	-53.4
15:39:20.459	-52.6
15:39:20.468	-50.8
15:39:20.480	-50.5
15:39:20.492	-49.0
15:39:20.500	-48.4
15:39:20.513	-48.2
15:39:20.525	-47.0
15:39:20.537	-46.9
15:39:20.545	-45.8
15:39:20.558	-46.4
15:39:20.570	-44.6
15:39:20.578	-44.6
15:39:20.591	-44.8
15:39:20.603	-42.3
15:39:20.611	-40.4
15:39:20.623	-38.3
15:39:20.636	-36.2
15:39:20.644	-35.6
15:39:20.656	-35.5
15:39:20.668	-34.2
15:39:20.677	-33.4
15:39:20.689	-32.9
15:39:20.701	-29.1
15:39:20.713	-28.5
15:39:20.722	-27.3
15:39:20.734	-27.4
15:39:20.746	-26.0
15:39:20.754	-23.8
15:39:20.767	-22.6
15:39:20.779	-21.0
15:39:20.787	-17.3
15:39:20.799	-15.6
15:39:20.812	-15.4
15:39:20.824	-15.9
15:39:20.832	-16.5
15:39:20.844	-15.5
15:39:20.857	-15.0
15:39:20.865	-15.2
15:39:20.877	-13.7
15:39:20.889	-12.9
15:39:20.898	-10.2
15:39:20.910	-8.5
15:39:20.922	-5.9
15:39:20.930	-0.8
15:39:20.943	3.9
15:39:20.955	7.3
15:39:20.967	13.3
15:39:20.975	16.9
15:39:20.988	19.8
15:39:21.000	23.6
15:39:21.008	22.5
15:39:21.020	24.9
15:39:21.033	26.1
15:39:21.041	25.1
15:39:21.053	25.9
15:39:21.066	26.6
15:39:21.074	25.8
15:39:21.086	25.7
15:39:21.098	27.9
15:39:21.107	28.6
15:39:21.119	31.6
15:39:21.131	33.0
15:39:21.143	34.0
15:39:21.152	36.2
15:39:21.164	38.0
15:39:21.176	39.6
15:39:21.185	39.6
15:39:21.197	42.1
15:39:21.209	41.7
15:39:21.221	41.4
15:39:21.230	41.5
15:39:21.242	41.9
15:39:21.254	41.4
15:39:21.262	41.9
15:39:21.275	40.9
15:39:21.287	41.0
15:39:21.295	40.8
15:39:21.307	39.8
15:39:21.320	38.5
15:39:21.328	40.7
15:39:21.340	40.8
15:39:21.352	40.8
15:39:21.361	41.5
15:39:21.373	41.4
15:39:21.385	43.1
15:39:21.397	43.0
15:39:21.406	43.7
15:39:21.418	45.1
15:39:21.430	46.5
15:39:21.438	46.5
15:39:21.451	45.2
15:39:21.463	47.5
15:39:21.475	48.0
15:39:21.483	48.6
15:39:21.496	46.9
15:39:21.508	47.1
15:39:21.516	45.1
15:39:21.528	44.9
15:39:21.541	46.4
15:39:21.549	45.4
15:39:21.561	46.3
15:39:21.573	46.3
15:39:21.582	47.5
15:39:21.594	46.6
15:39:21.606	49.3
15:39:21.614	49.7
15:39:21.627	53.6
15:39:21.639	55.3
15:39:21.651	54.5
15:39:21.659	57.3
15:39:21.672	58.1
15:39:21.684	58.0
15:39:21.692	58.5
15:39:21.705	59.3
15:39:21.717	56.8
15:39:21.725	58.8
15:39:21.737	58.0
15:39:21.750	57.4
15:39:21.758	58.7
15:39:21.770	58.1
15:39:21.782	61.2
15:39:21.795	64.1
15:39:21.803	66.7
15:39:21.815	66.6
15:39:21.827	68.6
15:39:21.836	67.9
15:39:21.848	68.2
15:39:21.860	68.8
15:39:21.868	70.1
15:39:21.881	71.3
15:39:21.893	69.4
15:39:21.905	66.5
15:39:21.913	66.6
15:39:21.926	70.7
15:39:21.938	71.9
15:39:21.946	75.5
15:39:21.958	78.3
15:39:21.971	82.2
15:39:21.979	82.5
15:39:21.991	83.6
15:39:22.003	86.9
15:39:22.012	89.9
15:39:22.024	89.9
15:39:22.036	89.6
15:39:22.044	89.9
15:39:22.057	90.0
15:39:22.069	89.2
15:39:22.081	88.8
15:39:22.089	90.0
15:39:22.102	91.4
15:39:22.114	88.1
15:39:22.122	88.7
15:39:22.134	88.1
15:39:22.147	87.2
15:39:22.159	87.9
15:39:22.167	88.8
15:39:22.180	87.6
15:39:22.192	88.0
15:39:22.200	86.2
15:39:22.212	84.5
15:39:22.225	85.8
15:39:22.233	83.9
15:39:22.245	81.9
15:39:22.257	82.3
15:39:22.270	82.7
15:39:22.278	79.5
15:39:22.290	79.5
15:39:22.302	78.2
15:39:22.311	78.2
15:39:22.323	78.2
15:39:22.335	76.8
15:39:22.343	76.8
15:39:22.356	77.4
15:39:22.368	74.7
15:39:22.380	71.7
15:39:22.389	70.1
15:39:22.401	68.8
15:39:22.413	65.8
15:39:22.421	65.5
15:39:22.434	61.7
15:39:22.446	60.6
15:39:22.458	60.1
15:39:22.466	58.1
15:39:22.479	58.4
15:39:22.491	58.4
15:39:22.499	61.6
15:39:22.511	61.8
15:39:22.524	61.7
15:39:22.532	61.9
15:39:22.544	62.9
15:39:22.556	62.4
15:39:22.565	59.9
15:39:22.577	62.3
15:39:22.589	62.9
15:39:22.597	62.7
15:39:22.610	60.5
15:39:22.622	60.6
15:39:22.634	61.2
15:39:22.642	62.3
15:39:22.655	63.1
15:39:22.667	65.0
15:39:22.675	66.0
15:39:22.687	64.6
15:39:22.700	63.6
15:39:22.708	63.8
15:39:22.720	63.4
15:39:22.732	63.7
15:39:22.745	62.1
15:39:22.753	59.2
15:39:22.765	57.1
15:39:22.777	54.8
15:39:22.786	54.1
15:39:22.798	54.2
15:39:22.810	53.2
15:39:22.818	52.0
15:39:22.831	51.9
15:39:22.843	52.6
15:39:22.851	53.6
15:39:22.864	52.8
15:39:22.876	50.9
15:39:22.888	50.1
15:39:22.896	50.2
15:39:22.909	48.5
15:39:22.921	47.6
15:39:22.929	47.6
15:39:22.941	47.9
15:39:22.954	45.8
15:39:22.962	45.5
15:39:22.974	48.2
15:39:22.986	52.6
15:39:22.995	54.9
15:39:23.007	54.5
15:39:23.019	56.6
15:39:23.027	59.5
15:39:23.040	61.7
15:39:23.052	61.4
15:39:23.064	62.2
15:39:23.072	63.0
15:39:23.085	62.5
15:39:23.097	61.2
15:39:23.105	62.2
15:39:23.117	63.4
15:39:23.130	61.7
15:39:23.142	61.8
15:39:23.150	59.9
15:39:23.162	61.4
15:39:23.175	61.7
15:39:23.183	61.5
15:39:23.195	59.7
15:39:23.207	58.7
15:39:23.216	58.0
15:39:23.228	58.2
15:39:23.240	59.4
15:39:23.248	57.4
15:39:23.261	56.7
15:39:23.273	54.4
15:39:23.281	54.2
15:39:23.293	53.6
15:39:23.306	52.1
15:39:23.318	52.8
15:39:23.326	51.2
15:39:23.339	48.9
15:39:23.351	47.6
15:39:23.359	49.7
15:39:23.371	50.8
15:39:23.384	50.9
15:39:23.396	50.8
15:39:23.404	49.5
15:39:23.416	51.3
15:39:23.429	49.7
15:39:23.437	49.0
15:39:23.449	48.7
15:39:23.461	48.8
15:39:23.470	46.6
15:39:23.482	47.7
15:39:23.494	46.1
15:39:23.502	44.9
15:39:23.515	44.6
15:39:23.527	42.6
15:39:23.535	42.9
15:39:23.547	42.8
15:39:23.560	43.3
15:39:23.572	41.6
15:39:23.580	41.5
15:39:23.592	37.7
15:39:23.605	37.1
15:39:23.613	36.7
15:39:23.625	36.1
15:39:23.638	35.3
15:39:23.646	34.1
15:39:23.658	33.3
15:39:23.670	31.2
15:39:23.678	31.6
15:39:23.691	29.8
15:39:23.703	28.7
15:39:23.715	28.4
15:39:23.723	25.5
15:39:23.736	24.2
15:39:23.748	23.6
15:39:23.756	22.1
15:39:23.769	19.8
15:39:23.781	18.4
15:39:23.789	14.4
15:39:23.801	14.5
15:39:23.814	14.3
15:39:23.826	11.8
15:39:23.834	11.1
15:39:23.846	9.6
15:39:23.859	6.9
15:39:23.867	6.0
15:39:23.879	4.8
15:39:23.891	2.6
15:39:23.899	1.3
15:39:23.912	-2.3
15:39:23.924	-3.4
15:39:23.932	-4.5
15:39:23.945	-6.2
15:39:23.957	-5.1
15:39:23.965	-4.6
15:39:23.977	-6.1
15:39:23.990	-7.7
15:39:24.002	-7.0
15:39:24.010	-6.3
15:39:24.022	-6.8
15:39:24.035	-9.2
15:39:24.043	-10.8
15:39:24.055	-10.3
15:39:24.067	-15.3
15:39:24.080	-18.1
15:39:24.088	-20.1
15:39:24.100	-21.1
15:39:24.112	-24.3
15:39:24.121	-26.8
15:39:24.133	-28.6
15:39:24.145	-32.6
15:39:24.153	-34.1
15:39:24.166	-38.5
15:39:24.178	-40.0
15:39:24.186	-43.8
15:39:24.198	-46.4
15:39:24.211	-50.3
15:39:24.223	-51.7
15:39:24.231	-54.8
15:39:24.244	-57.8
15:39:24.256	-59.6
15:39:24.264	-64.2
15:39:24.276	-65.3
15:39:24.289	-67.1
15:39:24.301	-67.6
15:39:24.309	-69.6
15:39:24.321	-72.6
15:39:24.334	-75.4
15:39:24.342	-77.3
15:39:24.354	-79.3
15:39:24.366	-78.9
15:39:24.379	-79.2
15:39:24.387	-82.1
15:39:24.399	-83.5
15:39:24.411	-85.5
15:39:24.420	-85.0
15:39:24.432	-84.2
15:39:24.444	-84.8
15:39:24.452	-84.7
15:39:24.465	-85.5
15:39:24.477	-86.3
15:39:24.485	-87.8
15:39:24.497	-88.3
15:39:24.510	-89.4
15:39:24.518	-89.4
15:39:24.530	-93.0
15:39:24.543	-92.2
15:39:24.555	-92.1
15:39:24.563	-91.3
15:39:24.575	-92.8
15:39:24.587	-93.9
15:39:24.596	-93.2
15:39:24.608	-94.8
15:39:24.620	-94.7
15:39:24.628	-93.8
15:39:24.641	-90.1
15:39:24.653	-93.1
15:39:24.665	-93.4
15:39:24.673	-95.7
15:39:24.686	-96.0
15:39:24.698	-97.4
15:39:24.706	-97.3
15:39:24.719	-96.7
15:39:24.731	-99.8
15:39:24.739	-102.2
15:39:24.751	-104.1
15:39:24.764	-102.3
15:39:24.772	-104.2
15:39:24.784	-102.8
15:39:24.796	-102.6
15:39:24.809	-102.2
15:39:24.817	-103.8
15:39:24.829	-102.5
15:39:24.841	-99.1
15:39:24.850	-98.8
15:39:24.862	-101.3
15:39:24.874	-102.0
15:39:24.882	-100.3
15:39:24.895	-101.2
15:39:24.907	-98.8
15:39:24.915	-97.6
15:39:24.927	-95.2
15:39:24.940	-95.0
15:39:24.948	-95.9
15:39:24.960	-94.9
15:39:24.972	-92.9
15:39:24.985	-90.4
15:39:24.993	-90.1
15:39:25.005	-87.6
15:39:25.017	-88.6
15:39:25.026	-88.8
15:39:25.038	-88.8
15:39:25.050	-86.8
15:39:25.062	-83.7
15:39:25.072	-81.5
15:39:25.084	-79.8
15:39:25.096	-80.5
15:39:25.104	-79.4
15:39:25.117	-79.6
15:39:25.129	-77.4
15:39:25.137	-75.6
15:39:25.149	-73.4
15:39:25.162	-73.2
15:39:25.170	-74.1
15:39:25.182	-71.0
15:39:25.194	-70.8
15:39:25.203	-69.6
15:39:25.215	-69.3
15:39:25.227	-68.6
15:39:25.239	-68.4
15:39:25.248	-67.1
15:39:25.260	-67.8
15:39:25.272	-67.5
15:39:25.280	-66.9
15:39:25.293	-68.4
15:39:25.305	-66.3
15:39:25.317	-65.5
15:39:25.326	-64.7
15:39:25.338	-64.7
15:39:25.350	-63.0
15:39:25.358	-63.7
15:39:25.371	-63.1
15:39:25.383	-61.5
15:39:25.391	-59.5
15:39:25.403	-56.6
15:39:25.416	-57.8
15:39:25.424	-53.9
15:39:25.436	-51.9
15:39:25.448	-47.7
15:39:25.457	-48.3
15:39:25.469	-47.1
15:39:25.481	-45.4
15:39:25.493	-45.4
15:39:25.502	-44.6
15:39:25.514	-47.1
15:39:25.526	-44.9
15:39:25.534	-44.4
15:39:25.547	-43.4
15:39:25.559	-44.8
15:39:25.567	-42.2
15:39:25.579	-41.2
15:39:25.592	-40.6
15:39:25.600	-39.3
15:39:25.612	-38.7
15:39:25.624	-37.0
15:39:25.637	-35.5
15:39:25.645	-34.6
15:39:25.657	-34.8
15:39:25.669	-32.5
15:39:25.678	-32.6
15:39:25.690	-31.0
15:39:25.702	-28.7
15:39:25.710	-27.3
15:39:25.723	-24.4
15:39:25.735	-23.1
15:39:25.747	-21.0
15:39:25.755	-22.5
15:39:25.768	-20.8
15:39:25.780	-20.6
15:39:25.788	-19.1
15:39:25.800	-19.6
15:39:25.813	-19.2
15:39:25.821	-18.6
15:39:25.833	-18.8
15:39:25.846	-19.9
15:39:25.854	-19.8
15:39:25.866	-18.9
15:39:25.878	-17.6
15:39:25.886	-16.0
15:39:25.899	-12.1
15:39:25.911	-6.5
15:39:25.923	-3.0
15:39:25.932	0.4
15:39:25.944	5.0
15:39:25.955	10.4
15:39:25.964	16.3
15:39:25.976	18.9
15:39:25.988	21.4
15:39:26.000	24.9
15:39:26.009	26.6
15:39:26.021	26.6
15:39:26.033	26.2
15:39:26.041	28.4
15:39:26.054	29.3
15:39:26.066	31.5
15:39:26.075	28.7
15:39:26.087	31.6
15:39:26.100	33.5
15:39:26.108	35.1
15:39:26.120	35.9
15:39:26.132	37.8
15:39:26.145	39.4
15:39:26.153	39.5
15:39:26.165	40.3
15:39:26.177	40.2
15:39:26.186	42.0
15:39:26.198	41.4
15:39:26.210	42.8
15:39:26.222	41.1
15:39:26.231	41.3
15:39:26.243	42.0
15:39:26.255	42.9
15:39:26.263	43.7
15:39:26.276	42.6
15:39:26.288	42.5
15:39:26.300	44.0
15:39:26.308	45.1
15:39:26.321	44.7
15:39:26.333	45.7
15:39:26.341	45.1
15:39:26.354	42.2
15:39:26.366	44.6
15:39:26.374	44.5
15:39:26.386	47.3
15:39:26.399	49.2
15:39:26.407	47.5
15:39:26.419	47.9
15:39:26.431	49.6
15:39:26.439	49.2
15:39:26.452	48.6
15:39:26.464	51.8
15:39:26.476	51.2
15:39:26.485	53.9
15:39:26.496	53.2
15:39:26.508	54.6
15:39:26.517	54.3
15:39:26.529	54.7
15:39:26.541	55.2
15:39:26.549	56.2
15:39:26.562	57.4
15:39:26.574	56.7
15:39:26.587	56.6
15:39:26.595	53.7
15:39:26.607	53.7
15:39:26.619	51.9
15:39:26.627	55.1
15:39:26.640	54.8
15:39:26.652	54.9
15:39:26.660	54.9
15:39:26.673	55.1
15:39:26.685	56.0
15:39:26.693	55.6
15:39:26.705	58.0
15:39:26.718	58.2
15:39:26.730	58.3
15:39:26.738	56.8
15:39:26.750	58.3
15:39:26.763	58.6
15:39:26.771	59.9
15:39:26.783	61.3
15:39:26.795	63.2
15:39:26.804	65.4
15:39:26.816	65.0
15:39:26.828	66.2
15:39:26.836	66.9
15:39:26.849	68.4
15:39:26.861	68.4
15:39:26.869	68.3
15:39:26.881	70.5
15:39:26.894	73.1
15:39:26.906	75.5
15:39:26.914	77.8
15:39:26.926	81.6
15:39:26.939	84.6
15:39:26.947	86.6
15:39:26.959	89.1
15:39:26.971	90.6
15:39:26.984	92.7
15:39:26.992	94.0
15:39:27.004	95.4
15:39:27.017	95.6
15:39:27.025	95.5
15:39:27.037	93.6
15:39:27.049	92.7
15:39:27.057	93.1
15:39:27.070	95.3
15:39:27.082	95.7
15:39:27.090	95.6
15:39:27.103	94.2
15:39:27.115	92.7
15:39:27.123	91.0
15:39:27.135	89.3
15:39:27.148	89.3
15:39:27.160	86.9
15:39:27.168	86.8
15:39:27.180	84.3
15:39:27.193	83.9
15:39:27.201	82.1
15:39:27.213	80.9
15:39:27.225	82.5
15:39:27.238	82.2
15:39:27.246	83.0
15:39:27.258	81.1
15:39:27.270	81.7
15:39:27.279	81.7
15:39:27.291	81.1
15:39:27.303	78.7
15:39:27.311	78.8
15:39:27.324	78.9
15:39:27.336	75.6
15:39:27.344	74.2
15:39:27.356	72.0
15:39:27.369	73.4
15:39:27.377	71.9
15:39:27.389	69.4
15:39:27.402	68.0
15:39:27.414	68.1
15:39:27.422	67.5
15:39:27.434	65.8
15:39:27.447	65.9
15:39:27.455	66.4
15:39:27.467	65.2
15:39:27.479	61.3
15:39:27.487	61.6
15:39:27.500	60.4
15:39:27.512	57.9
15:39:27.520	56.8
15:39:27.532	54.2
15:39:27.545	55.1
15:39:27.557	52.5
15:39:27.565	50.2
15:39:27.577	49.1
15:39:27.590	49.3
15:39:27.598	48.2
15:39:27.610	47.7
15:39:27.623	48.9
15:39:27.631	49.1
15:39:27.643	50.1
15:39:27.655	46.9
15:39:27.668	47.3
15:39:27.676	47.3
15:39:27.688	47.5
15:39:27.700	47.8
15:39:27.709	46.3
15:39:27.721	46.9
15:39:27.734	46.1
15:39:27.742	46.5
15:39:27.754	44.7
15:39:27.766	47.4
15:39:27.775	46.9
15:39:27.787	48.6
15:39:27.799	49.7
15:39:27.807	50.0
15:39:27.820	50.8
15:39:27.832	49.7
15:39:27.844	50.1
15:39:27.852	48.9
15:39:27.865	51.3
15:39:27.877	50.2
15:39:27.885	53.1
15:39:27.897	49.5
15:39:27.910	48.7
15:39:27.922	47.5
15:39:27.930	46.1
15:39:27.942	46.1
15:39:27.955	43.0
15:39:27.963	42.8
15:39:27.975	40.7
15:39:27.987	40.7
15:39:27.996	36.5
15:39:28.008	37.6
15:39:28.020	34.0
15:39:28.028	32.7
15:39:28.041	31.3
15:39:28.053	31.0
15:39:28.061	33.7
15:39:28.073	31.5
15:39:28.086	30.9
15:39:28.098	27.5
15:39:28.106	28.1
15:39:28.118	24.9
15:39:28.131	25.2
15:39:28.143	24.1
15:39:28.151	23.8
15:39:28.164	20.8
15:39:28.176	15.0
15:39:28.184	15.0
15:39:28.196	11.5
15:39:28.209	10.6
15:39:28.217	5.9
15:39:28.229	5.3
15:39:28.241	3.5
15:39:28.249	1.3
15:39:28.262	-0.7
15:39:28.274	-2.1
15:39:28.282	-0.9
15:39:28.295	-3.6
15:39:28.307	-4.9
15:39:28.315	-7.8
15:39:28.327	-9.2
15:39:28.340	-11.0
15:39:28.352	-14.5
15:39:28.360	-16.2
15:39:28.372	-20.0
15:39:28.385	-22.3
15:39:28.397	-26.2
15:39:28.405	-28.2
15:39:28.417	-29.4
15:39:28.430	-31.2
15:39:28.438	-32.3
15:39:28.450	-35.1
15:39:28.462	-35.3
15:39:28.471	-38.3
15:39:28.483	-39.3
15:39:28.495	-42.2
15:39:28.507	-44.3
15:39:28.516	-47.9
15:39:28.528	-51.6
15:39:28.540	-54.9
15:39:28.548	-57.7
15:39:28.561	-59.9
15:39:28.573	-62.8
15:39:28.581	-63.3
15:39:28.593	-65.7
15:39:28.606	-65.4
15:39:28.614	-67.5
15:39:28.626	-67.8
15:39:28.638	-69.2
15:39:28.651	-71.4
15:39:28.659	-74.0
15:39:28.671	-77.8
15:39:28.684	-80.1
15:39:28.692	-84.7
15:39:28.704	-86.9
15:39:28.716	-91.1
15:39:28.724	-91.2
15:39:28.737	-93.4
15:39:28.749	-94.6
15:39:28.757	-95.0
15:39:28.770	-96.2
15:39:28.782	-95.5
15:39:28.790	-94.9
15:39:28.802	-93.1
15:39:28.815	-93.9
15:39:28.827	-93.1
15:39:28.835	-96.0
15:39:28.847	-97.5
15:39:28.860	-97.9
15:39:28.868	-97.7
15:39:28.880	-98.2
15:39:28.892	-98.1
15:39:28.905	-100.7
15:39:28.913	-102.6
15:39:28.925	-102.7
15:39:28.937	-103.4
15:39:28.946	-101.4
15:39:28.958	-101.0
15:39:28.970	-101.1
15:39:28.978	-101.6
15:39:28.991	-101.6
15:39:29.003	-102.1
15:39:29.011	-101.8
15:39:29.023	-101.0
15:39:29.036	-101.4
15:39:29.044	-101.5
15:39:29.056	-102.4
15:39:29.068	-101.6
15:39:29.081	-101.6
15:39:29.089	-100.5
15:39:29.101	-100.3
15:39:29.114	-99.4
15:39:29.122	-97.3
15:39:29.134	-97.6
15:39:29.146	-96.5
15:39:29.159	-95.9
15:39:29.167	-94.3
15:39:29.179	-95.4
15:39:29.191	-96.5
15:39:29.199	-98.0
15:39:29.212	-97.1
15:39:29.224	-99.1
15:39:29.232	-100.8
15:39:29.245	-100.0
15:39:29.257	-100.3
15:39:29.265	-100.8
15:39:29.277	-102.3
15:39:29.290	-102.9
15:39:29.298	-101.4
15:39:29.310	-101.6
15:39:29.322	-102.3
15:39:29.335	-101.9
15:39:29.343	-101.8
15:39:29.355	-103.2
15:39:29.367	-103.5
15:39:29.376	-105.5
15:39:29.388	-105.1
15:39:29.400	-104.8
15:39:29.408	-105.6
15:39:29.421	-105.5
15:39:29.433	-105.9
15:39:29.441	-104.9
15:39:29.453	-102.0
15:39:29.466	-101.5
15:39:29.478	-101.0
15:39:29.486	-100.2
15:39:29.499	-102.6
15:39:29.511	-102.0
15:39:29.519	-103.6
15:39:29.531	-103.7
15:39:29.544	-104.2
15:39:29.552	-104.8
15:39:29.564	-108.0
15:39:29.576	-107.2
15:39:29.589	-107.4
15:39:29.597	-107.7
15:39:29.609	-106.7
15:39:29.621	-106.5
15:39:29.630	-103.5
15:39:29.642	-103.6
15:39:29.654	-102.3
15:39:29.662	-102.0
15:39:29.675	-101.5
15:39:29.687	-101.5
15:39:29.695	-100.4
15:39:29.707	-98.4
15:39:29.720	-97.2
15:39:29.728	-97.3
15:39:29.740	-97.9
15:39:29.752	-96.5
15:39:29.765	-96.5
15:39:29.773	-96.6
15:39:29.785	-95.3
15:39:29.798	-95.3
15:39:29.806	-95.6
15:39:29.818	-94.4
15:39:29.830	-94.8
15:39:29.843	-93.4
15:39:29.851	-94.2
15:39:29.863	-94.5
15:39:29.875	-93.9
15:39:29.884	-91.7
15:39:29.896	-91.5
15:39:29.908	-91.5
15:39:29.916	-90.2
15:39:29.929	-91.0
15:39:29.941	-88.9
15:39:29.949	-88.6
15:39:29.961	-86.6
15:39:29.974	-85.2
15:39:29.982	-84.3
15:39:29.994	-84.0
15:39:30.006	-83.5
15:39:30.019	-80.8
15:39:30.027	-79.4
15:39:30.039	-78.9
15:39:30.051	-78.0
15:39:30.060	-76.5
15:39:30.072	-75.6
15:39:30.084	-74.3
15:39:30.097	-72.4
15:39:30.105	-71.5
15:39:30.117	-69.8
15:39:30.129	-69.6
15:39:30.141	-70.6
15:39:30.150	-67.3
15:39:30.162	-66.4
15:39:30.174	-65.7
15:39:30.182	-63.6
15:39:30.195	-64.0
15:39:30.207	-62.3
15:39:30.215	-61.0
15:39:30.228	-59.5
15:39:30.240	-58.0
15:39:30.248	-56.6
15:39:30.260	-56.0
15:39:30.273	-54.4
15:39:30.281	-53.8
15:39:30.293	-53.9
15:39:30.305	-52.6
15:39:30.318	-53.0
15:39:30.326	-51.0
15:39:30.338	-50.9
15:39:30.350	-50.3
15:39:30.359	-49.5
15:39:30.371	-49.8
15:39:30.383	-50.7
15:39:30.391	-50.3
15:39:30.404	-50.5
15:39:30.416	-49.4
15:39:30.428	-47.6
15:39:30.436	-47.6
15:39:30.449	-46.9
15:39:30.461	-45.5
15:39:30.469	-42.8
15:39:30.481	-40.6
15:39:30.494	-40.5
15:39:30.502	-39.8
15:39:30.514	-38.4
15:39:30.526	-35.4
15:39:30.535	-36.4
15:39:30.547	-36.6
15:39:30.559	-35.6
15:39:30.572	-36.3
15:39:30.580	-37.0
15:39:30.592	-38.4
15:39:30.604	-37.5
15:39:30.612	-36.1
15:39:30.625	-36.8
15:39:30.637	-38.2
15:39:30.645	-37.9
15:39:30.658	-36.6
15:39:30.670	-36.3
15:39:30.678	-34.9
15:39:30.690	-32.6
15:39:30.703	-31.3
15:39:30.711	-30.6
15:39:30.723	-30.0
15:39:30.735	-28.3
15:39:30.748	-28.2
15:39:30.756	-27.4
15:39:30.768	-26.8
15:39:30.780	-27.9
15:39:30.789	-28.4
15:39:30.801	-29.2
15:39:30.813	-29.0
15:39:30.825	-28.1
15:39:30.834	-28.2
15:39:30.846	-26.9
15:39:30.858	-25.4
15:39:30.866	-24.1
15:39:30.879	-23.1
15:39:30.891	-22.3
15:39:30.899	-20.7
15:39:30.911	-17.4
15:39:30.924	-17.3
15:39:30.932	-15.8
15:39:30.944	-13.5
15:39:30.956	-13.5
15:39:30.965	-12.8
15:39:30.977	-13.2
15:39:30.989	-12.8
15:39:31.001	-10.2
15:39:31.010	-10.1
15:39:31.022	-12.7
15:39:31.034	-12.5
15:39:31.042	-12.3
15:39:31.055	-13.6
15:39:31.067	-12.5
15:39:31.079	-11.9
15:39:31.087	-10.4
15:39:31.100	-10.7
15:39:31.112	-11.0
15:39:31.120	-10.3
15:39:31.133	-9.1
15:39:31.145	-6.8
15:39:31.153	-6.7
15:39:31.165	-2.2
15:39:31.178	-2.3
15:39:31.186	-1.7
15:39:31.198	-1.1
15:39:31.210	-0.7
15:39:31.218	1.1
15:39:31.231	1.9
15:39:31.243	3.0
15:39:31.256	4.6
15:39:31.264	6.0
15:39:31.276	3.4
15:39:31.288	6.0
15:39:31.296	6.5
15:39:31.309	7.0
15:39:31.321	8.1
15:39:31.329	9.9
15:39:31.342	11.6
15:39:31.354	12.5
15:39:31.362	11.7
15:39:31.374	11.5
15:39:31.387	12.5
15:39:31.399	11.5
15:39:31.407	13.1
15:39:31.420	14.0
15:39:31.432	17.2
15:39:31.440	16.9
15:39:31.452	17.8
15:39:31.465	18.8
15:39:31.473	21.1
15:39:31.485	22.7
15:39:31.497	25.6
15:39:31.510	28.7
15:39:31.518	29.6
15:39:31.530	30.9
15:39:31.542	31.3
15:39:31.551	33.8
15:39:31.563	34.1
15:39:31.575	34.3
15:39:31.583	35.2
15:39:31.596	35.7
15:39:31.608	34.9
15:39:31.616	35.2
15:39:31.628	37.2
15:39:31.641	40.4
15:39:31.649	41.1
15:39:31.661	41.3
15:39:31.674	42.3
15:39:31.686	44.5
15:39:31.694	45.1
15:39:31.706	49.2
15:39:31.719	50.7
15:39:31.727	52.7
15:39:31.739	53.4
15:39:31.751	53.7
15:39:31.764	54.7
15:39:31.772	56.1
15:39:31.784	59.6
15:39:31.796	61.9
15:39:31.805	65.0
15:39:31.817	66.2
15:39:31.829	70.7
15:39:31.837	72.3
15:39:31.850	75.2
15:39:31.862	77.1
15:39:31.870	78.4
15:39:31.882	79.0
15:39:31.895	79.7
15:39:31.903	80.2
15:39:31.915	81.2
15:39:31.927	82.8
15:39:31.940	82.7
15:39:31.948	84.7
15:39:31.960	85.2
15:39:31.972	84.7
15:39:31.981	86.2
15:39:31.993	86.4
15:39:32.005	86.1
15:39:32.013	87.3
15:39:32.026	88.5
15:39:32.038	88.5
15:39:32.050	89.3
15:39:32.062	86.9
15:39:32.071	87.0
15:39:32.083	86.8
15:39:32.095	87.4
15:39:32.103	88.2
15:39:32.116	87.9
15:39:32.128	86.7
15:39:32.136	84.5
15:39:32.149	83.6
15:39:32.161	82.0
15:39:32.169	80.4
15:39:32.181	81.4
15:39:32.194	80.0
15:39:32.202	78.9
15:39:32.214	78.0
15:39:32.226	77.2
15:39:32.239	78.3
15:39:32.247	77.7
15:39:32.259	75.8
15:39:32.271	76.5
15:39:32.280	78.3
15:39:32.292	76.2
15:39:32.304	76.6
15:39:32.312	77.3
15:39:32.325	76.7
15:39:32.337	77.7
15:39:32.349	76.2
15:39:32.357	76.8
15:39:32.370	80.1
15:39:32.382	80.0
15:39:32.390	80.1
15:39:32.402	80.0
15:39:32.415	81.9
15:39:32.423	80.5
15:39:32.435	82.3
15:39:32.447	81.7
15:39:32.456	79.6
15:39:32.468	80.6
15:39:32.480	79.0
15:39:32.492	77.2
15:39:32.501	77.0
15:39:32.513	75.7
15:39:32.525	74.1
15:39:32.533	73.8
15:39:32.546	73.7
15:39:32.558	74.6
15:39:32.566	76.9
15:39:32.578	76.0
15:39:32.591	76.6
15:39:32.599	77.7
15:39:32.611	79.2
15:39:32.624	83.1
15:39:32.632	86.7
15:39:32.644	88.1
15:39:32.656	89.2
15:39:32.669	90.7
15:39:32.677	93.9
15:39:32.689	94.9
15:39:32.701	95.1
15:39:32.710	95.3
15:39:32.722	95.6
15:39:32.734	93.3
15:39:32.746	93.6
15:39:32.754	93.3
15:39:32.767	95.9
15:39:32.779	97.6
15:39:32.787	101.3
15:39:32.800	105.2
15:39:32.812	107.7
15:39:32.820	111.9
15:39:32.832	114.5
15:39:32.845	118.6
15:39:32.853	119.3
15:39:32.865	122.9
15:39:32.877	122.9
15:39:32.886	123.6
15:39:32.898	120.3
15:39:32.910	118.1
15:39:32.922	119.1
15:39:32.931	118.1
15:39:32.943	117.9
15:39:32.955	118.7
15:39:32.963	118.1
15:39:32.976	118.4
15:39:32.988	117.5
15:39:33.000	116.9
15:39:33.008	116.8
15:39:33.021	117.8
15:39:33.033	115.5
15:39:33.041	114.8
15:39:33.053	113.2
15:39:33.066	109.0
15:39:33.074	107.9
15:39:33.086	105.6
15:39:33.098	104.7
15:39:33.107	104.4
15:39:33.119	103.2
15:39:33.131	100.6
15:39:33.139	98.9
15:39:33.152	96.6
15:39:33.164	96.9
15:39:33.176	96.8
15:39:33.185	95.4
15:39:33.197	96.1
15:39:33.209	94.5
15:39:33.217	92.2
15:39:33.230	91.7
15:39:33.242	90.9
15:39:33.250	91.1
15:39:33.262	90.7
15:39:33.275	88.7
15:39:33.283	87.5
15:39:33.295	87.4
15:39:33.307	85.4
15:39:33.320	85.3
15:39:33.328	84.2
15:39:33.340	83.3
15:39:33.352	82.9
15:39:33.361	82.1
15:39:33.373	83.5
15:39:33.385	83.4
15:39:33.393	84.4
15:39:33.406	85.4
15:39:33.418	84.7
15:39:33.430	82.9
15:39:33.438	84.7
15:39:33.451	86.2
15:39:33.463	88.3
15:39:33.471	90.4
15:39:33.483	92.7
15:39:33.496	94.9
15:39:33.504	96.4
15:39:33.516	97.0
15:39:33.528	97.9
15:39:33.537	101.6
15:39:33.549	100.9
15:39:33.561	102.1
15:39:33.569	102.5
15:39:33.582	101.0
15:39:33.594	98.1
15:39:33.606	96.5
15:39:33.614	94.0
15:39:33.627	92.7
15:39:33.639	91.6
15:39:33.647	91.5
15:39:33.659	90.1
15:39:33.672	86.6
15:39:33.684	83.9
15:39:33.692	84.1
15:39:33.705	82.9
15:39:33.717	83.8
15:39:33.725	82.9
15:39:33.737	83.5
15:39:33.750	85.3
15:39:33.758	84.2
15:39:33.770	84.7
15:39:33.782	84.8
15:39:33.790	85.8
15:39:33.803	85.1
15:39:33.815	84.1
15:39:33.823	80.9
15:39:33.836	83.4
15:39:33.848	83.2
15:39:33.860	81.6
15:39:33.868	81.5
15:39:33.881	79.7
15:39:33.893	78.5
15:39:33.901	77.6
15:39:33.913	76.5
15:39:33.926	76.8
15:39:33.934	76.1
15:39:33.946	74.2
15:39:33.959	70.8
15:39:33.971	70.4
15:39:33.979	68.9
15:39:33.991	71.9
15:39:34.003	69.9
15:39:34.012	68.5
15:39:34.024	66.8
15:39:34.036	65.0
15:39:34.048	65.6
15:39:34.057	63.4
15:39:34.069	64.0
15:39:34.081	62.5
15:39:34.089	62.7
15:39:34.102	57.4
15:39:34.115	57.1
15:39:34.123	56.7
15:39:34.135	56.8
15:39:34.148	54.8
15:39:34.160	51.7
15:39:34.168	49.6
15:39:34.180	46.0
15:39:34.193	43.4
15:39:34.201	38.0
15:39:34.213	37.4
15:39:34.225	34.7
15:39:34.234	28.6
15:39:34.246	23.1
15:39:34.258	19.1
15:39:34.271	17.0
15:39:34.279	12.4
15:39:34.291	10.1
15:39:34.303	5.2
15:39:34.312	1.0
15:39:34.324	-5.5
15:39:34.336	-10.0
15:39:34.344	-13.6
15:39:34.357	-18.6
15:39:34.369	-25.3
15:39:34.377	-33.7
15:39:34.389	-39.1
15:39:34.401	-47.8
15:39:34.413	-53.7
15:39:34.421	-60.1
15:39:34.434	-64.8
15:39:34.446	-69.5
15:39:34.454	-73.6
15:39:34.466	-76.8
15:39:34.479	-77.9
15:39:34.487	-81.6
15:39:34.499	-84.1
15:39:34.511	-85.5
15:39:34.520	-87.7
15:39:34.532	-89.7
15:39:34.544	-91.7
15:39:34.552	-94.1
15:39:34.565	-97.1
15:39:34.577	-100.8
15:39:34.589	-104.7
15:39:34.598	-105.8
15:39:34.610	-107.2
15:39:34.622	-109.5
15:39:34.630	-111.4
15:39:34.643	-112.8
15:39:34.655	-115.3
15:39:34.667	-116.5
15:39:34.675	-115.8
15:39:34.688	-115.0
15:39:34.700	-114.1
15:39:34.708	-112.9
15:39:34.720	-112.9
15:39:34.733	-109.8
15:39:34.741	-108.4
15:39:34.753	-105.4
15:39:34.765	-101.7
15:39:34.774	-100.9
15:39:34.786	-100.5
15:39:34.798	-99.1
15:39:34.806	-96.6
15:39:34.819	-96.5
15:39:34.831	-94.6
15:39:34.843	-95.3
15:39:34.851	-93.9
15:39:34.864	-94.9
15:39:34.876	-95.1
15:39:34.884	-95.1
15:39:34.897	-93.7
15:39:34.909	-91.5
15:39:34.921	-90.3
15:39:34.929	-86.7
15:39:34.942	-85.4
15:39:34.954	-82.9
15:39:34.962	-80.8
15:39:34.974	-81.0
15:39:34.987	-79.3
15:39:34.995	-77.1
15:39:35.007	-76.0
15:39:35.019	-75.1
15:39:35.028	-73.0
15:39:35.040	-73.4
15:39:35.052	-71.6
15:39:35.060	-69.9
15:39:35.073	-69.2
15:39:35.085	-65.5
15:39:35.097	-64.4
15:39:35.106	-61.7
15:39:35.118	-60.3
15:39:35.130	-59.6
15:39:35.138	-60.2
15:39:35.151	-56.4
15:39:35.163	-56.3
15:39:35.171	-55.7
15:39:35.184	-55.2
15:39:35.196	-54.0
15:39:35.204	-52.4
15:39:35.216	-53.0
15:39:35.229	-51.7
15:39:35.241	-50.5
15:39:35.249	-46.8
15:39:35.261	-47.6
15:39:35.274	-46.2
15:39:35.282	-46.3
15:39:35.294	-43.3
15:39:35.306	-41.6
15:39:35.315	-41.3
15:39:35.327	-39.8
15:39:35.339	-39.0
15:39:35.351	-38.7
15:39:35.360	-40.2
15:39:35.372	-40.1
15:39:35.384	-40.1
15:39:35.392	-40.9
15:39:35.405	-42.8
15:39:35.417	-43.1
15:39:35.425	-43.1
15:39:35.437	-44.6
15:39:35.450	-45.6
15:39:35.458	-45.0
15:39:35.470	-44.1
15:39:35.482	-44.2
15:39:35.491	-43.7
15:39:35.503	-41.6
15:39:35.515	-40.4
15:39:35.528	-43.1
15:39:35.536	-44.3
15:39:35.548	-43.5
15:39:35.560	-44.0
15:39:35.569	-43.8
15:39:35.581	-44.5
15:39:35.593	-43.5
15:39:35.606	-43.5
15:39:35.614	-42.1
15:39:35.626	-42.0
15:39:35.638	-40.4
15:39:35.646	-39.1
15:39:35.659	-37.9
15:39:35.671	-36.0
15:39:35.679	-35.7
15:39:35.692	-35.4
15:39:35.704	-35.8
15:39:35.712	-36.7
15:39:35.724	-38.7
15:39:35.737	-39.4
15:39:35.745	-37.8
15:39:35.757	-34.4
15:39:35.769	-35.0
15:39:35.782	-35.4
15:39:35.790	-35.7
15:39:35.802	-34.6
15:39:35.814	-34.1
15:39:35.823	-33.0
15:39:35.835	-33.4
15:39:35.847	-33.5
15:39:35.855	-33.3
15:39:35.868	-36.8
15:39:35.880	-35.8
15:39:35.892	-36.7
15:39:35.900	-35.5
15:39:35.913	-35.9
15:39:35.925	-34.7
15:39:35.933	-36.3
15:39:35.945	-34.3
15:39:35.958	-33.2
15:39:35.970	-34.7
15:39:35.978	-35.0
15:39:35.990	-34.5
15:39:36.003	-33.8
15:39:36.011	-34.3
15:39:36.023	-33.6
15:39:36.036	-33.2
15:39:36.044	-28.2
15:39:36.056	-28.3
15:39:36.068	-29.4
15:39:36.081	-26.0
15:39:36.089	-23.8
15:39:36.101	-25.0
15:39:36.113	-21.4
15:39:36.122	-20.6
15:39:36.134	-20.4
15:39:36.146	-21.9
15:39:36.154	-24.4
15:39:36.167	-23.4
15:39:36.179	-21.6
15:39:36.191	-23.8
15:39:36.200	-23.5
15:39:36.212	-20.7
15:39:36.224	-23.2
15:39:36.232	-22.6
15:39:36.245	-23.1
15:39:36.257	-22.0
15:39:36.265	-20.1
15:39:36.277	-21.6
15:39:36.290	-21.6
15:39:36.298	-21.6
15:39:36.310	-20.9
15:39:36.322	-21.9
15:39:36.335	-20.3
15:39:36.343	-20.2
15:39:36.355	-18.6
15:39:36.367	-18.6
15:39:36.376	-19.9
15:39:36.388	-18.3
15:39:36.400	-17.6
15:39:36.408	-15.7
15:39:36.421	-15.0
15:39:36.433	-14.7
15:39:36.441	-16.1
15:39:36.453	-14.4
15:39:36.466	-15.2
15:39:36.474	-14.4
15:39:36.486	-14.7
15:39:36.498	-14.0
15:39:36.511	-13.4
15:39:36.519	-13.1
15:39:36.531	-11.3
15:39:36.544	-10.3
15:39:36.552	-6.8
15:39:36.564	-6.0
15:39:36.576	-3.5
15:39:36.589	-1.8
15:39:36.597	0.5
15:39:36.609	2.6
15:39:36.621	4.5
15:39:36.629	9.5
15:39:36.642	10.2
15:39:36.654	12.7
15:39:36.662	16.1
15:39:36.675	16.5
15:39:36.687	15.6
15:39:36.695	17.3
15:39:36.707	19.1
15:39:36.720	20.0
15:39:36.728	21.6
15:39:36.740	20.8
15:39:36.752	23.4
15:39:36.765	26.3
15:39:36.773	26.7
15:39:36.785	31.5
15:39:36.797	36.1
15:39:36.806	39.3
15:39:36.818	43.0
15:39:36.830	47.9
15:39:36.842	51.1
15:39:36.851	54.8
15:39:36.863	56.7
15:39:36.875	59.9
15:39:36.883	61.8
15:39:36.896	60.1
15:39:36.908	62.8
15:39:36.916	63.6
15:39:36.928	64.7
15:39:36.941	64.9
15:39:36.949	65.4
15:39:36.961	66.0
15:39:36.973	66.7
15:39:36.982	65.2
15:39:36.994	66.4
15:39:37.006	66.7
15:39:37.019	65.9
15:39:37.027	66.1
15:39:37.039	65.8
15:39:37.051	65.0
15:39:37.059	64.4
15:39:37.072	63.6
15:39:37.084	62.2
15:39:37.092	63.7
15:39:37.104	61.6
15:39:37.117	62.3
15:39:37.125	61.2
15:39:37.137	60.5
15:39:37.150	58.4
15:39:37.162	59.1
15:39:37.170	60.1
15:39:37.182	60.1
15:39:37.195	60.6
15:39:37.203	59.4
15:39:37.215	58.9
15:39:37.227	60.2
15:39:37.236	61.2
15:39:37.248	62.3
15:39:37.260	65.1
15:39:37.272	64.7
15:39:37.281	65.4
15:39:37.293	67.2
15:39:37.305	69.2
15:39:37.313	69.9
15:39:37.326	71.2
15:39:37.338	72.6
15:39:37.346	74.4
15:39:37.358	74.5
15:39:37.371	73.8
15:39:37.379	73.3
15:39:37.391	73.1
15:39:37.403	71.2
15:39:37.412	71.1
15:39:37.424	70.9
15:39:37.436	71.9
15:39:37.448	69.6
15:39:37.457	69.2
15:39:37.469	67.4
15:39:37.481	66.5
15:39:37.490	68.3
15:39:37.502	66.8
15:39:37.514	69.1
15:39:37.527	66.0
15:39:37.535	66.4
15:39:37.547	67.2
15:39:37.559	68.9
15:39:37.568	68.0
15:39:37.580	70.3
15:39:37.592	70.6
15:39:37.600	70.9
15:39:37.613	75.5
15:39:37.625	73.1
15:39:37.633	76.5
15:39:37.646	74.5
15:39:37.658	72.9
15:39:37.666	72.3
15:39:37.678	74.0
15:39:37.691	73.3
15:39:37.703	73.1
15:39:37.711	73.4
15:39:37.723	69.3
15:39:37.736	70.0
15:39:37.744	69.2
15:39:37.756	71.8
15:39:37.768	73.7
15:39:37.777	74.1
15:39:37.789	76.2
15:39:37.801	78.0
15:39:37.813	82.3
15:39:37.822	83.8
15:39:37.834	88.7
15:39:37.846	89.1
15:39:37.854	90.6
15:39:37.867	91.7
15:39:37.879	92.5
15:39:37.887	93.8
15:39:37.899	91.7
15:39:37.912	91.4
15:39:37.924	89.9
15:39:37.932	90.8
15:39:37.944	89.2
15:39:37.957	91.0
15:39:37.965	89.5
15:39:37.977	88.3
15:39:37.989	86.9
15:39:38.002	88.6
15:39:38.010	89.2
15:39:38.022	90.4
15:39:38.034	90.5
15:39:38.043	89.4
15:39:38.055	89.6
15:39:38.067	88.4
15:39:38.075	88.7
15:39:38.088	88.4
15:39:38.100	87.8
15:39:38.112	84.7
15:39:38.120	82.5
15:39:38.133	79.3
15:39:38.145	78.9
15:39:38.153	75.8
15:39:38.166	73.3
15:39:38.178	71.6
15:39:38.186	70.5
15:39:38.198	69.6
15:39:38.211	69.6
15:39:38.219	68.4
15:39:38.231	69.1
15:39:38.243	70.9
15:39:38.256	70.6
15:39:38.264	71.7
15:39:38.276	70.7
15:39:38.288	70.1
15:39:38.297	69.4
15:39:38.309	69.3
15:39:38.321	69.4
15:39:38.329	68.7
15:39:38.342	69.2
15:39:38.354	66.8
15:39:38.362	65.5
15:39:38.374	63.4
15:39:38.387	63.9
15:39:38.395	63.0
15:39:38.407	62.3
15:39:38.419	62.6
15:39:38.432	60.6
15:39:38.440	60.7
15:39:38.452	60.4
15:39:38.464	60.3
15:39:38.473	59.9
15:39:38.485	59.2
15:39:38.497	56.3
15:39:38.509	55.6
15:39:38.518	56.3
15:39:38.530	54.2
15:39:38.542	54.1
15:39:38.550	53.4
15:39:38.563	49.4
15:39:38.575	49.1
15:39:38.583	47.9
15:39:38.595	47.6
15:39:38.608	48.9
15:39:38.616	49.8
15:39:38.628	47.1
15:39:38.641	46.3
15:39:38.649	45.8
15:39:38.661	44.4
15:39:38.673	45.0
15:39:38.686	44.6
15:39:38.694	44.4
15:39:38.706	42.2
15:39:38.718	40.3
15:39:38.727	39.5
15:39:38.739	38.5
15:39:38.751	36.1
15:39:38.764	33.2
15:39:38.772	32.6
15:39:38.784	30.4
15:39:38.796	27.2
15:39:38.804	24.4
15:39:38.817	24.5
15:39:38.829	20.3
15:39:38.837	16.9
15:39:38.849	15.9
15:39:38.862	16.0
15:39:38.870	16.1
15:39:38.882	15.0
15:39:38.895	14.0
15:39:38.903	12.2
15:39:38.915	11.0
15:39:38.927	7.7
15:39:38.940	7.5
15:39:38.948	3.9
15:39:38.960	1.8
15:39:38.972	-0.1
15:39:38.981	-2.2
15:39:38.993	-5.3
15:39:39.005	-8.1
15:39:39.013	-8.9
15:39:39.026	-11.6
15:39:39.038	-13.7
15:39:39.046	-13.3
15:39:39.058	-11.4
15:39:39.071	-13.2
15:39:39.083	-15.2
15:39:39.091	-17.5
15:39:39.103	-19.2
15:39:39.116	-19.1
15:39:39.124	-21.1
15:39:39.136	-23.1
15:39:39.148	-23.2
15:39:39.157	-25.9
15:39:39.169	-29.4
15:39:39.181	-30.5
15:39:39.193	-32.7
15:39:39.202	-37.6
15:39:39.214	-42.7
15:39:39.226	-48.0
15:39:39.234	-50.1
15:39:39.247	-54.3
15:39:39.259	-59.3
15:39:39.267	-63.2
15:39:39.279	-67.8
15:39:39.292	-71.5
15:39:39.300	-73.5
15:39:39.312	-74.4
15:39:39.325	-74.1
15:39:39.333	-74.4
15:39:39.345	-76.2
15:39:39.357	-78.1
15:39:39.370	-78.1
15:39:39.378	-80.0
15:39:39.390	-79.7
15:39:39.402	-83.4
15:39:39.411	-85.8
15:39:39.423	-86.5
15:39:39.435	-85.9
15:39:39.447	-88.0
15:39:39.456	-90.1
15:39:39.468	-89.9
15:39:39.480	-92.0
15:39:39.488	-93.6
15:39:39.501	-95.7
15:39:39.513	-94.4
15:39:39.521	-96.5
15:39:39.533	-98.2
15:39:39.546	-100.9
15:39:39.554	-101.3
15:39:39.566	-102.9
15:39:39.579	-102.3
15:39:39.587	-103.0
15:39:39.599	-104.3
15:39:39.611	-105.3
15:39:39.624	-106.4
15:39:39.632	-106.6
15:39:39.644	-108.3
15:39:39.656	-112.4
15:39:39.669	-115.1
15:39:39.677	-115.2
15:39:39.689	-117.6
15:39:39.701	-120.2
15:39:39.710	-121.2
15:39:39.722	-122.6
15:39:39.734	-124.2
15:39:39.746	-126.0
15:39:39.755	-125.5
15:39:39.767	-122.6
15:39:39.779	-121.7
15:39:39.787	-123.7
15:39:39.800	-125.4
15:39:39.812	-123.2
15:39:39.820	-121.3
15:39:39.833	-120.0
15:39:39.845	-118.8
15:39:39.853	-116.0
15:39:39.865	-116.5
15:39:39.878	-115.8
15:39:39.886	-116.5
15:39:39.898	-113.6
15:39:39.910	-111.4
15:39:39.923	-110.9
15:39:39.931	-110.8
15:39:39.943	-109.4
15:39:39.955	-107.9
15:39:39.964	-108.8
15:39:39.976	-106.2
15:39:39.988	-106.0
15:39:39.996	-103.8
15:39:40.009	-104.6
15:39:40.021	-104.0
15:39:40.033	-102.6
15:39:40.041	-101.4
15:39:40.054	-100.1
15:39:40.066	-101.7
15:39:40.074	-98.4
15:39:40.086	-98.2
15:39:40.099	-97.1
15:39:40.107	-95.2
15:39:40.119	-93.3
15:39:40.131	-91.5
15:39:40.140	-87.6
15:39:40.152	-85.2
15:39:40.164	-85.3
15:39:40.177	-79.9
15:39:40.185	-79.9
15:39:40.197	-78.2
15:39:40.209	-76.1
15:39:40.218	-74.9
15:39:40.230	-72.7
15:39:40.242	-71.8
15:39:40.250	-73.3
15:39:40.263	-74.1
15:39:40.275	-71.9
15:39:40.283	-73.0
15:39:40.295	-70.6
15:39:40.308	-68.9
15:39:40.316	-67.4
15:39:40.328	-64.8
15:39:40.340	-64.0
15:39:40.353	-61.4
15:39:40.361	-59.0
15:39:40.373	-56.5
15:39:40.385	-54.8
15:39:40.394	-52.3
15:39:40.406	-51.6
15:39:40.418	-49.9
15:39:40.430	-50.9
15:39:40.439	-52.2
15:39:40.451	-51.2
15:39:40.463	-51.9
15:39:40.471	-52.2
15:39:40.484	-49.9
15:39:40.496	-50.0
15:39:40.504	-49.9
15:39:40.516	-48.8
15:39:40.529	-48.1
15:39:40.537	-44.2
15:39:40.549	-41.2
15:39:40.562	-40.0
15:39:40.570	-39.9
15:39:40.582	-39.7
15:39:40.594	-40.1
15:39:40.607	-37.9
15:39:40.615	-37.0
15:39:40.627	-37.1
15:39:40.639	-35.7
15:39:40.648	-35.7
15:39:40.660	-33.5
15:39:40.672	-31.6
15:39:40.684	-27.2
15:39:40.693	-24.9
15:39:40.705	-23.2
15:39:40.717	-21.7
15:39:40.725	-19.8
15:39:40.738	-17.1
15:39:40.750	-15.5
15:39:40.758	-14.2
15:39:40.770	-14.8
15:39:40.783	-14.6
15:39:40.791	-13.5
15:39:40.803	-11.2
15:39:40.815	-8.8
15:39:40.824	-7.1
15:39:40.836	-5.0
15:39:40.848	-3.0
15:39:40.860	-2.2
15:39:40.869	-2.1
15:39:40.881	-1.3
15:39:40.893	1.1
15:39:40.901	1.0
15:39:40.914	1.9
15:39:40.926	4.0
15:39:40.934	5.1
15:39:40.946	5.3
15:39:40.959	4.9
15:39:40.967	6.6
15:39:40.979	13.1
15:39:40.992	14.2
15:39:41.004	14.2
15:39:41.012	15.9
15:39:41.024	17.3
15:39:41.037	15.9
15:39:41.045	16.7
15:39:41.057	17.8
15:39:41.069	19.1
15:39:41.077	19.3
15:39:41.090	16.0
15:39:41.102	17.8
15:39:41.114	19.5
15:39:41.123	20.7
15:39:41.135	19.1
15:39:41.147	23.5
15:39:41.155	26.1
15:39:41.168	28.4
15:39:41.180	31.4
15:39:41.188	32.4
15:39:41.200	34.1
15:39:41.213	35.1
15:39:41.221	35.5
15:39:41.233	35.8
15:39:41.245	37.7
15:39:41.253	36.8
15:39:41.265	36.8
15:39:41.278	38.4
15:39:41.290	39.1
15:39:41.298	41.4
15:39:41.310	42.6
15:39:41.323	42.3
15:39:41.331	43.4
15:39:41.343	46.0
15:39:41.355	49.0
15:39:41.368	48.9
15:39:41.376	50.4
15:39:41.388	51.2
15:39:41.401	50.8
15:39:41.409	52.2
15:39:41.421	52.6
15:39:41.433	54.4
15:39:41.442	56.0
15:39:41.454	56.2
15:39:41.466	57.3
15:39:41.474	58.7
15:39:41.487	56.8
15:39:41.499	55.3
15:39:41.507	54.8
15:39:41.519	53.0
15:39:41.532	52.8
15:39:41.544	51.1
15:39:41.552	50.3
15:39:41.564	48.5
15:39:41.577	46.9
15:39:41.585	46.1
15:39:41.597	47.6
15:39:41.609	46.0
15:39:41.618	46.8
15:39:41.630	45.2
15:39:41.642	44.2
15:39:41.654	43.9
15:39:41.663	43.0
15:39:41.675	43.8
15:39:41.687	42.7
15:39:41.695	42.4
15:39:41.708	39.1
15:39:41.720	39.0
15:39:41.728	37.2
15:39:41.740	38.8
15:39:41.753	38.2
15:39:41.761	36.8
15:39:41.773	35.7
15:39:41.785	34.7
15:39:41.798	33.7
15:39:41.806	31.1
15:39:41.818	31.5
15:39:41.830	32.7
15:39:41.839	30.6
15:39:41.851	28.7
15:39:41.863	26.6
15:39:41.875	26.7
15:39:41.884	23.7
15:39:41.896	20.8
15:39:41.908	19.1
15:39:41.916	17.8
15:39:41.929	14.8
15:39:41.941	9.2
15:39:41.949	7.3
15:39:41.961	4.3
15:39:41.974	2.6
15:39:41.982	-0.5
15:39:41.995	-0.4
15:39:42.007	-1.8
15:39:42.015	-5.0
15:39:42.027	-6.9
15:39:42.039	-8.6
15:39:42.052	-9.5
15:39:42.060	-10.0
15:39:42.072	-11.6
15:39:42.084	-11.1
15:39:42.097	-11.5
15:39:42.105	-11.3
15:39:42.117	-11.6
15:39:42.129	-11.7
15:39:42.138	-11.9
15:39:42.150	-11.7
15:39:42.162	-12.8
15:39:42.170	-13.4
15:39:42.183	-14.4
15:39:42.195	-16.4
15:39:42.204	-18.6
15:39:42.216	-22.5
15:39:42.228	-23.7
15:39:42.237	-24.7
15:39:42.249	-27.1
15:39:42.261	-29.6
15:39:42.273	-30.5
15:39:42.281	-29.4
15:39:42.294	-30.2
15:39:42.306	-31.9
15:39:42.314	-32.6
15:39:42.327	-33.0
15:39:42.339	-35.1
15:39:42.351	-36.9
15:39:42.359	-37.4
15:39:42.372	-37.6
15:39:42.384	-38.8
15:39:42.392	-41.7
15:39:42.404	-42.7
15:39:42.417	-42.6
15:39:42.425	-40.9
15:39:42.437	-37.3
15:39:42.449	-36.0
15:39:42.458	-33.7
15:39:42.470	-27.3
15:39:42.482	-22.0
15:39:42.490	-12.6
15:39:42.503	0.0
15:39:42.515	15.2
15:39:42.527	29.4
15:39:42.535	46.5
15:39:42.548	62.8
15:39:42.560	81.3
15:39:42.568	102.5
15:39:42.581	119.1
15:39:42.593	139.4
15:39:42.605	152.0
15:39:42.613	161.6
15:39:42.626	168.3
15:39:42.638	175.7
15:39:42.646	177.6
15:39:42.658	178.4
15:39:42.671	180.9
15:39:42.679	177.4
15:39:42.691	178.2
15:39:42.703	176.1
15:39:42.712	177.5
15:39:42.724	175.9
15:39:42.736	176.6
15:39:42.744	175.8
15:39:42.757	177.7
15:39:42.769	175.9
15:39:42.781	173.5
15:39:42.789	173.7
15:39:42.802	168.8
15:39:42.814	163.4
15:39:42.822	155.5
15:39:42.835	148.9
15:39:42.847	140.7
15:39:42.855	134.7
15:39:42.867	125.6
15:39:42.879	114.7
15:39:42.888	100.3
15:39:42.900	84.6
15:39:42.912	70.7
15:39:42.925	55.7
15:39:42.933	43.2
15:39:42.945	29.9
15:39:42.958	16.7
15:39:42.966	2.3
15:39:42.978	-9.4
15:39:42.990	-18.4
15:39:42.998	-22.9
15:39:43.011	-27.4
15:39:43.023	-33.4
15:39:43.035	-37.2
15:39:43.043	-40.5
15:39:43.056	-42.8
15:39:43.068	-44.7
15:39:43.076	-46.6
15:39:43.088	-48.9
15:39:43.101	-48.6
15:39:43.109	-49.6
15:39:43.121	-49.0
15:39:43.134	-48.4
15:39:43.142	-46.8
15:39:43.154	-44.6
15:39:43.166	-44.0
15:39:43.174	-41.0
15:39:43.187	-38.3
15:39:43.199	-36.0
15:39:43.211	-33.4
15:39:43.220	-30.1
15:39:43.232	-28.4
15:39:43.244	-24.0
15:39:43.252	-23.2
15:39:43.265	-21.9
15:39:43.277	-19.9
15:39:43.289	-18.0
15:39:43.297	-16.1
15:39:43.310	-16.1
15:39:43.322	-14.0
15:39:43.330	-13.7
15:39:43.342	-13.6
15:39:43.355	-15.7
15:39:43.363	-15.4
15:39:43.375	-15.1
15:39:43.387	-16.6
15:39:43.396	-17.7
15:39:43.408	-18.4
15:39:43.420	-18.4
15:39:43.429	-21.5
15:39:43.441	-23.2
15:39:43.453	-23.3
15:39:43.465	-23.2
15:39:43.474	-23.3
15:39:43.486	-22.9
15:39:43.498	-21.2
15:39:43.506	-20.6
15:39:43.519	-20.1
15:39:43.531	-20.0
15:39:43.539	-18.4
15:39:43.551	-16.8
15:39:43.564	-15.5
15:39:43.576	-14.5
15:39:43.584	-14.4
15:39:43.596	-14.4
15:39:43.609	-14.1
15:39:43.617	-14.1
15:39:43.629	-16.0
15:39:43.642	-14.4
15:39:43.650	-14.3
15:39:43.662	-15.4
15:39:43.674	-14.3
15:39:43.682	-13.0
15:39:43.695	-11.8
15:39:43.707	-14.3
15:39:43.719	-14.0
15:39:43.728	-15.4
15:39:43.740	-12.4
15:39:43.752	-13.2
15:39:43.760	-12.9
15:39:43.773	-12.5
15:39:43.785	-14.7
15:39:43.797	-17.1
15:39:43.805	-16.4
15:39:43.818	-14.8
15:39:43.830	-15.0
15:39:43.838	-14.0
15:39:43.850	-15.6
15:39:43.863	-12.9
15:39:43.875	-12.7
15:39:43.883	-14.3
15:39:43.895	-14.0
15:39:43.908	-13.3
15:39:43.916	-14.7
15:39:43.928	-14.4
15:39:43.940	-14.8
15:39:43.949	-15.9
15:39:43.961	-14.1
15:39:43.973	-17.7
15:39:43.981	-19.1
15:39:43.994	-16.7
15:39:44.006	-15.0
15:39:44.018	-14.4
15:39:44.026	-13.5
15:39:44.039	-13.0
15:39:44.051	-12.4
15:39:44.059	-10.5
15:39:44.071	-12.4
15:39:44.084	-12.5
15:39:44.092	-10.7
15:39:44.104	-11.3
15:39:44.116	-12.8
15:39:44.125	-13.0
15:39:44.137	-13.4
15:39:44.149	-13.6
15:39:44.157	-14.8
15:39:44.170	-15.0
15:39:44.182	-14.9
15:39:44.194	-12.7
15:39:44.202	-13.6
15:39:44.215	-13.2
15:39:44.227	-12.7
15:39:44.235	-11.8
15:39:44.248	-12.5
15:39:44.260	-11.9
15:39:44.272	-10.1
15:39:44.280	-10.5
15:39:44.293	-9.6
15:39:44.305	-9.7
15:39:44.313	-9.2
15:39:44.325	-9.1
15:39:44.338	-8.4
15:39:44.346	-9.0
15:39:44.358	-6.5
15:39:44.371	-4.9
15:39:44.379	-3.5
15:39:44.391	-1.7
15:39:44.403	0.4
15:39:44.411	1.6
15:39:44.424	2.9
15:39:44.436	4.8
15:39:44.448	5.6
15:39:44.456	7.9
15:39:44.469	10.2
15:39:44.481	15.5
15:39:44.489	18.1
15:39:44.502	21.6
15:39:44.514	25.1
15:39:44.526	30.3
15:39:44.534	33.7
15:39:44.546	37.3
15:39:44.558	41.3
15:39:44.567	44.5
15:39:44.579	46.7
15:39:44.591	45.4
15:39:44.599	47.4
15:39:44.612	47.7
15:39:44.624	49.0
15:39:44.632	48.2
15:39:44.644	50.8
15:39:44.657	50.0
15:39:44.665	51.3
15:39:44.677	51.5
15:39:44.689	51.6
15:39:44.702	51.7
15:39:44.710	52.4
15:39:44.722	53.6
15:39:44.734	50.7
15:39:44.743	48.9
15:39:44.755	48.1
15:39:44.767	49.6
15:39:44.775	48.3
15:39:44.788	48.1
15:39:44.800	49.8
15:39:44.808	51.9
15:39:44.820	54.3
15:39:44.833	55.2
15:39:44.845	61.4
15:39:44.853	65.2
15:39:44.865	66.8
15:39:44.878	70.0
15:39:44.886	75.1
15:39:44.898	80.0
15:39:44.911	82.0
15:39:44.919	84.0
15:39:44.931	85.0
15:39:44.943	86.6
15:39:44.956	84.9
15:39:44.964	85.6
15:39:44.976	89.7
15:39:44.988	91.4
15:39:44.997	93.9
15:39:45.009	94.6
15:39:45.021	97.1
15:39:45.029	99.3
15:39:45.042	101.2
15:39:45.054	104.3
15:39:45.062	108.0
15:39:45.074	110.7
15:39:45.087	109.9
15:39:45.095	110.4
15:39:45.107	110.3
15:39:45.119	111.3
15:39:45.132	109.3
15:39:45.140	111.0
15:39:45.152	109.0
15:39:45.164	108.9
15:39:45.173	106.8
15:39:45.185	108.3
15:39:45.197	107.7
15:39:45.210	106.8
15:39:45.218	106.0
15:39:45.230	106.4
15:39:45.242	107.5
15:39:45.250	105.3
15:39:45.263	104.5
15:39:45.275	103.1
15:39:45.283	103.5
15:39:45.295	101.5
15:39:45.308	100.0
15:39:45.316	100.2
15:39:45.328	97.8
15:39:45.340	97.4
15:39:45.349	96.1
15:39:45.361	95.9
15:39:45.373	96.2
15:39:45.386	95.3
15:39:45.394	94.5
15:39:45.406	92.9
15:39:45.418	94.0
15:39:45.426	95.1
15:39:45.439	97.0
15:39:45.451	94.5
15:39:45.459	94.7
15:39:45.472	95.1
15:39:45.484	97.6
15:39:45.496	99.8
15:39:45.504	102.2
15:39:45.517	104.5
15:39:45.529	106.5
15:39:45.541	107.2
15:39:45.549	109.0
15:39:45.562	113.7
15:39:45.574	114.7
15:39:45.582	115.6
15:39:45.594	114.5
15:39:45.607	115.3
15:39:45.615	114.9
15:39:45.627	115.7
15:39:45.639	115.2
15:39:45.648	113.5
15:39:45.660	113.7
15:39:45.672	110.3
15:39:45.684	110.4
15:39:45.693	110.3
15:39:45.705	108.8
15:39:45.717	105.9
15:39:45.725	104.3
15:39:45.738	103.6
15:39:45.750	104.8
15:39:45.758	104.7
15:39:45.770	102.0
15:39:45.783	100.9
15:39:45.795	99.2
15:39:45.803	97.4
15:39:45.815	97.9
15:39:45.828	99.3
15:39:45.836	97.6
15:39:45.849	93.5
15:39:45.861	90.2
15:39:45.870	86.7
15:39:45.882	83.8
15:39:45.894	78.6
15:39:45.903	74.8
15:39:45.915	66.6
15:39:45.927	58.7
15:39:45.939	50.5
15:39:45.948	42.4
15:39:45.960	36.4
15:39:45.972	30.1
15:39:45.980	25.7
15:39:45.993	19.6
15:39:46.005	16.4
15:39:46.013	12.5
15:39:46.025	11.1
15:39:46.038	9.3
15:39:46.046	5.1
15:39:46.058	2.0
15:39:46.070	-1.5
15:39:46.079	-7.7
15:39:46.091	-12.6
15:39:46.103	-17.7
15:39:46.115	-21.2
15:39:46.123	-27.5
15:39:46.135	-31.5
15:39:46.147	-36.1
15:39:46.156	-39.5
15:39:46.168	-44.1
15:39:46.180	-48.6
15:39:46.192	-51.7
15:39:46.201	-55.0
15:39:46.213	-58.1
15:39:46.225	-62.5
15:39:46.233	-66.4
15:39:46.246	-70.1
15:39:46.258	-72.2
15:39:46.266	-73.1
15:39:46.278	-73.3
15:39:46.291	-74.1
15:39:46.299	-75.4
15:39:46.311	-77.0
15:39:46.324	-78.0
15:39:46.332	-77.3
15:39:46.344	-76.4
15:39:46.356	-76.3
15:39:46.368	-77.5
15:39:46.377	-78.5
15:39:46.389	-79.3
15:39:46.401	-79.3
15:39:46.410	-79.4
15:39:46.422	-79.4
15:39:46.434	-79.2
15:39:46.447	-79.8
15:39:46.455	-81.3
15:39:46.467	-81.6
15:39:46.479	-81.7
15:39:46.488	-84.5
15:39:46.500	-83.3
15:39:46.512	-83.1
15:39:46.520	-83.7
15:39:46.533	-85.1
15:39:46.545	-86.2
15:39:46.553	-89.5
15:39:46.565	-90.3
15:39:46.578	-93.5
15:39:46.586	-96.3
15:39:46.598	-96.5
15:39:46.610	-100.0
15:39:46.623	-103.7
15:39:46.631	-107.5
15:39:46.643	-110.2
15:39:46.655	-112.1
15:39:46.664	-112.4
15:39:46.676	-113.9
15:39:46.688	-115.3
15:39:46.697	-114.1
15:39:46.709	-115.5
15:39:46.721	-115.1
15:39:46.729	-114.0
15:39:46.742	-111.4
15:39:46.754	-111.0
15:39:46.766	-112.5
15:39:46.774	-113.3
15:39:46.787	-112.5
15:39:46.799	-112.0
15:39:46.807	-113.4
15:39:46.819	-112.2
15:39:46.832	-113.4
15:39:46.840	-116.2
15:39:46.852	-117.2
15:39:46.864	-118.8
15:39:46.877	-118.0
15:39:46.885	-116.7
15:39:46.897	-118.6
15:39:46.909	-117.7
15:39:46.918	-116.7
15:39:46.930	-118.2
15:39:46.942	-117.8
15:39:46.950	-115.5
15:39:46.963	-114.0
15:39:46.975	-111.6
15:39:46.983	-110.4
15:39:46.995	-108.9
15:39:47.008	-106.2
15:39:47.016	-105.2
15:39:47.028	-102.0
15:39:47.040	-98.4
15:39:47.053	-97.2
15:39:47.061	-94.9
15:39:47.073	-95.4
15:39:47.085	-94.0
15:39:47.094	-91.7
15:39:47.106	-90.0
15:39:47.118	-87.8
15:39:47.131	-86.2
15:39:47.139	-89.0
15:39:47.151	-89.2
15:39:47.163	-86.6
15:39:47.171	-87.2
15:39:47.184	-84.2
15:39:47.196	-82.4
15:39:47.204	-79.5
15:39:47.217	-79.7
15:39:47.229	-77.6
15:39:47.237	-77.5
15:39:47.249	-73.6
15:39:47.262	-72.2
15:39:47.270	-72.4
15:39:47.282	-70.0
15:39:47.294	-69.0
15:39:47.307	-67.5
15:39:47.315	-68.7
15:39:47.327	-67.0
15:39:47.339	-66.8
15:39:47.348	-64.1
15:39:47.360	-61.6
15:39:47.372	-60.2
15:39:47.381	-58.3
15:39:47.393	-56.4
15:39:47.405	-56.6
15:39:47.417	-55.8
15:39:47.426	-54.1
15:39:47.438	-53.0
15:39:47.450	-51.7
15:39:47.458	-51.1
15:39:47.471	-51.3
15:39:47.483	-50.0
15:39:47.491	-48.8
15:39:47.503	-49.7
15:39:47.516	-49.2
15:39:47.524	-50.0
15:39:47.536	-49.9
15:39:47.548	-49.7
15:39:47.561	-48.3
15:39:47.569	-47.2
15:39:47.581	-46.9
15:39:47.594	-46.3
15:39:47.602	-47.0
15:39:47.614	-44.0
15:39:47.626	-42.2
15:39:47.634	-40.3
15:39:47.647	-38.9
15:39:47.659	-39.1
15:39:47.667	-39.1
15:39:47.679	-36.8
15:39:47.692	-35.4
15:39:47.704	-33.4
15:39:47.712	-31.2
15:39:47.725	-29.6
15:39:47.737	-30.1
15:39:47.749	-27.6
15:39:47.757	-26.8
15:39:47.770	-24.8
15:39:47.782	-25.2
15:39:47.790	-25.3
15:39:47.802	-24.4
15:39:47.815	-24.9
15:39:47.823	-24.4
15:39:47.835	-26.2
15:39:47.848	-23.9
15:39:47.860	-25.2
15:39:47.868	-26.3
15:39:47.880	-26.0
15:39:47.893	-24.0
15:39:47.901	-23.7
15:39:47.913	-23.9
15:39:47.925	-21.8
15:39:47.934	-22.5
15:39:47.946	-21.4
15:39:47.958	-21.1
15:39:47.966	-20.4
15:39:47.979	-18.7
15:39:47.991	-17.4
15:39:47.999	-17.2
15:39:48.012	-17.8
15:39:48.024	-16.4
15:39:48.036	-16.8
15:39:48.044	-15.0
15:39:48.057	-13.6
15:39:48.069	-13.8
15:39:48.077	-12.8
15:39:48.089	-11.4
15:39:48.102	-11.3
15:39:48.114	-10.1
15:39:48.122	-6.4
15:39:48.134	-6.4
15:39:48.147	-6.2
15:39:48.155	-6.0
15:39:48.167	-3.7
15:39:48.179	-2.9
15:39:48.188	-1.9
15:39:48.200	-1.5
15:39:48.212	-0.9
15:39:48.220	0.1
15:39:48.233	-1.8
15:39:48.245	-0.5
15:39:48.253	0.5
15:39:48.265	3.5
15:39:48.278	4.8
15:39:48.290	8.0
15:39:48.298	10.7
15:39:48.310	13.9
15:39:48.323	16.7
15:39:48.331	19.7
15:39:48.343	23.3
15:39:48.355	25.4
15:39:48.368	28.0
15:39:48.376	28.7
15:39:48.388	28.8
15:39:48.400	29.2
15:39:48.409	30.5
15:39:48.421	32.0
15:39:48.433	33.1
15:39:48.441	34.4
15:39:48.454	34.4
15:39:48.466	34.5
15:39:48.474	33.4
15:39:48.486	34.6
15:39:48.499	33.1
15:39:48.507	35.3
15:39:48.519	35.4
15:39:48.532	34.3
15:39:48.544	35.7
15:39:48.552	33.7
15:39:48.564	34.8
15:39:48.577	35.2
15:39:48.585	36.7
15:39:48.597	36.3
15:39:48.609	37.9
15:39:48.618	36.8
15:39:48.630	36.5
15:39:48.642	37.4
15:39:48.650	34.5
15:39:48.663	36.0
15:39:48.675	36.3
15:39:48.687	35.9
15:39:48.695	35.6
15:39:48.708	36.1
15:39:48.720	36.6
15:39:48.728	37.3
15:39:48.741	38.4
15:39:48.753	37.5
15:39:48.761	39.8
15:39:48.773	39.6
15:39:48.786	37.5
15:39:48.798	38.4
15:39:48.806	38.8
15:39:48.818	38.5
15:39:48.831	39.3
15:39:48.839	39.0
15:39:48.851	39.0
15:39:48.863	40.9
15:39:48.872	40.6
15:39:48.884	43.0
15:39:48.896	44.3
15:39:48.904	44.5
15:39:48.917	43.6
15:39:48.929	43.5
15:39:48.937	42.9
15:39:48.949	43.4
15:39:48.962	40.7
15:39:48.974	41.2
15:39:48.982	44.0
15:39:48.994	42.5
15:39:49.007	43.4
15:39:49.015	44.7
15:39:49.027	46.2
15:39:49.039	49.2
15:39:49.052	51.2
15:39:49.060	51.8
15:39:49.072	55.6
15:39:49.085	56.5
15:39:49.093	55.6
15:39:49.105	56.2
15:39:49.117	58.8
15:39:49.125	59.6
15:39:49.138	62.7
15:39:49.150	63.4
15:39:49.158	64.2
15:39:49.171	64.9
15:39:49.183	65.9
15:39:49.191	64.7
15:39:49.203	66.9
15:39:49.216	68.0
15:39:49.228	68.0
15:39:49.236	69.0
15:39:49.248	70.5
15:39:49.261	72.4
15:39:49.269	76.3
15:39:49.281	80.0
15:39:49.294	82.0
15:39:49.302	86.1
15:39:49.314	87.9
15:39:49.326	89.8
15:39:49.339	90.3
15:39:49.347	93.2
15:39:49.359	92.1
15:39:49.371	91.3
15:39:49.380	88.0
15:39:49.392	87.7
15:39:49.404	88.9
15:39:49.412	87.5
15:39:49.425	87.0
15:39:49.437	86.4
15:39:49.445	88.1
15:39:49.457	87.0
15:39:49.470	87.9
15:39:49.482	88.4
15:39:49.490	88.8
15:39:49.502	88.8
15:39:49.515	87.8
15:39:49.523	88.1
15:39:49.535	85.0
15:39:49.547	84.7
15:39:49.556	83.9
15:39:49.568	81.9
15:39:49.580	80.3
15:39:49.588	78.1
15:39:49.601	78.3
15:39:49.613	75.8
15:39:49.625	75.4
15:39:49.634	74.2
15:39:49.646	74.8
15:39:49.658	74.3
15:39:49.666	72.0
15:39:49.678	71.2
15:39:49.691	69.8
15:39:49.703	69.2
15:39:49.711	66.2
15:39:49.723	65.5
15:39:49.736	63.6
15:39:49.744	61.2
15:39:49.756	61.0
15:39:49.769	59.0
15:39:49.781	57.2
15:39:49.789	55.5
15:39:49.801	53.8
15:39:49.814	51.2
15:39:49.822	52.4
15:39:49.834	50.0
15:39:49.847	46.1
15:39:49.855	44.5
15:39:49.867	39.8
15:39:49.879	37.4
15:39:49.888	33.4
15:39:49.900	30.3
15:39:49.912	27.3
15:39:49.920	23.7
15:39:49.933	19.3
15:39:49.945	16.9
15:39:49.957	14.0
15:39:49.965	10.8
15:39:49.978	10.3
15:39:49.990	9.2
15:39:49.998	9.0
15:39:50.010	9.6
15:39:50.023	8.4
15:39:50.035	8.6
15:39:50.043	7.9
15:39:50.055	6.4
15:39:50.068	4.9
15:39:50.076	2.5
15:39:50.088	-2.0
15:39:50.100	-6.9
15:39:50.109	-9.3
15:39:50.121	-13.2
15:39:50.133	-15.9
15:39:50.141	-18.4
15:39:50.154	-23.4
15:39:50.166	-24.8
15:39:50.174	-27.8
15:39:50.186	-31.3
15:39:50.199	-34.9
15:39:50.211	-39.6
15:39:50.219	-43.4
15:39:50.232	-47.4
15:39:50.244	-50.2
15:39:50.252	-53.8
15:39:50.264	-55.1
15:39:50.277	-59.6
15:39:50.289	-60.4
15:39:50.297	-60.0
15:39:50.309	-59.3
15:39:50.322	-57.8
15:39:50.330	-59.1
15:39:50.342	-60.4
15:39:50.354	-63.3
15:39:50.363	-64.2
15:39:50.375	-65.5
15:39:50.387	-67.7
15:39:50.395	-71.0
15:39:50.408	-72.7
15:39:50.420	-75.3
15:39:50.428	-77.8
15:39:50.440	-77.8
15:39:50.453	-78.6
15:39:50.465	-78.1
15:39:50.473	-78.4
15:39:50.485	-77.6
15:39:50.498	-75.5
15:39:50.506	-75.1
15:39:50.518	-73.7
15:39:50.530	-72.8
15:39:50.539	-70.5
15:39:50.551	-71.2
15:39:50.563	-70.3
15:39:50.571	-68.4
15:39:50.584	-68.1
15:39:50.596	-68.6
15:39:50.608	-68.8
15:39:50.616	-67.1
15:39:50.629	-66.8
15:39:50.641	-63.0
15:39:50.649	-61.2
15:39:50.661	-57.1
15:39:50.674	-53.9
15:39:50.682	-47.8
15:39:50.694	-34.0
15:39:50.707	-12.6
15:39:50.719	14.8
15:39:50.727	49.9
15:39:50.739	96.5
15:39:50.752	153.1
15:39:50.760	220.9
15:39:50.772	290.7
15:39:50.784	364.7
15:39:50.793	441.6
15:39:50.805	523.3
15:39:50.817	596.6
15:39:50.825	673.8
15:39:50.838	750.1
15:39:50.850	815.5
15:39:50.858	878.7
15:39:50.870	932.8
15:39:50.883	991.9
15:39:50.895	1046.6
15:39:50.903	1098.3
15:39:50.915	1136.9
15:39:50.928	1190.4
15:39:50.936	1244.1
15:39:50.948	1321.5
15:39:50.960	1402.9
15:39:50.973	1460.0
15:39:50.981	1497.7
15:39:50.993	1521.0
15:39:51.005	1545.6
15:39:51.014	1569.4
15:39:51.026	1593.1
15:39:51.038	1599.7
15:39:51.046	1594.5
15:39:51.059	1554.6
15:39:51.071	1508.3
15:39:51.079	1476.4
15:39:51.091	1467.5
15:39:51.104	1492.8
15:39:51.112	1555.4
15:39:51.124	1620.9
15:39:51.136	1686.3
15:39:51.149	1746.8
15:39:51.157	1805.5
15:39:51.169	1862.8
15:39:51.182	1915.6
15:39:51.194	1959.9
15:39:51.202	1995.1
15:39:51.214	1991.5
15:39:51.227	1949.7
15:39:51.235	1893.8
15:39:51.247	1828.0
15:39:51.259	1755.9
15:39:51.272	1666.0
15:39:51.280	1574.6
15:39:51.292	1479.5
15:39:51.304	1389.2
15:39:51.313	1298.6
15:39:51.325	1212.6
15:39:51.337	1116.9
15:39:51.345	1019.1
15:39:51.358	929.3
15:39:51.366	849.2
15:39:51.378	785.6
15:39:51.391	726.0
15:39:51.403	669.1
15:39:51.411	613.1
15:39:51.423	553.1
15:39:51.436	489.8
15:39:51.448	435.9
15:39:51.456	386.5
15:39:51.468	330.3
15:39:51.480	270.6
15:39:51.489	213.6
15:39:51.501	154.2
15:39:51.509	86.1
15:39:51.522	16.5
15:39:51.534	-52.5
15:39:51.546	-115.1
15:39:51.558	-182.9
15:39:51.567	-248.4
15:39:51.579	-306.1
15:39:51.591	-358.3
15:39:51.599	-410.4
15:39:51.612	-457.6
15:39:51.624	-491.3
15:39:51.632	-522.5
15:39:51.644	-544.3
15:39:51.657	-564.8
15:39:51.665	-580.6
15:39:51.677	-593.8
15:39:51.689	-607.5
15:39:51.702	-616.8
15:39:51.710	-625.3
15:39:51.722	-632.0
15:39:51.734	-636.3
15:39:51.743	-638.4
15:39:51.755	-643.8
15:39:51.767	-643.5
15:39:51.775	-641.9
15:39:51.788	-637.7
15:39:51.800	-630.2
15:39:51.808	-624.0
15:39:51.820	-615.9
15:39:51.833	-609.7
15:39:51.841	-600.4
15:39:51.853	-594.1
15:39:51.865	-583.7
15:39:51.878	-577.6
15:39:51.886	-570.1
15:39:51.898	-565.4
15:39:51.910	-558.5
15:39:51.918	-553.4
15:39:51.931	-546.9
15:39:51.943	-540.5
15:39:51.955	-534.7
15:39:51.964	-526.8
15:39:51.976	-522.6
15:39:51.988	-515.8
15:39:51.996	-509.2
15:39:52.009	-501.0
15:39:52.021	-495.4
15:39:52.029	-488.4
15:39:52.041	-484.0
15:39:52.054	-478.1
15:39:52.062	-474.6
15:39:52.074	-470.7
15:39:52.086	-462.1
15:39:52.095	-456.8
15:39:52.107	-452.9
15:39:52.119	-449.7
15:39:52.131	-446.6
15:39:52.140	-443.9
15:39:52.152	-439.9
15:39:52.164	-437.1
15:39:52.173	-434.1
15:39:52.185	-430.8
15:39:52.197	-431.2
15:39:52.209	-429.1
15:39:52.218	-426.9
15:39:52.230	-424.7
15:39:52.242	-420.1
15:39:52.250	-414.7
15:39:52.263	-410.7
15:39:52.275	-405.6
15:39:52.283	-401.3
15:39:52.295	-396.5
15:39:52.308	-391.1
15:39:52.316	-387.2
15:39:52.328	-382.8
15:39:52.340	-376.5
15:39:52.349	-373.1
15:39:52.361	-370.0
15:39:52.373	-366.9
15:39:52.385	-363.7
15:39:52.394	-359.7
15:39:52.406	-355.3
15:39:52.418	-352.9
15:39:52.426	-354.3
15:39:52.439	-357.6
15:39:52.451	-363.7
15:39:52.459	-368.2
15:39:52.471	-374.9
15:39:52.484	-380.4
15:39:52.492	-386.9
15:39:52.504	-393.0
15:39:52.516	-400.8
15:39:52.529	-406.8
15:39:52.537	-409.2
15:39:52.549	-409.2
15:39:52.561	-407.2
15:39:52.570	-406.3
15:39:52.582	-403.0
15:39:52.594	-401.3
15:39:52.602	-397.2
15:39:52.615	-394.8
15:39:52.627	-391.5
15:39:52.639	-386.6
15:39:52.647	-381.7
15:39:52.660	-376.8
15:39:52.672	-372.1
15:39:52.680	-366.9
15:39:52.693	-361.0
15:39:52.705	-352.3
15:39:52.713	-345.5
15:39:52.725	-338.6
15:39:52.738	-332.4
15:39:52.746	-326.5
15:39:52.758	-319.5
15:39:52.770	-315.2
15:39:52.779	-309.6
15:39:52.791	-303.3
15:39:52.803	-300.4
15:39:52.815	-296.4
15:39:52.824	-292.4
15:39:52.836	-287.1
15:39:52.848	-280.7
15:39:52.856	-270.3
15:39:52.869	-260.7
15:39:52.881	-248.3
15:39:52.893	-235.5
15:39:52.901	-222.8
15:39:52.914	-209.0
15:39:52.926	-194.7
15:39:52.934	-180.4
15:39:52.947	-166.9
15:39:52.959	-153.6
15:39:52.967	-146.4
15:39:52.979	-138.0
15:39:52.991	-131.5
15:39:53.000	-126.7
15:39:53.012	-124.4
15:39:53.024	-121.3
15:39:53.032	-118.8
15:39:53.045	-117.8
15:39:53.057	-116.8
15:39:53.069	-113.3
15:39:53.077	-113.7
15:39:53.090	-111.9
15:39:53.102	-111.0
15:39:53.110	-111.4
15:39:53.123	-108.1
15:39:53.135	-106.8
15:39:53.143	-105.9
15:39:53.156	-104.1
15:39:53.168	-103.6
15:39:53.180	-105.5
15:39:53.188	-103.4
15:39:53.201	-103.4
15:39:53.213	-103.1
15:39:53.221	-100.9
15:39:53.233	-99.5
15:39:53.246	-96.5
15:39:53.254	-98.1
15:39:53.266	-95.7
15:39:53.278	-92.5
15:39:53.287	-89.9
15:39:53.299	-88.1
15:39:53.311	-86.2
15:39:53.323	-82.9
15:39:53.332	-79.5
15:39:53.344	-80.3
15:39:53.356	-78.6
15:39:53.364	-73.5
15:39:53.377	-71.8
15:39:53.389	-71.9
15:39:53.397	-69.6
15:39:53.409	-65.7
15:39:53.422	-64.2
15:39:53.430	-63.1
15:39:53.442	-63.2
15:39:53.454	-61.1
15:39:53.467	-60.0
15:39:53.475	-60.5
15:39:53.487	-60.5
15:39:53.499	-58.1
15:39:53.508	-59.7
15:39:53.520	-60.8
15:39:53.532	-61.4
15:39:53.540	-62.4
15:39:53.553	-60.6
15:39:53.565	-58.9
15:39:53.577	-59.1
15:39:53.585	-58.8
15:39:53.598	-58.5
15:39:53.610	-59.8
15:39:53.622	-58.7
15:39:53.630	-58.6
15:39:53.643	-58.1
15:39:53.655	-55.9
15:39:53.663	-57.9
15:39:53.676	-58.7
15:39:53.688	-58.2
15:39:53.696	-57.9
15:39:53.708	-59.1
15:39:53.720	-60.1
15:39:53.729	-62.1
15:39:53.741	-63.2
15:39:53.753	-65.9
15:39:53.761	-67.4
15:39:53.774	-67.1
15:39:53.786	-67.4
15:39:53.798	-69.4
15:39:53.807	-71.1
15:39:53.819	-71.6
15:39:53.831	-69.3
15:39:53.839	-67.1
15:39:53.852	-66.7
15:39:53.864	-64.6
15:39:53.876	-63.7
15:39:53.884	-62.1
15:39:53.897	-61.1
15:39:53.909	-59.8
15:39:53.917	-58.8
15:39:53.929	-57.0
15:39:53.942	-58.4
15:39:53.950	-58.3
15:39:53.962	-58.9
15:39:53.974	-58.9
15:39:53.983	-58.9
15:39:53.995	-59.4
15:39:54.007	-57.9
15:39:54.015	-57.4
15:39:54.028	-57.1
15:39:54.040	-58.3
15:39:54.052	-57.3
15:39:54.060	-55.8
15:39:54.073	-53.0
15:39:54.085	-50.5
15:39:54.093	-50.5
15:39:54.105	-49.9
15:39:54.118	-49.6
15:39:54.130	-47.2
15:39:54.138	-46.2
15:39:54.150	-44.9
15:39:54.163	-44.5
15:39:54.171	-46.1
15:39:54.183	-46.0
15:39:54.196	-47.5
15:39:54.204	-46.3
15:39:54.216	-46.4
15:39:54.228	-45.4
15:39:54.236	-46.6
15:39:54.249	-45.8
15:39:54.261	-45.7
15:39:54.269	-45.1
15:39:54.282	-44.1
15:39:54.294	-43.7
15:39:54.306	-42.0
15:39:54.315	-42.0
15:39:54.327	-38.8
15:39:54.339	-38.7
15:39:54.347	-38.4
15:39:54.360	-38.4
15:39:54.372	-36.5
15:39:54.380	-35.5
15:39:54.392	-33.3
15:39:54.405	-32.0
15:39:54.413	-32.3
15:39:54.425	-30.3
15:39:54.437	-31.8
15:39:54.450	-32.0
15:39:54.458	-30.8
15:39:54.470	-29.3
15:39:54.483	-29.7
15:39:54.491	-29.0
15:39:54.503	-29.3
15:39:54.515	-28.1
15:39:54.523	-26.4
15:39:54.536	-25.1
15:39:54.548	-21.4
15:39:54.560	-20.0
15:39:54.568	-19.1
15:39:54.581	-17.5
15:39:54.593	-13.5
15:39:54.601	-12.3
15:39:54.613	-10.9
15:39:54.626	-10.3
15:39:54.634	-8.0
15:39:54.646	-7.0
15:39:54.658	-6.5
15:39:54.667	-7.9
15:39:54.679	-8.6
15:39:54.691	-9.3
15:39:54.699	-13.0
15:39:54.712	-14.7
15:39:54.724	-17.8
15:39:54.736	-18.9
15:39:54.744	-20.6
15:39:54.757	-23.3
15:39:54.769	-28.0
15:39:54.777	-27.6
15:39:54.790	-27.1
15:39:54.802	-29.8
15:39:54.814	-29.5
15:39:54.822	-29.0
15:39:54.835	-29.7
15:39:54.847	-29.2
15:39:54.855	-30.0
15:39:54.867	-29.3
15:39:54.880	-27.7
15:39:54.888	-26.6
15:39:54.900	-26.4
15:39:54.912	-24.1
15:39:54.921	-24.3
15:39:54.933	-24.4
15:39:54.945	-21.3
15:39:54.953	-25.1
15:39:54.966	-24.2
15:39:54.978	-23.9
15:39:54.990	-22.2
15:39:54.998	-24.2
15:39:55.011	-24.5
15:39:55.023	-24.3
15:39:55.031	-24.3
15:39:55.043	-24.3
15:39:55.056	-25.1
15:39:55.064	-24.3
15:39:55.076	-26.2
15:39:55.088	-25.8
15:39:55.101	-28.1
15:39:55.109	-26.2
15:39:55.121	-26.3
15:39:55.133	-26.7
15:39:55.142	-25.5
15:39:55.154	-25.4
15:39:55.166	-25.4
15:39:55.174	-25.4
15:39:55.187	-22.3
15:39:55.199	-23.4
15:39:55.207	-25.8
15:39:55.219	-26.7
15:39:55.232	-28.0
15:39:55.244	-29.7
15:39:55.252	-31.1
15:39:55.265	-32.8
15:39:55.277	-34.6
15:39:55.285	-33.8
15:39:55.297	-36.6
15:39:55.310	-38.0
15:39:55.318	-36.5
15:39:55.330	-39.1
15:39:55.342	-40.5
15:39:55.350	-40.7
15:39:55.363	-42.3
15:39:55.375	-42.6
15:39:55.387	-42.2
15:39:55.396	-45.3
15:39:55.408	-45.1
15:39:55.420	-45.9
15:39:55.428	-48.5
15:39:55.441	-48.2
15:39:55.453	-47.2
15:39:55.461	-47.8
15:39:55.473	-48.0
15:39:55.486	-47.8
15:39:55.498	-48.9
15:39:55.506	-44.6
15:39:55.518	-43.5
15:39:55.531	-42.8
15:39:55.539	-40.3
15:39:55.551	-40.1
15:39:55.564	-39.8
15:39:55.576	-40.0
15:39:55.584	-39.6
15:39:55.596	-38.8
15:39:55.608	-40.0
15:39:55.617	-42.9
15:39:55.629	-49.9
15:39:55.641	-56.2
15:39:55.650	-63.9
15:39:55.662	-70.3
15:39:55.674	-76.5
15:39:55.682	-81.4
15:39:55.695	-87.0
15:39:55.707	-93.3
15:39:55.719	-98.7
15:39:55.727	-105.0
15:39:55.740	-108.3
15:39:55.752	-108.7
15:39:55.760	-110.0
15:39:55.772	-111.7
15:39:55.785	-113.4
15:39:55.797	-117.5
15:39:55.805	-119.9
15:39:55.817	-121.7
15:39:55.830	-121.2
15:39:55.838	-121.2
15:39:55.850	-120.0
15:39:55.862	-122.1
15:39:55.871	-122.2
15:39:55.883	-122.0
15:39:55.895	-123.7
15:39:55.904	-122.9
15:39:55.916	-120.5
15:39:55.928	-121.2
15:39:55.937	-123.1
15:39:55.949	-122.6
15:39:55.961	-124.5
15:39:55.973	-121.2
15:39:55.982	-121.4
15:39:55.994	-120.7
15:39:56.006	-119.2
15:39:56.014	-117.8
15:39:56.027	-117.7
15:39:56.039	-117.3
15:39:56.051	-116.1
15:39:56.059	-116.6
15:39:56.072	-115.8
15:39:56.084	-118.2
15:39:56.092	-117.0
15:39:56.104	-116.6
15:39:56.117	-115.8
15:39:56.125	-116.2
15:39:56.137	-117.9
15:39:56.149	-116.3
15:39:56.158	-114.7
15:39:56.170	-115.0
15:39:56.182	-112.4
15:39:56.190	-112.3
15:39:56.203	-113.1
15:39:56.215	-112.6
15:39:56.227	-111.5
15:39:56.235	-110.7
15:39:56.248	-109.1
15:39:56.260	-109.1
15:39:56.268	-109.1
15:39:56.280	-107.9
15:39:56.293	-107.0
15:39:56.301	-105.5
15:39:56.313	-103.0
15:39:56.326	-102.3
15:39:56.334	-102.0
15:39:56.346	-99.8
15:39:56.358	-99.4
15:39:56.371	-98.4
15:39:56.379	-97.6
15:39:56.391	-95.6
15:39:56.403	-96.2
15:39:56.411	-94.0
15:39:56.424	-93.8
15:39:56.436	-93.2
15:39:56.444	-93.0
15:39:56.457	-90.7
15:39:56.469	-89.5
15:39:56.481	-89.1
15:39:56.489	-88.2
15:39:56.502	-87.1
15:39:56.514	-86.2
15:39:56.522	-85.8
15:39:56.534	-83.2
15:39:56.547	-80.6
15:39:56.555	-79.3
15:39:56.567	-80.1
15:39:56.579	-79.1
15:39:56.588	-76.4
15:39:56.600	-73.5
15:39:56.612	-71.7
15:39:56.620	-70.5
15:39:56.633	-70.2
15:39:56.645	-71.1
15:39:56.657	-70.7
15:39:56.665	-68.6
15:39:56.678	-67.9
15:39:56.690	-65.8
15:39:56.698	-66.7
15:39:56.710	-67.7
15:39:56.723	-68.8
15:39:56.735	-67.4
15:39:56.743	-66.1
15:39:56.755	-63.9
15:39:56.768	-63.7
15:39:56.776	-63.5
15:39:56.788	-61.8
15:39:56.801	-63.4
15:39:56.809	-60.9
15:39:56.821	-59.4
15:39:56.833	-59.6
15:39:56.842	-58.7
15:39:56.854	-58.9
15:39:56.866	-57.5
15:39:56.874	-57.2
15:39:56.886	-55.4
15:39:56.899	-54.7
15:39:56.911	-51.6
15:39:56.919	-52.2
15:39:56.932	-51.1
15:39:56.944	-48.3
15:39:56.952	-47.1
15:39:56.964	-45.0
15:39:56.977	-45.4
15:39:56.985	-43.0
15:39:56.997	-44.8
15:39:57.009	-44.7
15:39:57.022	-44.7
15:39:57.030	-43.7
15:39:57.042	-43.1
15:39:57.054	-43.6
15:39:57.063	-41.8
15:39:57.075	-41.0
15:39:57.087	-38.6
15:39:57.095	-38.9
15:39:57.108	-36.3
15:39:57.120	-34.7
15:39:57.128	-32.8
15:39:57.140	-30.9
15:39:57.153	-28.5
15:39:57.165	-26.1
15:39:57.173	-26.7
15:39:57.185	-25.3
15:39:57.198	-26.7
15:39:57.206	-25.6
15:39:57.218	-25.2
15:39:57.230	-24.1
15:39:57.239	-24.8
15:39:57.251	-25.2
15:39:57.263	-25.9
15:39:57.271	-26.8
15:39:57.284	-27.7
15:39:57.296	-28.4
15:39:57.308	-26.4
15:39:57.316	-26.7
15:39:57.329	-25.3
15:39:57.341	-25.1
15:39:57.349	-24.7
15:39:57.361	-23.3
15:39:57.374	-22.5
15:39:57.382	-21.4
15:39:57.394	-20.5
15:39:57.407	-19.1
15:39:57.419	-18.8
15:39:57.427	-16.6
15:39:57.439	-16.7
15:39:57.452	-17.5
15:39:57.460	-17.1
15:39:57.472	-17.2
15:39:57.484	-17.4
15:39:57.493	-16.6
15:39:57.505	-15.3
15:39:57.517	-15.9
15:39:57.529	-16.0
15:39:57.538	-15.6
15:39:57.550	-14.6
15:39:57.562	-12.4
15:39:57.570	-10.1
15:39:57.583	-9.0
15:39:57.595	-7.6
15:39:57.603	-6.3
15:39:57.615	-4.2
15:39:57.628	-3.1
15:39:57.636	-1.4
15:39:57.648	1.0
15:39:57.660	1.8
15:39:57.673	2.8
15:39:57.681	4.2
15:39:57.693	6.7
15:39:57.705	7.9
15:39:57.714	9.5
15:39:57.726	10.5
15:39:57.738	13.2
15:39:57.750	15.5
15:39:57.759	15.4
15:39:57.771	18.0
15:39:57.783	19.3
15:39:57.792	22.0
15:39:57.804	24.5
15:39:57.816	27.7
15:39:57.825	29.1
15:39:57.837	33.1
15:39:57.849	35.6
15:39:57.857	37.5
15:39:57.870	41.1
15:39:57.882	42.2
15:39:57.894	43.5
15:39:57.902	44.4
15:39:57.915	45.2
15:39:57.927	47.1
15:39:57.935	49.9
15:39:57.947	51.6
15:39:57.960	51.6
15:39:57.972	53.5
15:39:57.980	52.7
15:39:57.992	53.4
15:39:58.005	54.7
15:39:58.013	54.7
15:39:58.025	54.3
15:39:58.037	52.1
15:39:58.046	51.4
15:39:58.058	50.5
15:39:58.070	51.9
15:39:58.078	49.2
15:39:58.091	49.3
15:39:58.103	49.5
15:39:58.111	48.2
15:39:58.123	49.1
15:39:58.136	50.0
15:39:58.148	51.8
15:39:58.156	51.5
15:39:58.168	52.0
15:39:58.181	52.2
15:39:58.189	54.8
15:39:58.201	54.5
15:39:58.213	56.0
15:39:58.222	58.7
15:39:58.234	58.4
15:39:58.246	57.6
15:39:58.254	56.6
15:39:58.267	58.2
15:39:58.279	55.4
15:39:58.291	56.9
15:39:58.299	56.2
15:39:58.312	57.3
15:39:58.324	55.1
15:39:58.332	52.9
15:39:58.345	53.3
15:39:58.357	54.3
15:39:58.365	54.6
15:39:58.377	53.8
15:39:58.390	57.0
15:39:58.402	55.7
15:39:58.410	56.4
15:39:58.422	57.8
15:39:58.435	58.6
15:39:58.443	59.9
15:39:58.455	59.2
15:39:58.467	57.2
15:39:58.476	58.0
15:39:58.488	59.2
15:39:58.500	56.0
15:39:58.508	54.6
15:39:58.521	54.1
15:39:58.533	52.2
15:39:58.541	51.9
15:39:58.554	50.4
15:39:58.566	49.6
15:39:58.578	52.7
15:39:58.587	50.7
15:39:58.599	48.7
15:39:58.611	51.6
15:39:58.619	51.0
15:39:58.632	49.8
15:39:58.644	50.5
15:39:58.656	50.5
15:39:58.664	51.4
15:39:58.677	51.4
15:39:58.689	48.6
15:39:58.697	48.9
15:39:58.709	49.6
15:39:58.722	47.9
15:39:58.730	48.5
15:39:58.742	48.1
15:39:58.754	48.4
15:39:58.763	48.5
15:39:58.775	47.9
15:39:58.787	49.4
15:39:58.795	51.7
15:39:58.808	54.9
15:39:58.820	59.0
15:39:58.832	63.1
15:39:58.840	66.6
15:39:58.853	71.1
15:39:58.865	72.0
15:39:58.873	76.9
15:39:58.885	80.9
15:39:58.898	81.5
15:39:58.906	81.9
15:39:58.918	81.5
15:39:58.931	80.4
15:39:58.943	79.6
15:39:58.951	76.9
15:39:58.963	75.0
15:39:58.976	75.7
15:39:58.984	73.2
15:39:58.996	70.9
15:39:59.008	70.9
15:39:59.017	68.6
15:39:59.029	67.6
15:39:59.041	65.9
15:39:59.049	63.8
15:39:59.062	64.0
15:39:59.074	64.8
15:39:59.086	61.1
15:39:59.094	59.7
15:39:59.107	59.7
15:39:59.119	56.8
15:39:59.127	57.0
15:39:59.139	54.7
15:39:59.152	54.1
15:39:59.160	52.1
15:39:59.172	49.5
15:39:59.184	45.0
15:39:59.193	43.2
15:39:59.205	40.0
15:39:59.217	35.5
15:39:59.230	32.7
15:39:59.238	31.1
15:39:59.250	27.9
15:39:59.262	22.0
15:39:59.270	17.7
15:39:59.283	15.3
15:39:59.295	12.2
15:39:59.303	10.8
15:39:59.316	7.9
15:39:59.328	7.5
15:39:59.340	6.3
15:39:59.348	3.5
15:39:59.361	3.8
15:39:59.373	5.0
15:39:59.381	4.9
15:39:59.393	2.8
15:39:59.406	2.1
15:39:59.414	-1.1
15:39:59.426	0.2
15:39:59.438	-0.4
15:39:59.446	0.0
15:39:59.459	-0.6
15:39:59.471	-3.1
15:39:59.479	-4.4
15:39:59.492	-4.3
15:39:59.504	-5.9
15:39:59.516	-6.2
15:39:59.524	-4.5
15:39:59.537	-7.5
15:39:59.549	-10.7
15:39:59.561	-14.3
15:39:59.569	-16.5
15:39:59.582	-17.7
15:39:59.594	-20.0
15:39:59.602	-22.9
15:39:59.614	-24.5
15:39:59.627	-26.5
15:39:59.639	-30.1
15:39:59.647	-32.7
15:39:59.659	-35.3
15:39:59.672	-36.8
15:39:59.680	-39.4
15:39:59.692	-42.0
15:39:59.704	-45.4
15:39:59.713	-49.3
15:39:59.725	-50.5
15:39:59.737	-52.1
15:39:59.745	-52.7
15:39:59.758	-52.6
15:39:59.770	-50.8
15:39:59.778	-52.1
15:39:59.790	-52.1
15:39:59.803	-51.9
15:39:59.815	-51.5
15:39:59.823	-50.9
15:39:59.836	-52.4
15:39:59.848	-52.9
15:39:59.856	-53.8
15:39:59.868	-55.7
15:39:59.881	-57.7
15:39:59.893	-56.7
15:39:59.901	-58.8
15:39:59.913	-59.5
15:39:59.926	-62.9
15:39:59.934	-63.1
15:39:59.946	-60.1
15:39:59.958	-63.2
15:39:59.967	-64.3
15:39:59.979	-66.3
15:39:59.991	-67.4
15:39:59.999	-69.5
15:40:00.012	-70.7
15:40:00.024	-72.2
15:40:00.032	-71.0
15:40:00.044	-70.8
15:40:00.057	-74.9
15:40:00.069	-74.3
15:40:00.077	-76.2
15:40:00.089	-73.8
15:40:00.102	-74.3
15:40:00.110	-74.0
15:40:00.122	-73.6
15:40:00.134	-73.2
15:40:00.143	-73.7
15:40:00.155	-75.2
15:40:00.167	-73.2
15:40:00.175	-72.1
15:40:00.188	-70.7
15:40:00.200	-72.7
15:40:00.212	-73.0
15:40:00.220	-73.4
15:40:00.233	-75.1
15:40:00.245	-76.4
15:40:00.253	-76.0
15:40:00.266	-76.2
15:40:00.278	-77.2
15:40:00.286	-77.9
15:40:00.298	-76.2
15:40:00.310	-75.7
15:40:00.323	-76.6
15:40:00.331	-75.5
15:40:00.343	-71.7
15:40:00.356	-70.5
15:40:00.364	-70.4
15:40:00.376	-68.9
15:40:00.388	-69.3
15:40:00.396	-68.8
15:40:00.409	-70.1
15:40:00.421	-71.5
15:40:00.429	-68.4
15:40:00.442	-68.8
15:40:00.454	-69.8
15:40:00.462	-70.6
15:40:00.474	-68.7
15:40:00.487	-69.3
15:40:00.499	-67.1
15:40:00.507	-66.5
15:40:00.519	-63.9
15:40:00.532	-60.6
15:40:00.540	-60.5
15:40:00.552	-57.5
15:40:00.564	-58.4
15:40:00.577	-54.8
15:40:00.585	-54.3
15:40:00.597	-52.6
15:40:00.609	-53.6
15:40:00.618	-51.2
15:40:00.630	-52.0
15:40:00.642	-50.1
15:40:00.650	-48.3
15:40:00.663	-49.5
15:40:00.675	-46.0
15:40:00.683	-46.4
15:40:00.696	-46.1
15:40:00.708	-44.7
15:40:00.716	-43.7
15:40:00.729	-44.2
15:40:00.741	-43.3
15:40:00.753	-42.4
15:40:00.761	-43.4
15:40:00.774	-41.7
15:40:00.786	-41.1
15:40:00.794	-41.3
15:40:00.806	-40.5
15:40:00.819	-41.1
15:40:00.827	-40.2
15:40:00.839	-38.0
15:40:00.851	-35.4
15:40:00.864	-35.0
15:40:00.872	-33.0
15:40:00.884	-34.8
15:40:00.896	-34.2
15:40:00.905	-32.9
15:40:00.917	-32.0
15:40:00.929	-31.0
15:40:00.937	-27.9
15:40:00.950	-30.2
15:40:00.962	-31.6
15:40:00.970	-31.3
15:40:00.982	-31.8
15:40:00.995	-29.8
15:40:01.007	-28.3
15:40:01.015	-29.2
15:40:01.028	-30.6
15:40:01.040	-29.4
15:40:01.048	-30.6
15:40:01.060	-29.2
15:40:01.072	-29.4
15:40:01.081	-30.0
15:40:01.093	-30.2
15:40:01.105	-30.0
15:40:01.113	-32.8
15:40:01.126	-30.1
15:40:01.138	-28.4
15:40:01.150	-28.9
15:40:01.159	-29.1
15:40:01.171	-28.1
15:40:01.183	-25.7
15:40:01.191	-24.8
15:40:01.204	-23.0
15:40:01.216	-22.7
15:40:01.224	-20.6
15:40:01.236	-22.3
15:40:01.249	-20.7
15:40:01.261	-20.5
15:40:01.269	-19.1
15:40:01.281	-18.1
15:40:01.294	-20.2
15:40:01.302	-21.2
15:40:01.314	-21.5
15:40:01.326	-21.2
15:40:01.335	-20.9
15:40:01.347	-19.2
15:40:01.359	-20.7
15:40:01.367	-17.9
15:40:01.380	-17.5
15:40:01.392	-15.4
15:40:01.400	-12.0
15:40:01.412	-11.0
15:40:01.425	-9.0
15:40:01.437	-6.2
15:40:01.445	-2.6
15:40:01.457	2.3
15:40:01.470	10.1
15:40:01.482	16.6
15:40:01.490	25.0
15:40:01.502	30.6
15:40:01.515	39.4
15:40:01.523	49.8
15:40:01.535	60.1
15:40:01.547	70.2
15:40:01.560	78.7
15:40:01.568	86.4
15:40:01.580	93.5
15:40:01.593	97.7
15:40:01.601	100.6
15:40:01.613	105.8
15:40:01.625	106.4
15:40:01.634	109.2
15:40:01.646	110.3
15:40:01.658	109.6
15:40:01.666	110.0
15:40:01.679	110.0
15:40:01.691	108.1
15:40:01.699	108.3
15:40:01.711	110.2
15:40:01.724	108.1
15:40:01.736	107.7
15:40:01.744	107.1
15:40:01.756	104.6
15:40:01.769	104.8
15:40:01.777	104.0
15:40:01.789	103.8
15:40:01.801	103.8
15:40:01.814	102.6
15:40:01.822	101.3
15:40:01.834	101.9
15:40:01.846	102.4
15:40:01.855	103.4
15:40:01.867	104.1
15:40:01.879	102.8
15:40:01.887	102.9
15:40:01.900	101.5
15:40:01.912	100.0
15:40:01.920	99.5
15:40:01.932	98.0
15:40:01.945	98.2
15:40:01.953	97.5
15:40:01.965	96.5
15:40:01.977	99.0
15:40:01.990	100.3
15:40:01.998	100.0
15:40:02.010	100.5
15:40:02.022	102.0
15:40:02.031	102.8
15:40:02.043	103.8
15:40:02.055	104.3
15:40:02.063	104.2
15:40:02.076	103.6
15:40:02.088	102.5
15:40:02.096	102.8
15:40:02.108	102.9
15:40:02.121	105.5
15:40:02.133	104.8
15:40:02.141	103.8
15:40:02.154	103.1
15:40:02.166	101.6
15:40:02.174	100.4
15:40:02.186	99.0
15:40:02.199	97.3
15:40:02.207	95.2
15:40:02.219	96.2
15:40:02.231	91.1
15:40:02.244	89.2
15:40:02.252	90.5
15:40:02.264	90.9
15:40:02.276	90.9
15:40:02.285	90.7
15:40:02.297	89.0
15:40:02.309	87.7
15:40:02.317	87.7
15:40:02.330	83.4
15:40:02.342	81.8
15:40:02.350	82.0
15:40:02.362	80.8
15:40:02.375	78.8
15:40:02.383	77.6
15:40:02.395	77.3
15:40:02.407	78.9
15:40:02.420	78.2
15:40:02.428	78.5
15:40:02.440	80.6
15:40:02.452	81.8
15:40:02.461	81.5
15:40:02.473	79.9
15:40:02.485	79.1
15:40:02.497	79.6
15:40:02.506	79.0
15:40:02.518	76.8
15:40:02.530	76.1
15:40:02.538	73.5
15:40:02.551	73.4
15:40:02.563	73.6
15:40:02.571	73.6
15:40:02.583	74.6
15:40:02.596	75.3
15:40:02.604	76.7
15:40:02.616	81.1
15:40:02.629	85.9
15:40:02.637	90.1
15:40:02.649	94.8
15:40:02.661	96.2
15:40:02.674	99.5
15:40:02.682	101.7
15:40:02.694	101.2
15:40:02.706	102.3
15:40:02.714	101.0
15:40:02.727	100.8
15:40:02.739	101.2
15:40:02.747	103.2
15:40:02.760	103.5
15:40:02.772	107.7
15:40:02.784	111.4
15:40:02.792	116.9
15:40:02.805	124.1
15:40:02.817	130.7
15:40:02.825	137.5
15:40:02.838	141.4
15:40:02.851	145.0
15:40:02.859	147.0
15:40:02.871	150.7
15:40:02.883	150.6
15:40:02.892	151.7
15:40:02.904	150.6
15:40:02.916	148.3
15:40:02.929	146.5
15:40:02.937	143.5
15:40:02.949	142.0
15:40:02.961	139.6
15:40:02.969	135.2
15:40:02.982	131.5
15:40:02.994	129.7
15:40:03.002	125.8
15:40:03.014	123.8
15:40:03.027	120.4
15:40:03.035	117.3
15:40:03.047	116.2
15:40:03.060	112.0
15:40:03.072	110.5
15:40:03.080	108.5
15:40:03.092	106.7
15:40:03.105	105.1
15:40:03.113	104.8
15:40:03.125	101.2
15:40:03.137	101.3
15:40:03.145	100.3
15:40:03.158	98.4
15:40:03.170	98.2
15:40:03.182	96.6
15:40:03.190	98.1
15:40:03.203	98.0
15:40:03.215	102.8
15:40:03.227	109.7
15:40:03.236	119.7
15:40:03.248	129.0
15:40:03.260	137.0
15:40:03.268	146.2
15:40:03.281	156.7
15:40:03.293	167.5
15:40:03.301	179.6
15:40:03.313	194.5
15:40:03.326	203.5
15:40:03.334	212.2
15:40:03.346	220.1
15:40:03.358	228.8
15:40:03.367	237.4
15:40:03.379	247.3
15:40:03.391	256.5
15:40:03.403	262.2
15:40:03.412	268.6
15:40:03.424	273.4
15:40:03.436	276.6
15:40:03.444	279.9
15:40:03.457	281.4
15:40:03.469	283.1
15:40:03.481	286.4
15:40:03.489	284.5
15:40:03.502	286.0
15:40:03.514	291.0
15:40:03.522	292.1
15:40:03.534	294.5
15:40:03.547	296.7
15:40:03.555	295.0
15:40:03.567	296.9
15:40:03.579	297.4
15:40:03.588	297.2
15:40:03.600	300.4
15:40:03.612	300.4
15:40:03.621	299.3
15:40:03.633	300.6
15:40:03.645	301.1
15:40:03.657	302.5
15:40:03.665	306.0
15:40:03.678	309.2
15:40:03.690	311.6
15:40:03.698	316.9
15:40:03.711	322.4
15:40:03.723	328.4
15:40:03.735	335.3
15:40:03.743	338.7
15:40:03.756	342.6
15:40:03.768	345.2
15:40:03.776	344.7
15:40:03.788	344.3
15:40:03.801	342.5
15:40:03.809	336.7
15:40:03.821	330.0
15:40:03.833	321.9
15:40:03.842	312.5
15:40:03.854	306.5
15:40:03.866	296.4
15:40:03.874	288.3
15:40:03.887	282.5
15:40:03.899	274.0
15:40:03.911	265.0
15:40:03.919	257.9
15:40:03.932	249.9
15:40:03.944	242.0
15:40:03.952	233.6
15:40:03.965	224.5
15:40:03.977	215.0
15:40:03.985	202.9
15:40:03.997	193.2
15:40:04.010	183.4
15:40:04.018	175.4
15:40:04.030	167.8
15:40:04.042	158.9
15:40:04.055	151.7
15:40:04.063	143.0
15:40:04.075	135.2
15:40:04.087	128.7
15:40:04.096	124.5
15:40:04.108	118.8
15:40:04.120	111.7
15:40:04.128	100.6
15:40:04.141	83.6
15:40:04.153	72.4
15:40:04.165	58.2
15:40:04.173	46.7
15:40:04.186	34.0
15:40:04.198	21.9
15:40:04.206	13.1
15:40:04.218	-1.1
15:40:04.231	-10.4
15:40:04.239	-15.1
15:40:04.251	-14.5
15:40:04.263	-16.9
15:40:04.272	-17.6
15:40:04.284	-20.9
15:40:04.296	-29.0
15:40:04.304	-37.1
15:40:04.317	-53.3
15:40:04.329	-66.6
15:40:04.341	-85.6
15:40:04.349	-104.2
15:40:04.362	-123.8
15:40:04.374	-142.5
15:40:04.382	-162.9
15:40:04.395	-180.3
15:40:04.407	-193.3
15:40:04.419	-205.0
15:40:04.427	-210.4
15:40:04.440	-214.8
15:40:04.452	-215.8
15:40:04.460	-217.7
15:40:04.473	-216.9
15:40:04.485	-217.4
15:40:04.493	-214.7
15:40:04.505	-214.4
15:40:04.518	-213.8
15:40:04.526	-214.0
15:40:04.538	-215.9
15:40:04.550	-216.5
15:40:04.559	-216.5
15:40:04.571	-215.9
15:40:04.583	-216.7
15:40:04.595	-216.7
15:40:04.604	-217.7
15:40:04.616	-216.3
15:40:04.627	-217.1
15:40:04.636	-217.6
15:40:04.648	-217.3
15:40:04.660	-217.7
15:40:04.668	-219.8
15:40:04.681	-220.4
15:40:04.693	-221.7
15:40:04.705	-224.6
15:40:04.713	-228.4
15:40:04.726	-233.2
15:40:04.738	-235.7
15:40:04.746	-238.1
15:40:04.758	-241.4
15:40:04.771	-243.6
15:40:04.779	-243.9
15:40:04.791	-246.6
15:40:04.803	-249.8
15:40:04.812	-253.1
15:40:04.824	-255.4
15:40:04.836	-255.5
15:40:04.848	-258.3
15:40:04.857	-258.5
15:40:04.869	-258.6
15:40:04.881	-260.8
15:40:04.890	-262.9
15:40:04.902	-263.9
15:40:04.914	-262.9
15:40:04.922	-262.6
15:40:04.935	-262.8
15:40:04.947	-265.0
15:40:04.955	-264.6
15:40:04.967	-266.5
15:40:04.980	-268.7
15:40:04.992	-268.5
15:40:05.000	-268.9
15:40:05.013	-269.1
15:40:05.025	-269.6
15:40:05.033	-270.9
15:40:05.045	-270.5
15:40:05.058	-270.7
15:40:05.066	-270.1
15:40:05.078	-269.9
15:40:05.090	-267.5
15:40:05.103	-266.8
15:40:05.111	-265.8
15:40:05.123	-264.4
15:40:05.135	-263.8
15:40:05.148	-261.4
15:40:05.156	-261.0
15:40:05.168	-259.9
15:40:05.180	-259.2
15:40:05.189	-257.3
15:40:05.201	-257.7
15:40:05.213	-258.1
15:40:05.221	-257.2
15:40:05.234	-255.4
15:40:05.246	-256.1
15:40:05.254	-253.9
15:40:05.266	-252.0
15:40:05.279	-249.6
15:40:05.287	-247.1
15:40:05.299	-244.2
15:40:05.311	-241.5
15:40:05.324	-236.8
15:40:05.332	-233.9
15:40:05.344	-233.5
15:40:05.357	-227.2
15:40:05.365	-225.7
15:40:05.377	-221.8
15:40:05.389	-219.6
15:40:05.401	-216.0
15:40:05.410	-215.3
15:40:05.422	-211.9
15:40:05.434	-206.8
15:40:05.442	-203.6
15:40:05.455	-198.4
15:40:05.467	-197.6
15:40:05.475	-195.1
15:40:05.488	-194.1
15:40:05.500	-190.1
15:40:05.508	-187.9
15:40:05.520	-184.8
15:40:05.533	-182.7
15:40:05.541	-182.5
15:40:05.553	-179.8
15:40:05.565	-179.5
15:40:05.578	-178.0
15:40:05.586	-173.6
15:40:05.598	-171.4
15:40:05.610	-170.3
15:40:05.619	-166.3
15:40:05.631	-163.5
15:40:05.643	-160.7
15:40:05.655	-157.7
15:40:05.664	-156.5
15:40:05.676	-155.0
15:40:05.688	-152.0
15:40:05.696	-150.1
15:40:05.709	-147.3
15:40:05.721	-143.3
15:40:05.730	-143.5
15:40:05.742	-140.4
15:40:05.754	-139.5
15:40:05.762	-140.3
15:40:05.775	-139.2
15:40:05.787	-135.2
15:40:05.795	-134.3
15:40:05.807	-133.7
15:40:05.819	-130.9
15:40:05.832	-130.9
15:40:05.840	-129.8
15:40:05.852	-130.3
15:40:05.864	-127.7
15:40:05.873	-124.9
15:40:05.885	-121.8
15:40:05.897	-123.7
15:40:05.905	-121.5
15:40:05.918	-120.5
15:40:05.930	-119.8
15:40:05.938	-118.1
15:40:05.950	-117.5
15:40:05.963	-115.1
15:40:05.975	-115.7
15:40:05.983	-114.3
15:40:05.996	-114.7
15:40:06.008	-109.5
15:40:06.016	-110.5
15:40:06.028	-110.4
15:40:06.041	-110.4
15:40:06.049	-110.9
15:40:06.061	-110.1
15:40:06.073	-107.9
15:40:06.086	-104.3
15:40:06.094	-103.6
15:40:06.106	-101.9
15:40:06.118	-100.8
15:40:06.127	-95.4
15:40:06.139	-91.4
15:40:06.151	-89.8
15:40:06.159	-87.6
15:40:06.172	-85.0
15:40:06.184	-86.3
15:40:06.192	-85.1
15:40:06.204	-83.7
15:40:06.217	-82.2
15:40:06.225	-81.4
15:40:06.237	-82.7
15:40:06.249	-83.1
15:40:06.262	-81.7
15:40:06.270	-79.9
15:40:06.282	-78.5
15:40:06.294	-76.6
15:40:06.303	-75.5
15:40:06.315	-74.3
15:40:06.327	-73.4
15:40:06.339	-73.2
15:40:06.348	-72.6
15:40:06.360	-73.7
15:40:06.372	-72.4
15:40:06.380	-72.6
15:40:06.393	-70.2
15:40:06.405	-67.9
15:40:06.413	-67.4
15:40:06.425	-67.7
15:40:06.438	-67.5
15:40:06.446	-66.4
15:40:06.458	-65.0
15:40:06.471	-62.2
15:40:06.479	-63.2
15:40:06.491	-62.5
15:40:06.503	-62.8
15:40:06.516	-62.6
15:40:06.524	-61.1
15:40:06.536	-59.4
15:40:06.548	-57.5
15:40:06.556	-56.9
15:40:06.569	-56.2
15:40:06.581	-54.3
15:40:06.589	-53.2
15:40:06.602	-50.3
15:40:06.614	-48.1
15:40:06.626	-45.6
15:40:06.634	-44.6
15:40:06.647	-42.2
15:40:06.659	-42.8
15:40:06.667	-43.1
15:40:06.679	-42.7
15:40:06.692	-42.4
15:40:06.700	-39.0
15:40:06.712	-39.7
15:40:06.724	-39.4
15:40:06.733	-39.8
15:40:06.745	-39.4
15:40:06.757	-39.9
15:40:06.769	-37.2
15:40:06.778	-34.0
15:40:06.790	-33.7
15:40:06.802	-33.5
15:40:06.811	-32.5
15:40:06.823	-31.7
15:40:06.835	-28.4
15:40:06.843	-26.3
15:40:06.855	-23.2
15:40:06.868	-20.3
15:40:06.876	-17.7
15:40:06.888	-15.6
15:40:06.900	-10.3
15:40:06.913	-7.6
15:40:06.921	-5.8
15:40:06.933	-2.6
15:40:06.945	-2.2
15:40:06.954	1.0
15:40:06.966	2.2
15:40:06.978	4.8
15:40:06.986	2.9
15:40:06.999	3.1
15:40:07.011	3.3
15:40:07.023	6.5
15:40:07.032	8.8
15:40:07.044	10.1
15:40:07.056	11.1
15:40:07.064	11.3
15:40:07.077	10.7
15:40:07.089	11.4
15:40:07.097	15.5
15:40:07.109	17.9
15:40:07.122	18.9
15:40:07.130	17.1
15:40:07.142	16.7
15:40:07.154	18.3
15:40:07.163	18.7
15:40:07.175	17.4
15:40:07.187	18.1
15:40:07.199	17.1
15:40:07.208	17.6
15:40:07.220	16.6
15:40:07.232	17.7
15:40:07.240	20.1
15:40:07.253	19.9
15:40:07.265	20.0
15:40:07.277	19.2
15:40:07.285	21.6
15:40:07.298	22.9
15:40:07.310	22.8
15:40:07.318	24.1
15:40:07.330	24.7
15:40:07.343	24.8
15:40:07.355	24.9
15:40:07.363	25.9
15:40:07.375	25.9
15:40:07.388	28.6
15:40:07.396	27.7
15:40:07.408	30.8
15:40:07.420	33.4
15:40:07.429	34.7
15:40:07.441	37.2
15:40:07.453	39.4
15:40:07.461	40.8
15:40:07.474	43.6
15:40:07.486	45.1
15:40:07.499	46.7
15:40:07.507	49.0
15:40:07.520	48.0
15:40:07.531	49.2
15:40:07.539	49.5
15:40:07.552	51.0
15:40:07.564	50.2
15:40:07.576	53.5
15:40:07.584	53.2
15:40:07.597	55.1
15:40:07.609	54.7
15:40:07.617	56.0
15:40:07.630	56.7
15:40:07.642	57.6
15:40:07.650	56.7
15:40:07.662	56.6
15:40:07.675	57.4
15:40:07.683	56.4
15:40:07.695	58.8
15:40:07.707	62.1
15:40:07.715	65.2
15:40:07.728	69.2
15:40:07.740	71.4
15:40:07.752	75.3
15:40:07.761	79.9
15:40:07.773	82.4
15:40:07.786	87.0
15:40:07.794	90.3
15:40:07.806	92.6
15:40:07.818	94.3
15:40:07.826	94.7
15:40:07.839	93.4
15:40:07.851	94.5
15:40:07.859	93.9
15:40:07.871	95.1
15:40:07.884	95.7
15:40:07.896	96.9
15:40:07.904	96.4
15:40:07.916	97.9
15:40:07.929	97.2
15:40:07.937	98.7
15:40:07.949	98.8
15:40:07.961	99.1
15:40:07.970	98.9
15:40:07.982	97.2
15:40:07.994	97.1
15:40:08.006	95.0
15:40:08.015	95.3
15:40:08.027	93.8
15:40:08.039	94.0
15:40:08.048	93.3
15:40:08.060	92.2
15:40:08.072	92.1
15:40:08.080	91.6
15:40:08.093	91.5
15:40:08.105	95.7
15:40:08.113	102.1
15:40:08.125	113.5
15:40:08.138	132.9
15:40:08.146	153.6
15:40:08.158	181.2
15:40:08.171	221.3
15:40:08.183	280.9
15:40:08.191	356.9
15:40:08.203	445.9
15:40:08.215	529.9
15:40:08.224	610.1
15:40:08.236	687.3
15:40:08.248	757.0
15:40:08.261	829.0
15:40:08.269	896.7
15:40:08.281	953.6
15:40:08.293	991.0
15:40:08.301	1012.4
15:40:08.314	1023.2
15:40:08.326	1038.6
15:40:08.334	1073.6
15:40:08.346	1111.3
15:40:08.359	1149.2
15:40:08.367	1193.7
15:40:08.379	1257.6
15:40:08.391	1321.3
15:40:08.400	1384.6
15:40:08.412	1451.4
15:40:08.424	1512.1
15:40:08.437	1568.8
15:40:08.445	1603.8
15:40:08.457	1630.5
15:40:08.469	1653.0
15:40:08.478	1663.5
15:40:08.490	1647.3
15:40:08.502	1627.3
15:40:08.510	1605.9
15:40:08.523	1577.0
15:40:08.535	1550.3
15:40:08.547	1519.9
15:40:08.556	1489.8
15:40:08.568	1454.4
15:40:08.580	1419.6
15:40:08.588	1383.1
15:40:08.601	1348.9
15:40:08.613	1318.0
15:40:08.621	1282.8
15:40:08.633	1249.6
15:40:08.646	1218.2
15:40:08.654	1188.2
15:40:08.666	1157.9
15:40:08.678	1130.1
15:40:08.691	1102.9
15:40:08.699	1076.5
15:40:08.711	1050.8
15:40:08.723	1022.3
15:40:08.732	997.6
15:40:08.744	971.9
15:40:08.756	945.2
15:40:08.764	916.5
15:40:08.777	889.3
15:40:08.789	865.3
15:40:08.797	842.4
15:40:08.809	814.9
15:40:08.822	784.3
15:40:08.834	754.9
15:40:08.842	723.3
15:40:08.854	693.9
15:40:08.867	662.9
15:40:08.875	634.0
15:40:08.887	604.4
15:40:08.900	574.9
15:40:08.908	543.0
15:40:08.920	518.2
15:40:08.932	496.8
15:40:08.945	475.0
15:40:08.953	455.7
15:40:08.965	435.4
15:40:08.977	415.9
15:40:08.985	390.5
15:40:08.998	359.1
15:40:09.010	322.3
15:40:09.018	284.4
15:40:09.031	238.5
15:40:09.043	185.7
15:40:09.055	132.5
15:40:09.063	75.0
15:40:09.076	15.9
15:40:09.084	-44.3
15:40:09.096	-97.6
15:40:09.108	-146.7
15:40:09.121	-189.9
15:40:09.129	-231.5
15:40:09.141	-266.2
15:40:09.153	-291.9
15:40:09.166	-317.3
15:40:09.174	-337.3
15:40:09.186	-355.7
15:40:09.198	-371.3
15:40:09.207	-389.8
15:40:09.219	-402.7
15:40:09.231	-419.2
15:40:09.244	-436.3
15:40:09.252	-452.9
15:40:09.264	-470.5
15:40:09.276	-484.1
15:40:09.284	-499.5
15:40:09.297	-513.8
15:40:09.309	-527.4
15:40:09.317	-536.7
15:40:09.329	-549.3
15:40:09.342	-555.7
15:40:09.350	-558.7
15:40:09.362	-562.5
15:40:09.375	-562.8
15:40:09.383	-567.7
15:40:09.395	-570.1
15:40:09.407	-574.9
15:40:09.420	-580.8
15:40:09.428	-588.0
15:40:09.440	-593.8
15:40:09.452	-599.4
15:40:09.460	-605.2
15:40:09.473	-607.4
15:40:09.485	-612.5
15:40:09.497	-612.5
15:40:09.506	-614.7
15:40:09.518	-611.2
15:40:09.530	-608.9
15:40:09.538	-605.4
15:40:09.551	-600.1
15:40:09.563	-595.1
15:40:09.571	-587.4
15:40:09.583	-583.5
15:40:09.596	-578.0
15:40:09.604	-573.2
15:40:09.616	-567.7
15:40:09.628	-563.4
15:40:09.637	-554.9
15:40:09.649	-548.1
15:40:09.661	-539.5
15:40:09.673	-532.2
15:40:09.682	-525.4
15:40:09.694	-517.2
15:40:09.706	-508.8
15:40:09.714	-500.9
15:40:09.727	-492.9
15:40:09.739	-484.6
15:40:09.747	-480.1
15:40:09.760	-472.3
15:40:09.772	-466.0
15:40:09.780	-458.5
15:40:09.792	-452.6
15:40:09.805	-446.8
15:40:09.817	-441.5
15:40:09.825	-437.3
15:40:09.837	-431.9
15:40:09.850	-429.3
15:40:09.858	-423.1
15:40:09.870	-418.9
15:40:09.882	-414.3
15:40:09.891	-409.0
15:40:09.903	-405.0
15:40:09.915	-399.7
15:40:09.927	-394.0
15:40:09.936	-388.7
15:40:09.948	-384.5
15:40:09.961	-376.4
15:40:09.968	-371.6
15:40:09.981	-368.1
15:40:09.993	-364.1
15:40:10.001	-361.5
15:40:10.013	-356.3
15:40:10.026	-354.5
15:40:10.034	-349.7
15:40:10.046	-346.3
15:40:10.058	-341.0
15:40:10.067	-337.3
15:40:10.079	-333.8
15:40:10.091	-327.7
15:40:10.104	-323.5
15:40:10.112	-320.2
15:40:10.124	-317.5
15:40:10.136	-312.2
15:40:10.144	-311.2
15:40:10.157	-307.9
15:40:10.169	-305.8
15:40:10.181	-305.1
15:40:10.190	-302.4
15:40:10.202	-299.6
15:40:10.214	-297.0
15:40:10.222	-293.6
15:40:10.235	-290.6
15:40:10.247	-287.5
15:40:10.255	-283.3
15:40:10.267	-278.8
15:40:10.280	-274.8
15:40:10.288	-269.9
15:40:10.300	-266.1
15:40:10.312	-263.4
15:40:10.321	-261.7
15:40:10.333	-255.2
15:40:10.345	-250.9
15:40:10.357	-247.4
15:40:10.366	-245.6
15:40:10.378	-242.7
15:40:10.390	-239.2
15:40:10.398	-237.2
15:40:10.411	-235.0
15:40:10.423	-233.9
15:40:10.431	-231.1
15:40:10.443	-228.5
15:40:10.456	-227.1
15:40:10.468	-224.3
15:40:10.476	-220.6
15:40:10.488	-217.0
15:40:10.501	-213.2
15:40:10.509	-207.7
15:40:10.521	-199.8
15:40:10.534	-189.8
15:40:10.542	-182.4
15:40:10.554	-178.6
15:40:10.566	-171.6
15:40:10.574	-165.4
15:40:10.587	-158.0
15:40:10.599	-151.3
15:40:10.611	-145.5
15:40:10.619	-141.3
15:40:10.632	-140.2
15:40:10.644	-139.4
15:40:10.652	-132.9
15:40:10.664	-130.1
15:40:10.677	-125.2
15:40:10.685	-123.3
15:40:10.697	-120.7
15:40:10.710	-119.7
15:40:10.718	-118.6
15:40:10.730	-115.0
15:40:10.742	-114.3
15:40:10.755	-113.3
15:40:10.763	-115.2
15:40:10.775	-115.9
15:40:10.787	-116.2
15:40:10.796	-115.5
15:40:10.808	-116.2
15:40:10.820	-116.0
15:40:10.828	-114.6
15:40:10.841	-115.1
15:40:10.853	-110.9
15:40:10.865	-109.9
15:40:10.873	-106.3
15:40:10.886	-104.3
15:40:10.898	-103.3
15:40:10.906	-101.6
15:40:10.919	-99.1
15:40:10.931	-96.8
15:40:10.939	-97.0
15:40:10.952	-95.9
15:40:10.964	-96.3
15:40:10.972	-94.2
15:40:10.984	-95.4
15:40:10.997	-90.3
15:40:11.005	-87.3
15:40:11.017	-84.5
15:40:11.029	-83.8
15:40:11.042	-84.1
15:40:11.050	-79.6
15:40:11.062	-80.7
15:40:11.074	-80.0
15:40:11.082	-78.1
15:40:11.095	-74.6
15:40:11.107	-74.6
15:40:11.119	-74.1
15:40:11.128	-73.7
15:40:11.140	-72.7
15:40:11.152	-70.8
15:40:11.160	-70.0
15:40:11.173	-67.1
15:40:11.185	-64.9
15:40:11.193	-63.0
15:40:11.205	-64.0
15:40:11.218	-63.7
15:40:11.226	-65.2
15:40:11.238	-64.3
15:40:11.250	-64.7
15:40:11.259	-64.5
15:40:11.271	-65.8
15:40:11.283	-64.1
15:40:11.295	-60.4
15:40:11.304	-60.1
15:40:11.316	-58.1
15:40:11.328	-56.6
15:40:11.340	-53.8
15:40:11.349	-53.9
15:40:11.361	-50.4
15:40:11.373	-47.8
15:40:11.381	-45.7
15:40:11.394	-45.0
15:40:11.406	-45.1
15:40:11.418	-43.5
15:40:11.426	-42.8
15:40:11.439	-43.2
15:40:11.451	-41.3
15:40:11.459	-38.4
15:40:11.472	-36.5
15:40:11.484	-33.4
15:40:11.492	-30.0
15:40:11.504	-26.8
15:40:11.516	-25.3
15:40:11.525	-23.0
15:40:11.537	-19.5
15:40:11.549	-15.4
15:40:11.557	-11.8
15:40:11.570	-9.7
15:40:11.582	-9.1
15:40:11.594	-9.1
15:40:11.603	-9.5
15:40:11.615	-9.8
15:40:11.627	-10.9
15:40:11.635	-13.1
15:40:11.648	-15.4
15:40:11.660	-17.2
15:40:11.668	-20.5
15:40:11.680	-21.9
15:40:11.693	-25.4
15:40:11.701	-26.5
15:40:11.713	-28.2
15:40:11.725	-28.6
15:40:11.738	-28.7
15:40:11.746	-30.0
15:40:11.758	-32.8
15:40:11.770	-35.1
15:40:11.779	-36.5
15:40:11.791	-39.5
15:40:11.803	-40.2
15:40:11.811	-41.9
15:40:11.824	-45.3
15:40:11.836	-48.2
15:40:11.848	-49.7
15:40:11.856	-50.9
15:40:11.869	-53.3
15:40:11.881	-54.0
15:40:11.889	-56.2
15:40:11.901	-56.4
15:40:11.914	-59.2
15:40:11.922	-66.0
15:40:11.934	-70.7
15:40:11.946	-77.0
15:40:11.955	-85.7
15:40:11.967	-90.8
15:40:11.979	-94.2
15:40:11.987	-101.0
15:40:12.000	-107.6
15:40:12.012	-114.6
15:40:12.024	-118.2
15:40:12.033	-119.0
15:40:12.045	-120.1
15:40:12.057	-119.0
15:40:12.065	-117.6
15:40:12.078	-120.0
15:40:12.090	-122.9
15:40:12.102	-124.3
15:40:12.110	-125.0
15:40:12.123	-124.9
15:40:12.135	-127.3
15:40:12.143	-130.7
15:40:12.155	-129.7
15:40:12.168	-133.3
15:40:12.176	-134.6
15:40:12.188	-135.4
15:40:12.200	-134.0
15:40:12.209	-133.6
15:40:12.221	-133.3
15:40:12.233	-134.4
15:40:12.241	-133.3
15:40:12.254	-130.0
15:40:12.266	-132.1
15:40:12.278	-130.2
15:40:12.287	-128.3
15:40:12.299	-126.3
15:40:12.311	-122.8
15:40:12.319	-122.5
15:40:12.331	-121.0
15:40:12.344	-117.5
15:40:12.352	-115.8
15:40:12.364	-115.7
15:40:12.376	-113.2
15:40:12.389	-112.1
15:40:12.397	-113.4
15:40:12.409	-113.4
15:40:12.422	-117.1
15:40:12.430	-114.3
15:40:12.442	-113.5
15:40:12.454	-114.1
15:40:12.463	-112.8
15:40:12.475	-110.1
15:40:12.487	-109.3
15:40:12.495	-108.4
15:40:12.508	-106.4
15:40:12.520	-105.9
15:40:12.532	-104.3
15:40:12.540	-103.4
15:40:12.553	-103.5
15:40:12.565	-101.9
15:40:12.573	-99.6
15:40:12.585	-98.4
15:40:12.598	-95.8
15:40:12.606	-94.8
15:40:12.618	-91.9
15:40:12.630	-90.6
15:40:12.639	-85.9
15:40:12.651	-83.5
15:40:12.663	-79.5
15:40:12.675	-74.4
15:40:12.684	-74.1
15:40:12.696	-72.4
15:40:12.708	-71.8
15:40:12.716	-69.6
15:40:12.729	-69.5
15:40:12.741	-65.2
15:40:12.749	-63.1
15:40:12.762	-58.4
15:40:12.774	-53.8
15:40:12.786	-53.3
15:40:12.795	-46.5
15:40:12.807	-42.8
15:40:12.819	-38.6
15:40:12.827	-35.1
15:40:12.839	-27.9
15:40:12.852	-26.0
15:40:12.860	-23.2
15:40:12.872	-22.5
15:40:12.885	-22.0
15:40:12.893	-18.7
15:40:12.905	-18.9
15:40:12.917	-17.5
15:40:12.925	-16.8
15:40:12.938	-13.5
15:40:12.950	-15.4
15:40:12.962	-13.1
15:40:12.970	-12.7
15:40:12.983	-13.5
15:40:12.995	-11.9
15:40:13.003	-13.7
15:40:13.016	-13.5
15:40:13.028	-13.8
15:40:13.040	-13.4
15:40:13.048	-14.5
15:40:13.061	-13.9
15:40:13.073	-15.2
15:40:13.081	-17.2
15:40:13.093	-15.6
15:40:13.106	-16.3
15:40:13.114	-15.7
15:40:13.126	-17.2
15:40:13.138	-14.0
15:40:13.147	-13.3
15:40:13.159	-12.8
15:40:13.171	-12.6
15:40:13.179	-11.2
15:40:13.192	-8.2
15:40:13.204	-8.6
15:40:13.216	-9.3
15:40:13.224	-8.7
15:40:13.237	-7.0
15:40:13.249	-8.9
15:40:13.257	-9.9
15:40:13.269	-10.3
15:40:13.282	-8.4
15:40:13.290	-7.9
15:40:13.302	-8.1
15:40:13.314	-5.9
15:40:13.327	-6.7
15:40:13.335	-7.0
15:40:13.347	-7.4
15:40:13.360	-7.2
15:40:13.368	-5.9
15:40:13.380	-6.8
15:40:13.392	-7.3
15:40:13.400	-7.7
15:40:13.413	-8.5
15:40:13.425	-10.6
15:40:13.433	-8.6
15:40:13.445	-7.7
15:40:13.458	-5.4
15:40:13.470	-7.6
15:40:13.478	-9.5
15:40:13.491	-7.8
15:40:13.503	-10.1
15:40:13.515	-8.9
15:40:13.523	-8.3
15:40:13.536	-6.5
15:40:13.548	-6.1
15:40:13.556	-7.2
15:40:13.568	-11.6
15:40:13.581	-11.0
15:40:13.589	-11.2
15:40:13.601	-11.8
15:40:13.613	-10.9
15:40:13.622	-12.5
15:40:13.634	-12.9
15:40:13.646	-15.8
15:40:13.658	-16.8
15:40:13.667	-18.2
15:40:13.679	-16.3
15:40:13.691	-15.0
15:40:13.699	-13.5
15:40:13.712	-13.3
15:40:13.724	-13.1
15:40:13.732	-12.2
15:40:13.744	-12.6
15:40:13.757	-12.0
15:40:13.769	-11.8
15:40:13.777	-8.5
15:40:13.789	-8.7
15:40:13.802	-7.8
15:40:13.810	-6.1
15:40:13.822	-4.6
15:40:13.834	-3.0
15:40:13.843	-1.5
15:40:13.855	0.5
15:40:13.867	3.0
15:40:13.875	4.3
15:40:13.888	3.7
15:40:13.900	4.5
15:40:13.908	4.4
15:40:13.920	4.7
15:40:13.933	4.4
15:40:13.945	4.5
15:40:13.953	5.3
15:40:13.966	5.1
15:40:13.978	4.4
15:40:13.986	5.6
15:40:13.998	6.2
15:40:14.011	7.0
15:40:14.023	5.8
15:40:14.031	5.7
15:40:14.043	9.1
15:40:14.056	13.6
15:40:14.064	17.8
15:40:14.076	20.5
15:40:14.088	24.4
15:40:14.097	26.4
15:40:14.109	27.2
15:40:14.121	30.0
15:40:14.130	33.1
15:40:14.142	34.9
15:40:14.154	34.0
15:40:14.162	31.5
15:40:14.174	29.8
15:40:14.187	30.2
15:40:14.199	28.7
15:40:14.207	29.4
15:40:14.220	34.5
15:40:14.232	38.2
15:40:14.240	43.0
15:40:14.252	47.0
15:40:14.265	49.7
15:40:14.273	53.3
15:40:14.285	55.7
15:40:14.297	58.6
15:40:14.310	62.6
15:40:14.318	65.8
15:40:14.330	65.9
15:40:14.342	65.9
15:40:14.351	65.0
15:40:14.363	62.5
15:40:14.375	62.5
15:40:14.384	61.1
15:40:14.396	61.0
15:40:14.408	60.5
15:40:14.416	60.6
15:40:14.429	58.6
15:40:14.441	59.9
15:40:14.453	58.1
15:40:14.462	57.3
15:40:14.474	60.2
15:40:14.486	59.9
15:40:14.494	62.7
15:40:14.507	65.0
15:40:14.519	69.3
15:40:14.527	71.9
15:40:14.539	75.9
15:40:14.552	78.8
15:40:14.560	83.9
15:40:14.572	88.6
15:40:14.584	92.6
15:40:14.597	96.2
15:40:14.605	98.5
15:40:14.617	99.4
15:40:14.629	99.4
15:40:14.638	99.9
15:40:14.650	103.3
15:40:14.662	107.2
15:40:14.670	109.4
15:40:14.683	111.5
15:40:14.695	114.2
15:40:14.707	118.4
15:40:14.715	120.3
15:40:14.728	123.6
15:40:14.740	127.1
15:40:14.748	129.4
15:40:14.760	129.5
15:40:14.773	126.1
15:40:14.781	125.6
15:40:14.793	125.3
15:40:14.805	121.9
15:40:14.814	123.5
15:40:14.826	123.7
15:40:14.838	121.5
15:40:14.847	119.0
15:40:14.859	118.3
15:40:14.871	117.1
15:40:14.883	115.5
15:40:14.892	115.5
15:40:14.904	112.0
15:40:14.916	112.8
15:40:14.924	107.8
15:40:14.937	105.8
15:40:14.949	104.2
15:40:14.961	104.8
15:40:14.969	104.8
15:40:14.982	106.4
15:40:14.994	114.0
15:40:15.006	118.6
15:40:15.014	128.5
15:40:15.027	135.2
15:40:15.039	143.5
15:40:15.047	149.4
15:40:15.060	158.0
15:40:15.072	162.6
15:40:15.080	168.5
15:40:15.092	171.9
15:40:15.105	172.7
15:40:15.113	172.8
15:40:15.125	172.2
15:40:15.137	171.3
15:40:15.146	170.4
15:40:15.158	172.1
15:40:15.170	171.5
15:40:15.182	170.3
15:40:15.191	167.3
15:40:15.203	166.7
15:40:15.215	165.1
15:40:15.223	165.3
15:40:15.236	164.3
15:40:15.248	163.6
15:40:15.260	162.2
15:40:15.269	159.6
15:40:15.281	157.9
15:40:15.293	156.5
15:40:15.301	156.4
15:40:15.314	153.8
15:40:15.326	149.7
15:40:15.334	147.8
15:40:15.346	142.6
15:40:15.359	139.3
15:40:15.367	136.9
15:40:15.379	133.4
15:40:15.391	129.3
15:40:15.400	127.6
15:40:15.412	123.5
15:40:15.424	118.4
15:40:15.436	113.3
15:40:15.445	105.5
15:40:15.457	107.1
15:40:15.469	100.6
15:40:15.477	92.1
15:40:15.490	86.4
15:40:15.502	81.8
15:40:15.510	75.1
15:40:15.522	67.6
15:40:15.535	62.8
15:40:15.543	59.6
15:40:15.555	54.5
15:40:15.567	40.5
15:40:15.580	27.8
15:40:15.588	16.9
15:40:15.600	3.1
15:40:15.612	-11.7
15:40:15.621	-24.6
15:40:15.633	-37.6
15:40:15.645	-48.8
15:40:15.653	-62.2
15:40:15.666	-75.3
15:40:15.678	-85.5
15:40:15.690	-92.0
15:40:15.699	-98.8
15:40:15.711	-104.2
15:40:15.723	-110.5
15:40:15.731	-116.5
15:40:15.744	-121.0
15:40:15.756	-129.1
15:40:15.764	-133.9
15:40:15.776	-136.4
15:40:15.789	-140.2
15:40:15.797	-142.7
15:40:15.809	-144.7
15:40:15.821	-146.9
15:40:15.830	-148.5
15:40:15.842	-151.0
15:40:15.854	-152.3
15:40:15.866	-152.9
15:40:15.875	-156.0
15:40:15.887	-157.7
15:40:15.899	-159.2
15:40:15.907	-161.1
15:40:15.920	-162.8
15:40:15.932	-164.3
15:40:15.944	-165.6
15:40:15.952	-165.0
15:40:15.965	-164.3
15:40:15.977	-163.4
15:40:15.985	-160.7
15:40:15.997	-161.4
15:40:16.010	-161.3
15:40:16.018	-161.9
15:40:16.030	-159.8
15:40:16.043	-158.9
15:40:16.051	-158.9
15:40:16.063	-160.2
15:40:16.075	-162.8
15:40:16.083	-163.4
15:40:16.096	-164.1
15:40:16.108	-163.6
15:40:16.120	-162.2
15:40:16.129	-158.1
15:40:16.141	-160.5
15:40:16.153	-159.5
15:40:16.161	-158.1
15:40:16.174	-156.7
15:40:16.186	-156.7
15:40:16.194	-156.4
15:40:16.206	-157.6
15:40:16.219	-157.1
15:40:16.231	-157.9
15:40:16.239	-159.6
15:40:16.251	-159.6
15:40:16.264	-159.9
15:40:16.272	-159.7
15:40:16.284	-160.8
15:40:16.297	-159.5
15:40:16.305	-161.2
15:40:16.317	-159.2
15:40:16.329	-160.9
15:40:16.337	-160.8
15:40:16.350	-161.5
15:40:16.362	-161.3
15:40:16.374	-161.9
15:40:16.382	-162.7
15:40:16.395	-161.8
15:40:16.407	-162.1
15:40:16.415	-159.4
15:40:16.428	-161.2
15:40:16.440	-160.9
15:40:16.448	-161.4
15:40:16.461	-161.7
15:40:16.472	-161.0
15:40:16.480	-162.0
15:40:16.493	-162.2
15:40:16.505	-162.7
15:40:16.517	-162.4
15:40:16.525	-164.1
15:40:16.538	-164.7
15:40:16.550	-164.8
15:40:16.558	-165.3
15:40:16.570	-164.5
15:40:16.583	-163.1
15:40:16.591	-161.2
15:40:16.603	-158.7
15:40:16.615	-154.9
15:40:16.628	-153.9
15:40:16.636	-152.1
15:40:16.649	-149.1
15:40:16.661	-146.3
15:40:16.670	-144.7
15:40:16.681	-144.4
15:40:16.694	-141.5
15:40:16.702	-139.0
15:40:16.714	-137.0
15:40:16.727	-138.4
15:40:16.735	-135.4
15:40:16.747	-132.5
15:40:16.759	-132.3
15:40:16.767	-131.2
15:40:16.780	-128.6
15:40:16.792	-124.4
15:40:16.804	-125.2
15:40:16.813	-122.3
15:40:16.825	-120.7
15:40:16.837	-117.8
15:40:16.845	-117.0
15:40:16.858	-117.0
15:40:16.870	-113.8
15:40:16.882	-113.0
15:40:16.890	-110.7
15:40:16.903	-111.7
15:40:16.915	-108.6
15:40:16.927	-109.8
15:40:16.935	-108.6
15:40:16.948	-106.1
15:40:16.960	-103.4
15:40:16.968	-101.9
15:40:16.980	-101.9
15:40:16.993	-100.1
15:40:17.001	-99.9
15:40:17.013	-95.2
15:40:17.021	-95.3
15:40:17.034	-92.6
15:40:17.046	-92.8
15:40:17.058	-93.9
15:40:17.066	-92.7
15:40:17.079	-90.9
15:40:17.091	-89.5
15:40:17.099	-88.3
15:40:17.111	-87.5
15:40:17.124	-89.0
15:40:17.136	-87.0
15:40:17.144	-87.3
15:40:17.156	-85.7
15:40:17.169	-85.0
15:40:17.181	-84.7
15:40:17.189	-85.8
15:40:17.201	-84.1
15:40:17.214	-82.7
15:40:17.222	-81.0
15:40:17.234	-80.3
15:40:17.246	-79.8
15:40:17.255	-76.1
15:40:17.267	-74.4
15:40:17.279	-72.8
15:40:17.288	-72.7
15:40:17.300	-69.1
15:40:17.312	-68.6
15:40:17.320	-68.3
15:40:17.332	-67.0
15:40:17.345	-65.6
15:40:17.357	-65.2
15:40:17.365	-66.8
15:40:17.378	-64.6
15:40:17.390	-63.9
15:40:17.398	-62.3
15:40:17.410	-63.1
15:40:17.423	-63.6
15:40:17.431	-62.0
15:40:17.443	-61.7
15:40:17.455	-61.0
15:40:17.464	-59.3
15:40:17.476	-59.1
15:40:17.488	-61.2
15:40:17.500	-59.7
15:40:17.509	-59.2
15:40:17.521	-57.2
15:40:17.533	-53.9
15:40:17.541	-52.9
15:40:17.554	-50.7
15:40:17.566	-48.0
15:40:17.574	-47.0
15:40:17.586	-44.1
15:40:17.599	-42.6
15:40:17.611	-42.3
15:40:17.619	-42.6
15:40:17.631	-42.0
15:40:17.644	-40.7
15:40:17.652	-39.7
15:40:17.664	-38.2
15:40:17.677	-35.9
15:40:17.685	-31.8
15:40:17.697	-27.7
15:40:17.709	-22.3
15:40:17.718	-17.9
15:40:17.730	-11.9
15:40:17.742	-7.8
15:40:17.750	-3.9
15:40:17.763	0.2
15:40:17.775	4.4
15:40:17.787	6.5
15:40:17.795	6.4
15:40:17.808	4.7
15:40:17.820	4.5
15:40:17.828	4.9
15:40:17.840	4.0
15:40:17.853	4.7
15:40:17.865	3.4
15:40:17.873	4.4
15:40:17.885	5.7
15:40:17.898	7.0
15:40:17.906	8.7
15:40:17.918	13.0
15:40:17.930	15.5
15:40:17.939	18.1
15:40:17.951	19.5
15:40:17.963	20.4
15:40:17.971	22.1
15:40:17.984	23.4
15:40:17.996	21.5
15:40:18.004	21.3
15:40:18.016	21.5
15:40:18.029	20.8
15:40:18.041	19.1
15:40:18.049	19.7
15:40:18.062	24.2
15:40:18.074	25.3
15:40:18.082	25.9
15:40:18.094	26.1
15:40:18.107	27.8
15:40:18.115	28.8
15:40:18.127	28.8
15:40:18.139	28.8
15:40:18.152	30.1
15:40:18.160	28.8
15:40:18.172	24.5
15:40:18.184	21.6
15:40:18.193	22.2
15:40:18.205	21.3
15:40:18.217	21.5
15:40:18.225	20.6
15:40:18.238	21.5
15:40:18.250	20.3
15:40:18.258	17.9
15:40:18.270	16.5
15:40:18.283	18.1
15:40:18.295	20.0
15:40:18.303	17.5
15:40:18.315	16.2
15:40:18.328	14.0
15:40:18.336	12.1
15:40:18.348	11.9
15:40:18.360	11.4
15:40:18.369	12.6
15:40:18.381	14.1
15:40:18.394	13.5
15:40:18.401	11.3
15:40:18.414	12.1
15:40:18.426	13.6
15:40:18.438	14.9
15:40:18.446	16.6
15:40:18.459	14.6
15:40:18.471	15.3
15:40:18.479	17.2
15:40:18.492	15.8
15:40:18.504	14.0
15:40:18.512	14.8
15:40:18.525	14.4
15:40:18.537	13.7
15:40:18.549	12.2
15:40:18.557	12.7
15:40:18.570	11.6
15:40:18.582	10.7
15:40:18.590	7.1
15:40:18.602	5.8
15:40:18.615	7.4
15:40:18.623	6.6
15:40:18.635	8.5
15:40:18.647	7.8
15:40:18.656	9.6
15:40:18.668	7.4
15:40:18.680	10.1
15:40:18.688	9.3
15:40:18.701	11.8
15:40:18.713	12.4
15:40:18.725	11.1
15:40:18.733	13.4
15:40:18.746	12.1
15:40:18.758	14.4
15:40:18.766	12.6
15:40:18.778	12.6
15:40:18.791	11.3
15:40:18.803	12.5
15:40:18.811	10.2
15:40:18.824	10.6
15:40:18.836	13.2
15:40:18.844	12.7
15:40:18.856	13.4
15:40:18.869	10.9
15:40:18.877	13.9
15:40:18.889	14.3
15:40:18.901	13.3
15:40:18.910	11.7
15:40:18.922	12.8
15:40:18.934	13.5
15:40:18.942	11.2
15:40:18.955	10.0
15:40:18.967	8.6
15:40:18.979	9.0
15:40:18.988	5.9
15:40:19.000	6.5
15:40:19.012	7.1
15:40:19.020	8.8
15:40:19.033	8.3
15:40:19.045	9.0
15:40:19.053	9.0
15:40:19.065	8.9
15:40:19.078	9.9
15:40:19.090	9.5
15:40:19.098	10.3
15:40:19.111	12.0
15:40:19.123	13.0
15:40:19.135	12.4
15:40:19.143	12.1
15:40:19.156	11.0
15:40:19.168	12.1
15:40:19.176	12.7
15:40:19.188	12.3
15:40:19.201	12.8
15:40:19.209	12.5
15:40:19.221	9.3
15:40:19.233	8.5
15:40:19.242	8.1
15:40:19.254	9.8
15:40:19.266	9.6
15:40:19.274	8.1
15:40:19.287	8.8
15:40:19.299	7.1
15:40:19.307	6.2
15:40:19.319	6.0
15:40:19.331	6.8
15:40:19.343	5.6
15:40:19.351	4.9
15:40:19.364	2.2
15:40:19.376	2.0
15:40:19.384	1.9
15:40:19.396	0.7
15:40:19.409	1.7
15:40:19.421	1.3
15:40:19.429	0.8
15:40:19.442	2.0
15:40:19.454	2.9
15:40:19.462	2.8
15:40:19.474	5.7
15:40:19.486	5.4
15:40:19.495	5.6
15:40:19.507	5.6
15:40:19.519	6.9
15:40:19.532	8.9
15:40:19.540	8.9
15:40:19.552	7.3
15:40:19.564	7.4
15:40:19.573	8.5
15:40:19.585	7.2
15:40:19.598	6.4
15:40:19.606	6.4
15:40:19.619	7.3
15:40:19.631	5.6
15:40:19.639	7.2
15:40:19.651	7.4
15:40:19.664	6.1
15:40:19.672	6.1
15:40:19.684	4.8
15:40:19.696	5.4
15:40:19.709	6.6
15:40:19.717	6.8
15:40:19.729	6.2
15:40:19.741	6.3
15:40:19.750	4.5
15:40:19.762	6.3
15:40:19.774	7.9
15:40:19.786	7.0
15:40:19.795	8.6
15:40:19.807	8.6
15:40:19.819	7.9
15:40:19.827	8.8
15:40:19.840	10.7
15:40:19.852	13.1
15:40:19.860	14.0
15:40:19.872	14.8
15:40:19.885	18.2
15:40:19.893	22.3
15:40:19.905	25.4
15:40:19.918	28.8
15:40:19.926	34.3
15:40:19.938	39.0
15:40:19.950	39.9
15:40:19.962	42.0
15:40:19.971	44.4
15:40:19.983	47.3
15:40:19.995	49.1
15:40:20.004	51.0
15:40:20.016	54.1
15:40:20.028	54.2
15:40:20.036	55.7
15:40:20.048	56.6
15:40:20.061	58.8
15:40:20.073	61.9
15:40:20.081	63.9
15:40:20.094	64.4
15:40:20.106	64.0
15:40:20.114	66.1
15:40:20.126	66.9
15:40:20.139	69.9
15:40:20.147	70.2
15:40:20.159	68.2
15:40:20.171	70.2
15:40:20.180	68.8
15:40:20.192	66.7
15:40:20.204	66.4
15:40:20.216	66.5
15:40:20.225	62.9
15:40:20.237	61.4
15:40:20.249	58.9
15:40:20.257	56.8
15:40:20.270	55.7
15:40:20.282	51.5
15:40:20.290	51.0
15:40:20.302	51.7
15:40:20.314	49.1
15:40:20.322	50.7
15:40:20.334	52.3
15:40:20.347	49.4
15:40:20.359	48.4
15:40:20.367	46.1
15:40:20.379	46.4
15:40:20.392	46.7
15:40:20.400	42.7
15:40:20.412	42.2
15:40:20.424	41.9
15:40:20.433	37.9
15:40:20.445	36.4
15:40:20.457	35.9
15:40:20.470	34.1
15:40:20.478	34.6
15:40:20.490	32.2
15:40:20.502	32.2
15:40:20.510	31.8
15:40:20.523	28.7
15:40:20.535	27.6
15:40:20.543	26.1
15:40:20.555	24.7
15:40:20.569	23.3
15:40:20.577	21.5
15:40:20.589	19.4
15:40:20.601	18.2
15:40:20.610	13.7
15:40:20.622	13.2
15:40:20.634	11.9
15:40:20.647	8.9
15:40:20.655	8.5
15:40:20.667	6.4
15:40:20.679	4.0
15:40:20.688	3.7
15:40:20.700	1.6
15:40:20.712	-1.3
15:40:20.724	-2.2
15:40:20.733	-4.9
15:40:20.745	-8.3
15:40:20.757	-10.0
15:40:20.765	-14.2
15:40:20.778	-18.0
15:40:20.789	-17.4
15:40:20.797	-22.1
15:40:20.810	-24.7
15:40:20.822	-28.2
15:40:20.830	-30.4
15:40:20.842	-34.1
15:40:20.855	-37.1
15:40:20.863	-40.8
15:40:20.875	-41.8
15:40:20.887	-44.2
15:40:20.900	-50.0
15:40:20.908	-53.0
15:40:20.920	-55.9
15:40:20.932	-58.0
15:40:20.941	-61.4
15:40:20.953	-64.2
15:40:20.965	-66.9
15:40:20.973	-68.1
15:40:20.986	-72.0
15:40:20.998	-73.2
15:40:21.010	-73.4
15:40:21.018	-73.2
15:40:21.031	-75.5
15:40:21.043	-75.3
15:40:21.055	-76.1
15:40:21.064	-76.0
15:40:21.076	-75.7
15:40:21.088	-75.4
15:40:21.096	-72.8
15:40:21.108	-73.8
15:40:21.121	-76.1
15:40:21.129	-77.6
15:40:21.141	-78.0
15:40:21.154	-76.9
15:40:21.162	-76.4
15:40:21.174	-75.7
15:40:21.186	-75.2
15:40:21.198	-74.4
15:40:21.207	-76.7
15:40:21.219	-76.9
15:40:21.231	-77.1
15:40:21.239	-77.7
15:40:21.252	-74.7
15:40:21.264	-74.8
15:40:21.272	-74.6
15:40:21.285	-75.1
15:40:21.297	-74.1
15:40:21.305	-74.7
15:40:21.317	-70.9
15:40:21.330	-69.0
15:40:21.342	-68.1
15:40:21.350	-64.5
15:40:21.362	-65.8
15:40:21.376	-66.4
15:40:21.384	-64.2
15:40:21.396	-61.5
15:40:21.408	-61.2
15:40:21.417	-57.2
15:40:21.429	-60.6
15:40:21.441	-60.3
15:40:21.453	-58.0
15:40:21.462	-57.8
15:40:21.474	-54.6
15:40:21.486	-52.7
15:40:21.494	-51.4
15:40:21.506	-51.1
15:40:21.518	-49.9
15:40:21.526	-52.5
15:40:21.539	-50.0
15:40:21.551	-49.2
15:40:21.559	-49.3
15:40:21.571	-48.5
15:40:21.584	-48.1
15:40:21.592	-48.3
15:40:21.604	-49.0
15:40:21.616	-49.4
15:40:21.629	-49.5
15:40:21.637	-49.6
15:40:21.649	-50.4
15:40:21.661	-52.0
15:40:21.670	-51.5
15:40:21.682	-49.6
15:40:21.694	-50.6
15:40:21.707	-49.0
15:40:21.715	-46.0
15:40:21.727	-45.2
15:40:21.739	-43.7
15:40:21.747	-40.5
15:40:21.760	-38.0
15:40:21.772	-34.7
15:40:21.780	-30.5
15:40:21.793	-31.0
15:40:21.805	-30.8
15:40:21.813	-30.6
15:40:21.826	-33.1
15:40:21.838	-31.8
15:40:21.846	-31.6
15:40:21.858	-32.3
15:40:21.870	-32.3
15:40:21.883	-33.0
15:40:21.891	-34.3
15:40:21.903	-35.2
15:40:21.915	-33.6
15:40:21.924	-33.9
15:40:21.936	-33.2
15:40:21.948	-31.6
15:40:21.956	-31.5
15:40:21.969	-32.5
15:40:21.981	-34.5
15:40:21.993	-32.0
15:40:22.001	-31.8
15:40:22.014	-31.7
15:40:22.026	-31.5
15:40:22.034	-30.0
15:40:22.046	-29.9
15:40:22.059	-29.5
15:40:22.067	-29.5
15:40:22.079	-29.5
15:40:22.091	-27.5
15:40:22.100	-29.4
15:40:22.112	-28.5
15:40:22.124	-28.1
15:40:22.136	-28.2
15:40:22.145	-26.3
15:40:22.157	-25.0
15:40:22.169	-25.9
15:40:22.177	-23.8
15:40:22.190	-21.4
15:40:22.202	-22.0
15:40:22.210	-19.6
15:40:22.223	-21.5
15:40:22.235	-21.8
15:40:22.243	-20.1
15:40:22.255	-21.5
15:40:22.269	-20.6
15:40:22.281	-21.7
15:40:22.289	-21.6
15:40:22.301	-22.8
15:40:22.314	-21.9
15:40:22.322	-21.9
15:40:22.334	-20.7
15:40:22.346	-17.9
15:40:22.354	-17.5
15:40:22.367	-16.5
15:40:22.379	-15.9
15:40:22.391	-13.6
15:40:22.400	-13.0
15:40:22.412	-10.9
15:40:22.424	-8.9
15:40:22.432	-11.5
15:40:22.444	-9.3
15:40:22.456	-10.1
15:40:22.464	-10.9
15:40:22.477	-10.8
15:40:22.489	-11.6
15:40:22.497	-13.4
15:40:22.509	-13.2
15:40:22.522	-14.9
15:40:22.530	-15.0
15:40:22.542	-13.1
15:40:22.554	-15.1
15:40:22.567	-16.2
15:40:22.575	-13.5
15:40:22.587	-13.8
15:40:22.599	-14.8
15:40:22.608	-12.2
15:40:22.620	-12.7
15:40:22.632	-12.2
15:40:22.644	-13.7
15:40:22.653	-13.8
15:40:22.665	-13.9
15:40:22.677	-12.4
15:40:22.685	-14.6
15:40:22.698	-13.8
15:40:22.710	-11.1
15:40:22.718	-12.2
15:40:22.730	-12.1
15:40:22.743	-11.3
15:40:22.751	-8.9
15:40:22.763	-8.3
15:40:22.775	-5.4
15:40:22.784	-4.6
15:40:22.796	-4.8
15:40:22.808	-4.9
15:40:22.820	-4.9
15:40:22.829	-5.2
15:40:22.841	-1.7
15:40:22.853	-2.1
15:40:22.861	-3.3
15:40:22.874	-2.9
15:40:22.886	-5.6
15:40:22.894	-4.9
15:40:22.906	-3.7
15:40:22.919	-3.3
15:40:22.931	-2.7
15:40:22.939	-1.4
15:40:22.952	-5.1
15:40:22.964	-3.4
15:40:22.972	-3.1
15:40:22.985	-2.1
15:40:22.997	0.8
15:40:23.005	0.1
15:40:23.017	0.4
15:40:23.030	3.8
15:40:23.038	2.7
15:40:23.050	3.7
15:40:23.062	4.5
15:40:23.075	2.8
15:40:23.083	1.8
15:40:23.095	1.0
15:40:23.107	1.0
15:40:23.116	2.7
15:40:23.128	3.1
15:40:23.140	-1.4
15:40:23.148	-0.2
15:40:23.161	0.7
15:40:23.173	2.5
15:40:23.181	5.4
15:40:23.193	10.1
15:40:23.206	12.3
15:40:23.218	12.4
15:40:23.226	13.4
15:40:23.238	16.5
15:40:23.251	20.2
15:40:23.263	20.9
15:40:23.271	20.1
15:40:23.283	19.8
15:40:23.296	19.7
15:40:23.304	17.3
15:40:23.316	18.4
15:40:23.328	18.8
15:40:23.337	19.3
15:40:23.349	17.0
15:40:23.361	17.3
15:40:23.373	18.3
15:40:23.382	18.6
15:40:23.394	20.1
15:40:23.406	20.9
15:40:23.415	24.4
15:40:23.427	22.2
15:40:23.439	22.2
15:40:23.447	21.2
15:40:23.459	21.2
15:40:23.472	21.3
15:40:23.480	19.0
15:40:23.492	20.0
15:40:23.505	19.3
15:40:23.513	18.5
15:40:23.525	17.1
15:40:23.537	19.1
15:40:23.550	19.8
15:40:23.558	20.6
15:40:23.570	21.2
15:40:23.582	20.2
15:40:23.591	20.9
15:40:23.603	21.8
15:40:23.615	20.9
15:40:23.627	20.2
15:40:23.636	18.9
15:40:23.648	19.1
15:40:23.660	18.7
15:40:23.668	19.6
15:40:23.681	19.3
15:40:23.693	19.3
15:40:23.701	20.1
15:40:23.713	18.5
15:40:23.726	19.8
15:40:23.734	21.1
15:40:23.746	21.0
15:40:23.758	21.2
15:40:23.767	20.8
15:40:23.779	18.4
15:40:23.791	17.1
15:40:23.803	16.6
15:40:23.812	17.4
15:40:23.824	17.9
15:40:23.836	17.7
15:40:23.844	16.9
15:40:23.857	18.4
15:40:23.869	17.5
15:40:23.877	19.1
15:40:23.889	18.5
15:40:23.902	20.5
15:40:23.914	19.3
15:40:23.922	17.0
15:40:23.935	16.0
15:40:23.947	14.4
15:40:23.955	16.0
15:40:23.967	16.1
15:40:23.980	18.0
15:40:23.988	18.2
15:40:24.000	20.5
15:40:24.013	20.5
15:40:24.021	23.2
15:40:24.033	27.0
15:40:24.045	29.2
15:40:24.058	33.0
15:40:24.066	33.3
15:40:24.078	34.2
15:40:24.091	33.1
15:40:24.099	35.4
15:40:24.111	38.1
15:40:24.123	44.1
15:40:24.132	46.9
15:40:24.144	50.4
15:40:24.156	54.5
15:40:24.164	56.1
15:40:24.177	60.4
15:40:24.189	63.9
15:40:24.201	69.8
15:40:24.209	72.1
15:40:24.222	73.1
15:40:24.234	71.7
15:40:24.242	74.2
15:40:24.254	76.1
15:40:24.267	78.7
15:40:24.275	81.1
15:40:24.287	84.2
15:40:24.299	86.7
15:40:24.312	86.9
15:40:24.320	88.3
15:40:24.332	91.3
15:40:24.344	94.5
15:40:24.353	95.1
15:40:24.365	94.1
15:40:24.377	94.6
15:40:24.385	94.6
15:40:24.398	93.1
15:40:24.410	94.4
15:40:24.418	95.4
15:40:24.430	95.2
15:40:24.443	92.5
15:40:24.451	90.8
15:40:24.463	93.6
15:40:24.475	92.8
15:40:24.488	92.8
15:40:24.496	95.6
15:40:24.508	95.6
15:40:24.521	91.7
15:40:24.529	89.6
15:40:24.541	88.2
15:40:24.553	89.3
15:40:24.566	88.7
15:40:24.574	85.1
15:40:24.586	85.5
15:40:24.598	85.9
15:40:24.606	83.5
15:40:24.619	86.6
15:40:24.631	88.4
15:40:24.639	89.1
15:40:24.652	90.0
15:40:24.664	90.8
15:40:24.672	91.0
15:40:24.684	90.1
15:40:24.697	89.2
15:40:24.705	85.2
15:40:24.717	85.2
15:40:24.729	79.8
15:40:24.742	79.1
15:40:24.750	77.1
15:40:24.762	77.3
15:40:24.774	76.2
15:40:24.783	76.0
15:40:24.795	75.4
15:40:24.807	74.9
15:40:24.815	77.5
15:40:24.828	78.3
15:40:24.840	77.2
15:40:24.852	76.7
15:40:24.860	77.8
15:40:24.873	75.7
15:40:24.885	76.2
15:40:24.893	75.3
15:40:24.905	76.2
15:40:24.918	78.4
15:40:24.926	76.4
15:40:24.938	76.9
15:40:24.950	80.4
15:40:24.959	81.8
15:40:24.971	82.3
15:40:24.983	87.3
15:40:24.995	88.0
15:40:25.004	87.8
15:40:25.016	88.1
15:40:25.028	86.8
15:40:25.041	88.7
15:40:25.049	86.4
15:40:25.061	85.9
15:40:25.073	83.1
15:40:25.081	84.8
15:40:25.094	79.8
15:40:25.106	79.5
15:40:25.114	80.5
15:40:25.127	81.4
15:40:25.139	83.4
15:40:25.147	86.0
15:40:25.159	87.8
15:40:25.172	90.2
15:40:25.184	93.7
15:40:25.192	94.1
15:40:25.204	97.5
15:40:25.217	98.4
15:40:25.225	99.4
15:40:25.237	99.6
15:40:25.250	100.0
15:40:25.258	96.4
15:40:25.270	96.9
15:40:25.282	95.5
15:40:25.294	94.0
15:40:25.303	93.7
15:40:25.315	92.4
15:40:25.327	93.6
15:40:25.336	92.6
15:40:25.348	92.2
15:40:25.360	90.5
15:40:25.368	91.5
15:40:25.381	89.8
15:40:25.393	89.1
15:40:25.401	90.6
15:40:25.413	88.6
15:40:25.426	87.3
15:40:25.434	85.6
15:40:25.446	84.8
15:40:25.458	84.1
15:40:25.471	83.5
15:40:25.479	83.2
15:40:25.491	82.0
15:40:25.504	80.5
15:40:25.512	77.6
15:40:25.524	76.0
15:40:25.536	77.9
15:40:25.549	75.7
15:40:25.557	76.7
15:40:25.569	75.5
15:40:25.581	74.0
15:40:25.590	74.9
15:40:25.602	77.5
15:40:25.614	79.5
15:40:25.622	84.2
15:40:25.635	87.8
15:40:25.647	89.7
15:40:25.655	93.2
15:40:25.667	97.2
15:40:25.680	102.9
15:40:25.688	107.9
15:40:25.700	111.9
15:40:25.712	114.4
15:40:25.725	116.7
15:40:25.733	117.7
15:40:25.745	120.5
15:40:25.758	121.4
15:40:25.766	124.2
15:40:25.778	123.5
15:40:25.790	122.1
15:40:25.798	122.7
15:40:25.811	121.1
15:40:25.823	122.1
15:40:25.835	122.2
15:40:25.844	120.4
15:40:25.856	120.4
15:40:25.868	118.4
15:40:25.876	118.7
15:40:25.889	118.9
15:40:25.901	116.9
15:40:25.909	115.8
15:40:25.921	112.6
15:40:25.934	110.6
15:40:25.942	111.1
15:40:25.954	109.3
15:40:25.967	105.8
15:40:25.979	105.1
15:40:25.987	101.0
15:40:25.999	101.8
15:40:26.012	103.2
15:40:26.020	101.8
15:40:26.032	100.8
15:40:26.044	97.1
15:40:26.053	93.1
15:40:26.065	89.8
15:40:26.077	86.8
15:40:26.085	83.7
15:40:26.098	83.5
15:40:26.110	77.9
15:40:26.122	76.3
15:40:26.130	73.8
15:40:26.143	72.9
15:40:26.155	69.9
15:40:26.163	67.4
15:40:26.175	66.1
15:40:26.188	64.7
15:40:26.196	62.3
15:40:26.208	58.1
15:40:26.220	59.8
15:40:26.233	53.3
15:40:26.241	47.9
15:40:26.253	42.7
15:40:26.265	40.9
15:40:26.274	37.7
15:40:26.286	37.7
15:40:26.298	34.1
15:40:26.306	31.7
15:40:26.319	29.8
15:40:26.331	23.0
15:40:26.339	22.5
15:40:26.351	22.7
15:40:26.364	21.8
15:40:26.372	21.3
15:40:26.384	19.3
15:40:26.397	16.2
15:40:26.409	15.9
15:40:26.417	16.4
15:40:26.429	14.7
15:40:26.442	14.7
15:40:26.450	13.9
15:40:26.462	15.1
15:40:26.474	15.6
15:40:26.487	12.6
15:40:26.495	11.9
15:40:26.507	10.0
15:40:26.519	7.5
15:40:26.528	3.7
15:40:26.540	2.0
15:40:26.552	-1.0
15:40:26.560	-3.3
15:40:26.573	-8.9
15:40:26.585	-10.4
15:40:26.593	-10.4
15:40:26.605	-10.8
15:40:26.618	-12.3
15:40:26.626	-13.6
15:40:26.638	-10.9
15:40:26.651	-11.1
15:40:26.663	-11.6
15:40:26.671	-12.7
15:40:26.683	-10.7
15:40:26.695	-12.0
15:40:26.704	-15.1
15:40:26.716	-16.7
15:40:26.728	-20.4
15:40:26.736	-25.6
15:40:26.749	-32.0
15:40:26.761	-38.3
15:40:26.773	-42.8
15:40:26.782	-47.2
15:40:26.794	-51.4
15:40:26.806	-55.4
15:40:26.814	-57.1
15:40:26.827	-60.8
15:40:26.839	-61.5
15:40:26.847	-59.3
15:40:26.860	-59.1
15:40:26.872	-57.0
15:40:26.880	-54.9
15:40:26.892	-53.7
15:40:26.905	-52.0
15:40:26.917	-50.8
15:40:26.925	-49.1
15:40:26.937	-47.9
15:40:26.950	-44.1
15:40:26.962	-41.6
15:40:26.970	-39.4
15:40:26.982	-37.7
15:40:26.995	-35.8
15:40:27.003	-34.6
15:40:27.015	-36.2
15:40:27.027	-35.6
15:40:27.036	-33.6
15:40:27.048	-34.3
15:40:27.060	-33.1
15:40:27.068	-31.8
15:40:27.081	-33.8
15:40:27.093	-33.2
15:40:27.105	-34.4
15:40:27.114	-33.6
15:40:27.126	-33.1
15:40:27.138	-33.6
15:40:27.146	-34.6
15:40:27.158	-32.1
15:40:27.171	-31.3
15:40:27.179	-30.1
15:40:27.191	-24.2
15:40:27.204	-23.8
15:40:27.216	-19.9
15:40:27.224	-15.1
15:40:27.236	-10.5
15:40:27.249	-5.8
15:40:27.257	-1.5
15:40:27.269	3.7
15:40:27.281	6.1
15:40:27.290	7.8
15:40:27.302	7.5
15:40:27.314	11.5
15:40:27.322	15.0
15:40:27.335	16.2
15:40:27.347	17.1
15:40:27.355	19.1
15:40:27.367	19.4
15:40:27.380	19.2
15:40:27.392	20.7
15:40:27.400	22.5
15:40:27.412	23.9
15:40:27.425	24.7
15:40:27.433	23.1
15:40:27.445	25.4
15:40:27.457	28.6
15:40:27.470	31.8
15:40:27.478	35.1
15:40:27.490	36.6
15:40:27.502	39.3
15:40:27.511	40.8
15:40:27.523	43.3
15:40:27.535	45.0
15:40:27.544	44.7
15:40:27.556	44.1
15:40:27.568	42.7
15:40:27.576	40.3
15:40:27.589	36.7
15:40:27.601	34.4
15:40:27.609	28.2
15:40:27.621	24.3
15:40:27.634	19.3
15:40:27.646	14.2
15:40:27.654	13.7
15:40:27.666	8.9
15:40:27.679	2.8
15:40:27.687	0.1
15:40:27.699	-2.5
15:40:27.711	-5.0
15:40:27.720	-4.4
15:40:27.732	-6.1
15:40:27.744	-8.3
15:40:27.756	-9.8
15:40:27.765	-14.0
15:40:27.777	-17.5
15:40:27.789	-18.8
15:40:27.797	-25.3
15:40:27.810	-29.1
15:40:27.822	-32.7
15:40:27.830	-41.7
15:40:27.842	-49.6
15:40:27.855	-57.0
15:40:27.863	-62.0
15:40:27.875	-69.9
15:40:27.888	-74.1
15:40:27.900	-78.6
15:40:27.908	-81.9
15:40:27.920	-86.5
15:40:27.932	-92.8
15:40:27.941	-93.0
15:40:27.953	-94.1
15:40:27.965	-93.5
15:40:27.973	-94.1
15:40:27.986	-91.9
15:40:27.998	-92.7
15:40:28.006	-92.9
15:40:28.018	-92.2
15:40:28.031	-91.2
15:40:28.043	-91.9
15:40:28.051	-94.1
15:40:28.064	-94.9
15:40:28.076	-95.4
15:40:28.084	-98.3
15:40:28.097	-102.7
15:40:28.109	-102.2
15:40:28.117	-102.9
15:40:28.129	-104.6
15:40:28.142	-104.9
15:40:28.154	-103.3
15:40:28.162	-102.1
15:40:28.174	-101.6
15:40:28.187	-102.1
15:40:28.195	-100.2
15:40:28.207	-97.5
15:40:28.219	-96.1
15:40:28.228	-95.8
15:40:28.240	-94.5
15:40:28.252	-93.8
15:40:28.260	-91.6
15:40:28.273	-88.6
15:40:28.285	-85.9
15:40:28.293	-84.1
15:40:28.305	-82.5
15:40:28.318	-78.3
15:40:28.330	-79.7
15:40:28.338	-78.2
15:40:28.351	-77.0
15:40:28.363	-76.4
15:40:28.371	-76.6
15:40:28.383	-75.7
15:40:28.396	-74.5
15:40:28.408	-74.2
15:40:28.416	-73.7
15:40:28.428	-75.2
15:40:28.441	-73.1
15:40:28.449	-70.8
15:40:28.461	-68.8
15:40:28.473	-65.3
15:40:28.482	-60.7
15:40:28.494	-58.3
15:40:28.506	-53.7
15:40:28.514	-50.2
15:40:28.527	-47.6
15:40:28.539	-43.3
15:40:28.547	-40.4
15:40:28.560	-37.2
15:40:28.572	-34.9
15:40:28.584	-31.5
15:40:28.592	-30.9
15:40:28.605	-29.1
15:40:28.617	-30.8
15:40:28.625	-30.5
15:40:28.637	-28.0
15:40:28.650	-27.6
15:40:28.658	-26.2
15:40:28.670	-27.4
15:40:28.682	-24.9
15:40:28.695	-26.0
15:40:28.703	-24.7
15:40:28.715	-25.5
15:40:28.727	-23.0
15:40:28.736	-18.4
15:40:28.748	-16.6
15:40:28.760	-12.1
15:40:28.768	-11.6
15:40:28.781	-6.4
15:40:28.793	-8.2
15:40:28.801	-4.5
15:40:28.813	-5.2
15:40:28.826	-3.2
15:40:28.838	-3.8
15:40:28.846	-5.5
15:40:28.858	-6.9
15:40:28.870	-11.4
15:40:28.878	-10.2
15:40:28.890	-14.4
15:40:28.903	-14.0
15:40:28.915	-18.4
15:40:28.923	-18.1
15:40:28.935	-18.9
15:40:28.948	-18.7
15:40:28.956	-18.6
15:40:28.968	-18.4
15:40:28.980	-18.3
15:40:28.989	-21.5
15:40:29.001	-22.5
15:40:29.013	-25.9
15:40:29.025	-29.7
15:40:29.034	-32.5
15:40:29.046	-34.9
15:40:29.058	-38.2
15:40:29.066	-43.4
15:40:29.079	-47.3
15:40:29.091	-51.5
15:40:29.099	-52.4
15:40:29.111	-55.3
15:40:29.124	-54.8
15:40:29.136	-54.0
15:40:29.145	-52.3
15:40:29.157	-54.0
15:40:29.170	-53.8
15:40:29.178	-51.6
15:40:29.190	-52.3
15:40:29.203	-47.9
15:40:29.211	-49.0
15:40:29.223	-48.2
15:40:29.235	-50.3
15:40:29.244	-53.9
15:40:29.256	-57.4
15:40:29.268	-57.6
15:40:29.276	-60.4
15:40:29.289	-63.8
15:40:29.301	-64.8
15:40:29.313	-69.9
15:40:29.321	-71.0
15:40:29.334	-72.2
15:40:29.346	-72.7
15:40:29.354	-70.9
15:40:29.366	-71.1
15:40:29.379	-72.5
15:40:29.391	-72.1
15:40:29.399	-68.2
15:40:29.411	-68.2
15:40:29.424	-67.7
15:40:29.432	-66.3
15:40:29.444	-65.5
15:40:29.456	-64.1
15:40:29.465	-63.2
15:40:29.477	-62.0
15:40:29.489	-60.7
15:40:29.497	-60.7
15:40:29.510	-63.4
15:40:29.522	-63.6
15:40:29.530	-62.1
15:40:29.542	-62.1
15:40:29.555	-60.0
15:40:29.567	-61.0
15:40:29.575	-60.5
15:40:29.587	-61.5
15:40:29.600	-59.5
15:40:29.608	-54.9
15:40:29.620	-52.8
15:40:29.632	-51.2
15:40:29.641	-51.5
15:40:29.653	-50.9
15:40:29.665	-50.3
15:40:29.678	-48.4
15:40:29.686	-46.9
15:40:29.698	-45.3
15:40:29.710	-47.8
15:40:29.719	-51.0
15:40:29.731	-49.3
15:40:29.743	-48.9
15:40:29.751	-47.2
15:40:29.763	-48.1
15:40:29.775	-49.6
15:40:29.784	-49.0
15:40:29.796	-50.2
15:40:29.808	-49.2
15:40:29.821	-46.5
15:40:29.829	-45.2
15:40:29.841	-46.8
15:40:29.854	-45.4
15:40:29.862	-45.1
15:40:29.874	-45.1
15:40:29.886	-44.9
15:40:29.895	-46.0
15:40:29.907	-44.0
15:40:29.919	-42.8
15:40:29.927	-43.8
15:40:29.940	-43.3
15:40:29.952	-44.4
15:40:29.964	-45.4
15:40:29.972	-45.1
15:40:29.985	-44.1
15:40:29.997	-42.8
15:40:30.005	-37.4
15:40:30.017	-37.1
15:40:30.030	-38.7
15:40:30.038	-36.1
15:40:30.050	-35.1
15:40:30.062	-33.7
15:40:30.075	-33.1
15:40:30.083	-32.7
15:40:30.095	-32.7
15:40:30.107	-33.4
15:40:30.116	-36.3
15:40:30.128	-37.4
15:40:30.140	-35.7
15:40:30.148	-36.8
15:40:30.161	-37.3
15:40:30.173	-36.3
15:40:30.181	-34.7
15:40:30.193	-33.9
15:40:30.206	-32.7
15:40:30.214	-31.1
15:40:30.226	-31.9
15:40:30.238	-29.3
15:40:30.251	-29.3
15:40:30.259	-27.3
15:40:30.271	-28.8
15:40:30.284	-29.0
15:40:30.292	-30.6
15:40:30.304	-31.5
15:40:30.316	-30.7
15:40:30.329	-31.0
15:40:30.337	-29.9
15:40:30.349	-30.5
15:40:30.361	-29.1
15:40:30.369	-30.0
15:40:30.382	-25.2
15:40:30.394	-25.2
15:40:30.402	-23.7
15:40:30.415	-24.0
15:40:30.427	-23.2
15:40:30.435	-22.2
15:40:30.447	-22.6
15:40:30.460	-21.8
15:40:30.468	-22.9
15:40:30.480	-21.8
15:40:30.492	-24.0
15:40:30.505	-23.7
15:40:30.513	-23.2
15:40:30.525	-22.7
15:40:30.537	-22.5
15:40:30.546	-21.0
15:40:30.558	-20.3
15:40:30.570	-21.2
15:40:30.578	-20.9
15:40:30.591	-19.8
15:40:30.603	-18.6
15:40:30.615	-18.9
15:40:30.623	-18.0
15:40:30.636	-16.3
15:40:30.648	-15.7
15:40:30.656	-17.7
15:40:30.668	-17.7
15:40:30.681	-17.1
15:40:30.689	-17.5
15:40:30.701	-18.5
15:40:30.713	-17.3
15:40:30.722	-14.5
15:40:30.734	-14.9
15:40:30.746	-15.2
15:40:30.759	-14.1
15:40:30.767	-11.9
15:40:30.779	-10.2
15:40:30.791	-9.3
15:40:30.799	-9.5
15:40:30.812	-9.9
15:40:30.824	-11.7
15:40:30.832	-10.8
15:40:30.845	-10.7
15:40:30.857	-10.5
15:40:30.865	-12.3
15:40:30.877	-12.6
15:40:30.890	-12.7
15:40:30.902	-12.1
15:40:30.910	-10.1
15:40:30.922	-8.8
15:40:30.935	-8.6
15:40:30.947	-11.5
15:40:30.955	-12.5
15:40:30.967	-12.5
15:40:30.980	-11.4
15:40:30.988	-12.7
15:40:31.000	-12.7
15:40:31.013	-14.4
15:40:31.021	-14.9
15:40:31.033	-15.9
15:40:31.045	-15.0
15:40:31.057	-15.3
15:40:31.066	-14.5
15:40:31.078	-13.7
15:40:31.090	-15.5
15:40:31.098	-13.2
15:40:31.111	-13.2
15:40:31.123	-13.5
15:40:31.131	-12.9
15:40:31.143	-13.2
15:40:31.156	-13.8
15:40:31.164	-11.1
15:40:31.176	-8.2
15:40:31.188	-10.1
15:40:31.197	-7.0
15:40:31.209	-7.6
15:40:31.221	-6.1
15:40:31.233	-4.5
15:40:31.242	-5.1
15:40:31.254	-3.5
15:40:31.266	-2.6
15:40:31.274	-3.0
15:40:31.287	-5.2
15:40:31.299	-3.7
15:40:31.311	-3.7
15:40:31.320	-4.8
15:40:31.332	-6.4
15:40:31.344	-6.6
15:40:31.353	-5.5
15:40:31.365	-5.9
15:40:31.377	-5.8
15:40:31.386	-6.1
15:40:31.398	-5.3
15:40:31.410	-4.2
15:40:31.418	-5.5
15:40:31.431	-4.6
15:40:31.443	-3.2
15:40:31.451	-4.2
15:40:31.463	-3.7
15:40:31.476	-5.3
15:40:31.488	-5.3
15:40:31.496	-5.1
15:40:31.508	-3.3
15:40:31.521	-4.4
15:40:31.529	-4.2
15:40:31.541	-5.7
15:40:31.553	-6.9
15:40:31.562	-4.6
15:40:31.574	-5.7
15:40:31.586	-4.5
15:40:31.598	-5.9
15:40:31.607	-5.1
15:40:31.619	-7.3
15:40:31.631	-6.2
15:40:31.639	-6.1
15:40:31.652	-5.6
15:40:31.664	-5.4
15:40:31.671	-7.6
15:40:31.684	-9.2
15:40:31.696	-8.6
15:40:31.704	-7.7
15:40:31.716	-7.6
15:40:31.729	-8.6
15:40:31.741	-7.7
15:40:31.749	-6.7
15:40:31.761	-5.2
15:40:31.774	-3.8
15:40:31.782	-1.0
15:40:31.794	0.2
15:40:31.806	-0.7
15:40:31.815	0.6
15:40:31.827	1.1
15:40:31.839	2.2
15:40:31.847	3.4
15:40:31.861	5.3
15:40:31.872	5.6
15:40:31.885	7.8
15:40:31.893	9.5
15:40:31.906	12.1
15:40:31.918	15.5
15:40:31.926	17.6
15:40:31.938	20.6
15:40:31.951	24.2
15:40:31.959	28.5
15:40:31.971	29.3
15:40:31.984	30.3
15:40:31.996	32.2
15:40:32.004	32.2
15:40:32.016	34.1
15:40:32.029	35.1
15:40:32.037	37.0
15:40:32.049	37.7
15:40:32.061	39.1
15:40:32.070	37.8
15:40:32.082	41.1
15:40:32.094	44.2
15:40:32.102	42.7
15:40:32.115	45.0
15:40:32.127	46.7
15:40:32.135	46.5
15:40:32.147	45.7
15:40:32.160	47.0
15:40:32.172	46.0
15:40:32.180	46.9
15:40:32.192	47.0
15:40:32.205	48.7
15:40:32.213	50.5
15:40:32.225	52.1
15:40:32.237	53.0
15:40:32.250	55.7
15:40:32.258	57.7
15:40:32.270	58.4
15:40:32.282	63.8
15:40:32.291	64.5
15:40:32.303	64.4
15:40:32.315	63.7
15:40:32.323	65.0
15:40:32.336	63.3
15:40:32.348	62.7
15:40:32.356	62.5
15:40:32.368	62.6
15:40:32.381	61.7
15:40:32.389	60.9
15:40:32.401	61.6
15:40:32.414	62.4
15:40:32.426	62.1
15:40:32.434	63.8
15:40:32.446	67.7
15:40:32.458	70.4
15:40:32.466	71.0
15:40:32.478	73.5
15:40:32.490	75.1
15:40:32.499	75.5
15:40:32.511	76.2
15:40:32.523	76.0
15:40:32.536	78.4
15:40:32.544	78.2
15:40:32.556	77.8
15:40:32.568	78.1
15:40:32.576	80.9
15:40:32.589	81.7
15:40:32.601	83.3
15:40:32.609	83.8
15:40:32.622	85.3
15:40:32.634	85.4
15:40:32.642	86.8
15:40:32.654	88.7
15:40:32.667	92.0
15:40:32.679	94.8
15:40:32.687	99.3
15:40:32.700	102.9
15:40:32.713	106.4
15:40:32.725	110.7
15:40:32.733	113.4
15:40:32.745	118.8
15:40:32.758	123.3
15:40:32.766	127.9
15:40:32.777	129.8
15:40:32.790	131.7
15:40:32.798	131.2
15:40:32.810	130.5
15:40:32.822	133.3
15:40:32.831	132.1
15:40:32.843	136.7
15:40:32.855	137.3
15:40:32.867	136.6
15:40:32.876	135.0
15:40:32.888	136.2
15:40:32.900	135.2
15:40:32.908	135.7
15:40:32.921	137.5
15:40:32.933	134.6
15:40:32.941	135.4
15:40:32.953	130.0
15:40:32.966	130.1
15:40:32.978	128.9
15:40:32.986	127.7
15:40:32.998	125.3
15:40:33.011	124.4
15:40:33.019	122.2
15:40:33.031	120.8
15:40:33.044	121.3
15:40:33.052	121.2
15:40:33.064	124.9
15:40:33.076	122.4
15:40:33.085	120.9
15:40:33.097	119.9
15:40:33.109	117.9
15:40:33.117	119.3
15:40:33.130	119.4
15:40:33.142	119.7
15:40:33.154	118.0
15:40:33.163	117.3
15:40:33.175	113.2
15:40:33.187	112.1
15:40:33.195	113.9
15:40:33.208	112.8
15:40:33.220	114.2
15:40:33.232	111.4
15:40:33.240	110.3
15:40:33.253	108.1
15:40:33.265	107.4
15:40:33.273	106.5
15:40:33.285	108.6
15:40:33.298	108.4
15:40:33.306	106.0
15:40:33.318	107.9
15:40:33.331	105.1
15:40:33.339	107.3
15:40:33.351	107.2
15:40:33.363	107.4
15:40:33.372	107.0
15:40:33.384	106.2
15:40:33.396	102.9
15:40:33.408	103.4
15:40:33.417	103.7
15:40:33.429	102.4
15:40:33.441	104.4
15:40:33.449	103.2
15:40:33.462	101.7
15:40:33.474	99.8
15:40:33.482	98.8
15:40:33.494	98.6
15:40:33.507	97.3
15:40:33.519	95.5
15:40:33.527	93.9
15:40:33.540	93.1
15:40:33.552	91.1
15:40:33.560	90.9
15:40:33.572	92.0
15:40:33.584	92.6
15:40:33.593	92.3
15:40:33.605	92.6
15:40:33.617	94.1
15:40:33.626	96.2
15:40:33.638	100.2
15:40:33.650	103.7
15:40:33.662	104.6
15:40:33.671	105.9
15:40:33.683	106.1
15:40:33.695	107.6
15:40:33.703	109.6
15:40:33.716	111.0
15:40:33.728	110.9
15:40:33.736	110.7
15:40:33.748	110.3
15:40:33.761	109.1
15:40:33.769	110.9
15:40:33.781	110.9
15:40:33.793	113.0
15:40:33.806	112.2
15:40:33.814	109.7
15:40:33.826	108.3
15:40:33.838	108.5
15:40:33.847	108.1
15:40:33.859	106.0
15:40:33.871	104.9
15:40:33.879	102.9
15:40:33.892	99.4
15:40:33.904	96.6
15:40:33.916	95.9
15:40:33.924	95.6
15:40:33.937	93.4
15:40:33.949	94.4
15:40:33.957	93.5
15:40:33.969	91.8
15:40:33.982	90.1
15:40:33.990	90.1
15:40:34.002	91.8
15:40:34.014	89.3
15:40:34.023	89.6
15:40:34.035	88.9
15:40:34.047	88.1
15:40:34.055	85.0
15:40:34.068	84.8
15:40:34.080	84.8
15:40:34.092	84.2
15:40:34.100	83.2
15:40:34.113	79.8
15:40:34.125	82.4
15:40:34.133	80.1
15:40:34.145	82.4
15:40:34.158	82.7
15:40:34.170	82.3
15:40:34.178	82.6
15:40:34.191	83.2
15:40:34.203	83.2
15:40:34.211	81.7
15:40:34.223	82.0
15:40:34.236	78.5
15:40:34.244	78.1
15:40:34.256	76.7
15:40:34.268	74.9
15:40:34.277	74.3
15:40:34.289	73.3
15:40:34.301	70.3
15:40:34.309	67.4
15:40:34.322	65.5
15:40:34.334	63.8
15:40:34.346	62.4
15:40:34.354	59.9
15:40:34.367	57.1
15:40:34.379	55.4
15:40:34.387	52.3
15:40:34.399	49.0
15:40:34.412	47.0
15:40:34.420	44.8
15:40:34.432	43.2
15:40:34.444	39.8
15:40:34.457	38.1
15:40:34.465	35.7
15:40:34.477	33.5
15:40:34.489	30.5
15:40:34.498	30.0
15:40:34.510	26.8
15:40:34.522	25.9
15:40:34.530	25.3
15:40:34.543	24.0
15:40:34.555	23.7
15:40:34.563	21.8
15:40:34.575	19.9
15:40:34.588	18.6
15:40:34.600	17.0
15:40:34.608	14.6
15:40:34.620	12.7
15:40:34.633	11.4
15:40:34.641	8.5
15:40:34.653	7.2
15:40:34.666	4.8
15:40:34.674	2.7
15:40:34.686	1.4
15:40:34.698	-3.5
15:40:34.706	-4.0
15:40:34.719	-6.7
15:40:34.731	-7.5
15:40:34.739	-11.2
15:40:34.752	-13.2
15:40:34.764	-16.7
15:40:34.776	-18.8
15:40:34.788	-22.3
15:40:34.797	-25.0
15:40:34.809	-25.7
15:40:34.821	-29.2
15:40:34.829	-33.1
15:40:34.842	-37.6
15:40:34.854	-42.3
15:40:34.862	-45.3
15:40:34.874	-47.5
15:40:34.887	-51.4
15:40:34.899	-52.4
15:40:34.907	-54.4
15:40:34.919	-56.2
15:40:34.932	-57.7
15:40:34.940	-58.1
15:40:34.952	-60.6
15:40:34.964	-63.1
15:40:34.973	-67.0
15:40:34.985	-70.3
15:40:34.997	-71.6
15:40:35.005	-74.5
15:40:35.018	-76.3
15:40:35.030	-79.5
15:40:35.038	-81.8
15:40:35.050	-84.0
15:40:35.063	-86.3
15:40:35.075	-88.0
15:40:35.083	-87.3
15:40:35.095	-88.6
15:40:35.108	-89.4
15:40:35.116	-89.7
15:40:35.128	-91.5
15:40:35.141	-92.0
15:40:35.153	-93.4
15:40:35.161	-94.8
15:40:35.173	-94.1
15:40:35.185	-91.7
15:40:35.194	-95.4
15:40:35.206	-98.1
15:40:35.218	-102.0
15:40:35.227	-104.6
15:40:35.239	-106.8
15:40:35.251	-107.6
15:40:35.259	-108.4
15:40:35.272	-109.9
15:40:35.284	-111.0
15:40:35.292	-112.7
15:40:35.304	-111.1
15:40:35.317	-109.3
15:40:35.329	-107.8
15:40:35.337	-107.8
15:40:35.349	-106.5
15:40:35.362	-107.5
15:40:35.370	-106.0
15:40:35.382	-105.8
15:40:35.394	-105.4
15:40:35.403	-104.4
15:40:35.415	-104.8
15:40:35.427	-104.0
15:40:35.439	-102.8
15:40:35.448	-100.8
15:40:35.460	-98.7
15:40:35.472	-97.3
15:40:35.480	-97.0
15:40:35.493	-93.4
15:40:35.505	-88.6
15:40:35.513	-88.3
15:40:35.525	-84.8
15:40:35.538	-84.6
15:40:35.546	-81.8
15:40:35.558	-78.4
15:40:35.570	-78.8
15:40:35.583	-75.8
15:40:35.591	-75.8
15:40:35.603	-76.9
15:40:35.615	-79.1
15:40:35.624	-79.2
15:40:35.636	-78.3
15:40:35.648	-74.3
15:40:35.656	-72.2
15:40:35.669	-72.9
15:40:35.682	-68.8
15:40:35.690	-68.7
15:40:35.703	-66.4
15:40:35.715	-64.9
15:40:35.727	-63.7
15:40:35.735	-60.2
15:40:35.748	-56.8
15:40:35.760	-57.5
15:40:35.768	-58.4
15:40:35.780	-54.8
15:40:35.793	-55.4
15:40:35.801	-54.1
15:40:35.813	-52.3
15:40:35.825	-51.8
15:40:35.838	-51.7
15:40:35.846	-49.3
15:40:35.858	-51.3
15:40:35.870	-50.5
15:40:35.879	-47.3
15:40:35.891	-48.5
15:40:35.903	-47.0
15:40:35.911	-42.5
15:40:35.924	-40.9
15:40:35.936	-37.6
15:40:35.944	-34.2
15:40:35.956	-33.9
15:40:35.969	-32.8
15:40:35.977	-30.7
15:40:35.989	-30.7
15:40:36.001	-28.7
15:40:36.014	-28.2
15:40:36.022	-29.6
15:40:36.034	-29.8
15:40:36.046	-29.7
15:40:36.055	-28.4
15:40:36.067	-28.6
15:40:36.079	-27.0
15:40:36.092	-26.1
15:40:36.100	-23.4
15:40:36.112	-21.2
15:40:36.124	-17.1
15:40:36.132	-15.8
15:40:36.145	-12.6
15:40:36.157	-9.0
15:40:36.165	-8.0
15:40:36.177	-4.5
15:40:36.190	-2.0
15:40:36.198	0.8
15:40:36.210	1.0
15:40:36.223	1.4
15:40:36.231	1.5
15:40:36.243	2.2
15:40:36.255	3.5
15:40:36.268	5.0
15:40:36.276	7.7
15:40:36.288	8.3
15:40:36.300	10.2
15:40:36.309	10.3
15:40:36.321	12.4
15:40:36.333	14.0
15:40:36.341	15.1
15:40:36.354	17.7
15:40:36.366	19.3
15:40:36.378	21.0
15:40:36.386	20.5
15:40:36.399	22.4
15:40:36.411	24.0
15:40:36.419	24.5
15:40:36.431	24.0
15:40:36.444	25.5
15:40:36.452	25.9
15:40:36.464	27.2
15:40:36.476	26.4
15:40:36.485	24.1
15:40:36.497	24.2
15:40:36.509	23.3
15:40:36.521	24.2
15:40:36.530	24.8
15:40:36.542	26.9
15:40:36.554	25.4
15:40:36.562	25.3
15:40:36.575	24.4
15:40:36.587	22.7
15:40:36.595	24.0
15:40:36.607	24.8
15:40:36.620	27.4
15:40:36.628	24.8
15:40:36.640	24.8
15:40:36.652	23.0
15:40:36.661	23.9
15:40:36.673	23.6
15:40:36.685	23.1
15:40:36.698	24.7
15:40:36.706	24.8
15:40:36.718	27.7
15:40:36.730	25.7
15:40:36.738	28.7
15:40:36.751	31.4
15:40:36.763	33.5
15:40:36.775	35.2
15:40:36.783	39.0
15:40:36.796	41.0
15:40:36.808	43.2
15:40:36.820	45.3
15:40:36.829	45.2
15:40:36.841	49.3
15:40:36.853	50.1
15:40:36.861	51.5
15:40:36.874	52.2
15:40:36.886	53.3
15:40:36.894	50.9
15:40:36.906	50.6
15:40:36.919	51.8
15:40:36.927	49.2
15:40:36.939	49.1
15:40:36.951	48.1
15:40:36.960	47.3
15:40:36.972	46.5
15:40:36.984	47.7
15:40:36.997	49.6
15:40:37.005	53.2
15:40:37.017	57.7
15:40:37.029	61.4
15:40:37.037	67.6
15:40:37.050	70.6
15:40:37.062	72.4
15:40:37.074	76.6
15:40:37.082	79.6
15:40:37.095	81.7
15:40:37.107	82.9
15:40:37.115	85.6
15:40:37.128	86.0
15:40:37.140	86.8
15:40:37.148	86.0
15:40:37.160	87.5
15:40:37.173	89.6
15:40:37.181	89.7
15:40:37.193	89.3
15:40:37.205	89.3
15:40:37.213	88.6
15:40:37.226	87.4
15:40:37.238	86.3
15:40:37.250	84.7
15:40:37.259	83.9
15:40:37.271	82.2
15:40:37.283	80.8
15:40:37.292	79.1
15:40:37.304	79.7
15:40:37.316	79.1
15:40:37.324	77.9
15:40:37.337	76.2
15:40:37.349	76.5
15:40:37.361	74.8
15:40:37.369	75.5
15:40:37.382	76.0
15:40:37.394	76.6
15:40:37.402	76.0
15:40:37.414	76.6
15:40:37.427	77.0
15:40:37.435	76.7
15:40:37.447	78.7
15:40:37.459	77.7
15:40:37.468	78.1
15:40:37.480	77.2
15:40:37.492	77.0
15:40:37.504	76.4
15:40:37.513	79.3
15:40:37.525	78.3
15:40:37.537	76.6
15:40:37.545	77.3
15:40:37.558	73.7
15:40:37.570	72.9
15:40:37.578	71.8
15:40:37.590	72.3
15:40:37.603	72.5
15:40:37.611	73.2
15:40:37.623	71.7
15:40:37.635	70.6
15:40:37.648	72.8
15:40:37.656	74.3
15:40:37.668	78.3
15:40:37.680	82.5
15:40:37.689	86.1
15:40:37.701	87.2
15:40:37.713	89.1
15:40:37.721	91.1
15:40:37.734	92.6
15:40:37.746	93.9
15:40:37.758	94.5
15:40:37.766	96.4
15:40:37.779	96.2
15:40:37.791	95.0
15:40:37.799	93.4
15:40:37.811	93.9
15:40:37.824	91.3
15:40:37.832	86.7
15:40:37.844	85.7
15:40:37.856	85.0
15:40:37.865	82.5
15:40:37.877	79.4
15:40:37.889	78.0
15:40:37.898	77.7
15:40:37.910	79.9
15:40:37.922	78.8
15:40:37.934	80.9
15:40:37.943	83.7
15:40:37.955	83.8
15:40:37.967	85.0
15:40:37.975	87.0
15:40:37.988	89.4
15:40:38.000	90.4
15:40:38.012	90.2
15:40:38.020	89.0
15:40:38.033	89.1
15:40:38.045	87.3
15:40:38.053	87.1
15:40:38.066	86.6
15:40:38.078	85.7
15:40:38.086	83.2
15:40:38.098	82.4
15:40:38.111	82.4
15:40:38.119	82.6
15:40:38.130	79.8
15:40:38.143	78.8
15:40:38.151	77.2
15:40:38.163	74.4
15:40:38.175	72.9
15:40:38.189	70.6
15:40:38.197	70.3
15:40:38.209	64.3
15:40:38.221	62.1
15:40:38.230	60.1
15:40:38.242	59.3
15:40:38.254	57.9
15:40:38.262	56.3
15:40:38.275	52.9
15:40:38.287	48.7
15:40:38.299	46.9
15:40:38.307	45.3
15:40:38.320	44.8
15:40:38.332	40.0
15:40:38.340	36.1
15:40:38.352	32.1
15:40:38.365	28.9
15:40:38.373	26.9
15:40:38.385	24.7
15:40:38.397	22.4
15:40:38.406	21.5
15:40:38.418	19.5
15:40:38.430	17.9
15:40:38.442	16.1
15:40:38.451	12.0
15:40:38.463	10.2
15:40:38.475	6.4
15:40:38.483	2.6
15:40:38.496	1.1
15:40:38.508	-0.3
15:40:38.516	-5.0
15:40:38.528	-9.2
15:40:38.541	-13.1
15:40:38.549	-14.7
15:40:38.561	-13.9
15:40:38.573	-15.0
15:40:38.582	-18.1
15:40:38.594	-20.7
15:40:38.606	-21.5
15:40:38.619	-23.7
15:40:38.627	-26.4
15:40:38.639	-25.8
15:40:38.651	-26.6
15:40:38.660	-28.8
15:40:38.672	-33.9
15:40:38.684	-39.2
15:40:38.696	-41.6
15:40:38.705	-43.0
15:40:38.717	-47.5
15:40:38.729	-52.3
15:40:38.741	-54.4
15:40:38.750	-60.6
15:40:38.762	-63.2
15:40:38.774	-67.4
15:40:38.782	-70.1
15:40:38.795	-71.9
15:40:38.807	-72.1
15:40:38.815	-75.5
15:40:38.827	-76.6
15:40:38.840	-76.3
15:40:38.848	-78.3
15:40:38.860	-78.6
15:40:38.872	-80.0
15:40:38.881	-80.0
15:40:38.893	-81.6
15:40:38.905	-82.3
15:40:38.917	-86.5
15:40:38.926	-86.4
15:40:38.938	-90.1
15:40:38.950	-92.2
15:40:38.958	-94.2
15:40:38.971	-95.9
15:40:38.983	-97.9
15:40:38.995	-98.7
15:40:39.003	-99.6
15:40:39.016	-100.5
15:40:39.028	-99.5
15:40:39.036	-102.4
15:40:39.049	-103.1
15:40:39.061	-106.5
15:40:39.069	-108.5
15:40:39.081	-109.5
15:40:39.094	-111.4
15:40:39.102	-112.9
15:40:39.114	-113.7
15:40:39.126	-115.4
15:40:39.135	-117.2
15:40:39.147	-115.1
15:40:39.159	-113.2
15:40:39.171	-111.4
15:40:39.180	-107.7
15:40:39.192	-109.2
15:40:39.204	-108.3
15:40:39.212	-108.0
15:40:39.224	-107.1
15:40:39.236	-105.4
15:40:39.245	-101.7
15:40:39.257	-101.8
15:40:39.269	-101.0
15:40:39.282	-98.4
15:40:39.290	-98.3
15:40:39.302	-94.4
15:40:39.314	-93.2
15:40:39.323	-91.8
15:40:39.335	-89.8
15:40:39.347	-88.7
15:40:39.355	-89.6
15:40:39.368	-88.3
15:40:39.380	-87.5
15:40:39.388	-87.8
15:40:39.400	-84.2
15:40:39.413	-83.8
15:40:39.425	-81.8
15:40:39.433	-80.0
15:40:39.445	-80.6
15:40:39.458	-78.5
15:40:39.466	-76.5
15:40:39.478	-76.1
15:40:39.490	-74.5
15:40:39.499	-72.5
15:40:39.511	-73.8
15:40:39.523	-70.6
15:40:39.531	-70.3
15:40:39.544	-68.0
15:40:39.556	-64.3
15:40:39.568	-61.8
15:40:39.577	-59.9
15:40:39.589	-57.1
15:40:39.601	-55.4
15:40:39.609	-51.0
15:40:39.622	-49.2
15:40:39.634	-49.5
15:40:39.642	-46.4
15:40:39.654	-46.6
15:40:39.667	-45.1
15:40:39.679	-45.2
15:40:39.687	-42.0
15:40:39.699	-38.4
15:40:39.712	-35.8
15:40:39.720	-36.1
15:40:39.732	-34.8
15:40:39.744	-32.0
15:40:39.753	-31.8
15:40:39.765	-29.0
15:40:39.777	-26.4
15:40:39.785	-22.5
15:40:39.798	-20.0
15:40:39.810	-19.5
15:40:39.818	-16.4
15:40:39.830	-13.5
15:40:39.843	-10.2
15:40:39.855	-6.7
15:40:39.863	1.2
15:40:39.876	6.2
15:40:39.888	12.0
15:40:39.896	16.2
15:40:39.908	19.8
15:40:39.921	27.7
15:40:39.933	32.3
15:40:39.941	41.5
15:40:39.954	49.7
15:40:39.966	57.5
15:40:39.974	63.2
15:40:39.986	69.4
15:40:39.998	75.5
15:40:40.007	84.2
15:40:40.019	92.0
15:40:40.031	96.5
15:40:40.039	104.1
15:40:40.052	108.9
15:40:40.064	115.2
15:40:40.072	120.2
15:40:40.085	121.0
15:40:40.097	124.0
15:40:40.109	128.2
15:40:40.117	128.9
15:40:40.130	132.4
15:40:40.142	135.1
15:40:40.150	135.8
15:40:40.162	136.5
15:40:40.175	136.9
15:40:40.183	135.5
15:40:40.195	139.5
15:40:40.208	140.3
15:40:40.220	141.1
15:40:40.228	140.6
15:40:40.240	140.5
15:40:40.253	138.6
15:40:40.261	136.4
15:40:40.273	133.8
15:40:40.285	130.4
15:40:40.294	129.3
15:40:40.306	126.7
15:40:40.318	125.7
15:40:40.326	121.0
15:40:40.339	122.6
15:40:40.351	119.1
15:40:40.363	117.1
15:40:40.371	114.8
15:40:40.384	111.8
15:40:40.396	109.4
15:40:40.404	105.4
15:40:40.416	100.2
15:40:40.429	93.9
15:40:40.437	88.8
15:40:40.449	79.7
15:40:40.462	71.3
15:40:40.470	64.4
15:40:40.482	57.0
15:40:40.494	49.1
15:40:40.502	41.6
15:40:40.515	33.5
15:40:40.527	25.0
15:40:40.539	14.8
15:40:40.547	4.4
15:40:40.560	-5.7
15:40:40.572	-14.2
15:40:40.580	-21.1
15:40:40.593	-28.4
15:40:40.605	-34.1
15:40:40.617	-40.9
15:40:40.625	-46.3
15:40:40.637	-51.4
15:40:40.649	-54.9
15:40:40.658	-53.8
15:40:40.670	-55.1
15:40:40.682	-56.5
15:40:40.694	-58.9
15:40:40.703	-61.4
15:40:40.715	-64.0
15:40:40.727	-67.4
15:40:40.735	-70.8
15:40:40.748	-74.7
15:40:40.760	-77.6
15:40:40.768	-84.9
15:40:40.780	-89.1
15:40:40.793	-93.3
15:40:40.801	-97.0
15:40:40.813	-102.4
15:40:40.825	-107.3
15:40:40.838	-113.0
15:40:40.846	-116.8
15:40:40.858	-118.1
15:40:40.870	-120.6
15:40:40.879	-121.7
15:40:40.891	-125.9
15:40:40.903	-129.3
15:40:40.915	-132.9
15:40:40.924	-134.7
15:40:40.936	-136.9
15:40:40.948	-137.2
15:40:40.956	-137.0
15:40:40.969	-137.6
15:40:40.981	-136.5
15:40:40.989	-139.4
15:40:41.002	-138.5
15:40:41.014	-138.2
15:40:41.022	-138.6
15:40:41.034	-137.7
15:40:41.047	-137.9
15:40:41.055	-137.9
15:40:41.067	-138.9
15:40:41.079	-140.9
15:40:41.092	-143.2
15:40:41.100	-141.8
15:40:41.112	-141.5
15:40:41.124	-141.9
15:40:41.133	-143.4
15:40:41.145	-141.5
15:40:41.157	-139.7
15:40:41.165	-139.2
15:40:41.178	-137.5
15:40:41.190	-136.3
15:40:41.202	-133.9
15:40:41.210	-133.7
15:40:41.223	-133.2
15:40:41.235	-132.2
15:40:41.243	-129.0
15:40:41.255	-127.5
15:40:41.268	-126.8
15:40:41.276	-123.8
15:40:41.288	-123.2
15:40:41.301	-120.8
15:40:41.309	-119.4
15:40:41.321	-116.7
15:40:41.333	-116.1
15:40:41.346	-112.7
15:40:41.354	-112.4
15:40:41.366	-113.1
15:40:41.378	-111.3
15:40:41.387	-110.8
15:40:41.399	-108.8
15:40:41.411	-108.6
15:40:41.419	-108.0
15:40:41.432	-109.8
15:40:41.444	-108.0
15:40:41.452	-106.9
15:40:41.464	-106.1
15:40:41.477	-105.4
15:40:41.489	-103.6
15:40:41.497	-101.1
15:40:41.510	-99.1
15:40:41.522	-95.6
15:40:41.530	-96.1
15:40:41.542	-92.0
15:40:41.555	-91.4
15:40:41.563	-92.3
15:40:41.575	-89.6
15:40:41.587	-85.9
15:40:41.600	-85.0
15:40:41.608	-85.9
15:40:41.620	-85.9
15:40:41.633	-87.3
15:40:41.641	-85.5
15:40:41.653	-85.7
15:40:41.665	-83.9
15:40:41.673	-82.2
15:40:41.686	-82.3
15:40:41.698	-81.0
15:40:41.706	-82.2
15:40:41.718	-80.6
15:40:41.731	-80.3
15:40:41.739	-78.5
15:40:41.751	-75.3
15:40:41.764	-75.4
15:40:41.776	-73.1
15:40:41.784	-71.4
15:40:41.796	-67.4
15:40:41.809	-66.1
15:40:41.817	-62.8
15:40:41.829	-61.3
15:40:41.841	-60.7
15:40:41.854	-59.5
15:40:41.862	-60.8
15:40:41.874	-59.5
15:40:41.886	-58.3
15:40:41.895	-57.7
15:40:41.907	-60.9
15:40:41.919	-61.4
15:40:41.927	-63.9
15:40:41.940	-62.9
15:40:41.952	-61.1
15:40:41.960	-61.7
15:40:41.973	-60.3
15:40:41.985	-58.3
15:40:41.993	-59.3
15:40:42.005	-59.8
15:40:42.018	-58.9
15:40:42.030	-58.9
15:40:42.038	-55.9
15:40:42.051	-55.8
15:40:42.063	-57.5
15:40:42.071	-56.6
15:40:42.083	-56.7
15:40:42.096	-57.2
15:40:42.104	-57.0
15:40:42.116	-55.5
15:40:42.128	-53.1
15:40:42.141	-51.7
15:40:42.149	-50.4
15:40:42.161	-50.0
15:40:42.173	-49.1
15:40:42.182	-49.4
15:40:42.194	-48.8
15:40:42.206	-46.7
15:40:42.214	-46.0
15:40:42.227	-45.9
15:40:42.239	-45.3
15:40:42.247	-46.2
15:40:42.259	-47.5
15:40:42.272	-47.1
15:40:42.284	-45.3
15:40:42.292	-43.9
15:40:42.304	-43.4
15:40:42.317	-44.0
15:40:42.325	-43.1
15:40:42.337	-41.6
15:40:42.349	-41.7
15:40:42.358	-40.5
15:40:42.370	-38.0
15:40:42.382	-36.3
15:40:42.390	-35.6
15:40:42.403	-35.3
15:40:42.415	-33.8
15:40:42.423	-32.1
15:40:42.435	-32.4
15:40:42.448	-30.0
15:40:42.460	-28.7
15:40:42.468	-29.3
15:40:42.481	-29.9
15:40:42.493	-30.2
15:40:42.501	-29.1
15:40:42.513	-28.8
15:40:42.525	-27.9
15:40:42.538	-28.9
15:40:42.546	-28.3
15:40:42.558	-29.8
15:40:42.571	-29.4
15:40:42.579	-27.7
15:40:42.591	-26.8
15:40:42.603	-25.7
15:40:42.616	-25.8
15:40:42.624	-24.3
15:40:42.636	-22.6
15:40:42.648	-21.0
15:40:42.657	-18.8
15:40:42.669	-18.7
15:40:42.681	-19.1
15:40:42.689	-18.3
15:40:42.702	-19.6
15:40:42.714	-21.9
15:40:42.722	-21.7
15:40:42.734	-22.3
15:40:42.747	-23.8
15:40:42.759	-24.1
15:40:42.767	-24.0
15:40:42.779	-22.3
15:40:42.792	-22.8
15:40:42.800	-23.3
15:40:42.812	-20.9
15:40:42.825	-17.5
15:40:42.837	-17.4
15:40:42.845	-17.1
15:40:42.857	-17.6
15:40:42.869	-17.7
15:40:42.878	-17.7
15:40:42.890	-17.2
15:40:42.902	-15.7
15:40:42.910	-12.8
15:40:42.923	-10.6
15:40:42.935	-10.1
15:40:42.943	-7.0
15:40:42.956	-4.9
15:40:42.968	-0.7
15:40:42.976	2.5
15:40:42.988	5.8
15:40:43.001	7.0
15:40:43.013	10.2
15:40:43.021	10.6
15:40:43.033	11.5
15:40:43.046	13.1
15:40:43.054	13.5
15:40:43.066	16.4
15:40:43.078	17.1
15:40:43.086	16.7
15:40:43.099	18.6
15:40:43.111	18.3
15:40:43.123	19.3
15:40:43.132	22.0
15:40:43.144	22.9
15:40:43.156	25.0
15:40:43.164	28.4
15:40:43.177	29.8
15:40:43.189	31.1
15:40:43.197	33.8
15:40:43.209	33.4
15:40:43.222	36.6
15:40:43.230	37.5
15:40:43.242	37.6
15:40:43.255	40.7
15:40:43.267	44.4
15:40:43.275	45.9
15:40:43.287	48.2
15:40:43.300	53.6
15:40:43.308	57.5
15:40:43.320	62.9
15:40:43.332	66.0
15:40:43.341	70.2
15:40:43.353	74.9
15:40:43.365	76.6
15:40:43.373	76.9
15:40:43.386	78.4
15:40:43.398	79.1
15:40:43.410	78.4
15:40:43.418	80.6
15:40:43.431	81.3
15:40:43.443	84.3
15:40:43.451	86.0
15:40:43.463	86.3
15:40:43.476	87.1
15:40:43.484	87.5
15:40:43.496	87.9
15:40:43.509	89.4
15:40:43.521	91.5
15:40:43.529	91.0
15:40:43.541	90.1
15:40:43.554	88.7
15:40:43.562	88.5
15:40:43.574	89.8
15:40:43.586	91.2
15:40:43.594	91.2
15:40:43.607	91.6
15:40:43.619	93.5
15:40:43.627	92.1
15:40:43.640	93.2
15:40:43.652	94.0
15:40:43.660	96.0
15:40:43.672	95.3
15:40:43.685	94.0
15:40:43.697	92.5
15:40:43.705	95.2
15:40:43.717	95.6
15:40:43.730	94.7
15:40:43.738	95.4
15:40:43.750	96.1
15:40:43.762	98.2
15:40:43.775	98.0
15:40:43.783	98.3
15:40:43.795	98.7
15:40:43.808	99.9
15:40:43.816	98.3
15:40:43.828	99.1
15:40:43.840	99.2
15:40:43.848	99.6
15:40:43.861	100.2
15:40:43.873	96.8
15:40:43.881	95.5
15:40:43.894	97.3
15:40:43.906	99.3
15:40:43.914	99.6
15:40:43.927	101.7
15:40:43.939	101.5
15:40:43.951	101.4
15:40:43.959	102.4
15:40:43.971	101.7
15:40:43.984	103.5
15:40:43.992	104.5
15:40:44.004	104.6
15:40:44.016	105.3
15:40:44.025	106.6
15:40:44.037	105.2
15:40:44.049	107.9
15:40:44.061	109.0
15:40:44.070	109.8
15:40:44.082	111.6
15:40:44.094	112.9
15:40:44.102	112.4
15:40:44.115	111.4
15:40:44.127	111.0
15:40:44.135	112.1
15:40:44.147	113.7
15:40:44.160	115.2
15:40:44.168	117.8
15:40:44.180	119.4
15:40:44.192	120.2
15:40:44.205	121.6
15:40:44.213	124.9
15:40:44.225	128.0
15:40:44.237	129.6
15:40:44.246	128.4
15:40:44.258	128.9
15:40:44.270	127.8
15:40:44.278	128.1
15:40:44.291	127.7
15:40:44.303	125.3
15:40:44.311	125.3
15:40:44.324	123.6
15:40:44.336	123.3
15:40:44.344	121.9
15:40:44.356	124.6
15:40:44.369	124.5
15:40:44.381	124.7
15:40:44.393	124.0
15:40:44.401	123.5
15:40:44.414	123.3
15:40:44.426	122.8
15:40:44.434	122.4
15:40:44.446	120.8
15:40:44.459	120.3
15:40:44.467	117.7
15:40:44.479	117.5
15:40:44.491	114.5
15:40:44.504	112.4
15:40:44.512	111.2
15:40:44.524	112.8
15:40:44.536	110.7
15:40:44.545	110.1
15:40:44.557	109.3
15:40:44.569	106.1
15:40:44.577	105.4
15:40:44.590	104.7
15:40:44.602	106.4
15:40:44.610	105.8
15:40:44.622	104.0
15:40:44.635	101.3
15:40:44.643	100.2
15:40:44.655	99.8
15:40:44.667	99.1
15:40:44.680	100.5
15:40:44.688	99.5
15:40:44.700	98.2
15:40:44.713	94.8
15:40:44.721	92.5
15:40:44.733	91.0
15:40:44.745	90.7
15:40:44.758	93.7
15:40:44.766	94.2
15:40:44.778	95.4
15:40:44.790	98.8
15:40:44.799	103.3
15:40:44.811	106.3
15:40:44.823	110.0
15:40:44.831	114.0
15:40:44.844	117.2
15:40:44.856	118.5
15:40:44.864	120.0
15:40:44.876	121.1
15:40:44.889	121.6
15:40:44.897	120.0
15:40:44.909	118.9
15:40:44.921	118.7
15:40:44.934	118.1
15:40:44.942	116.9
15:40:44.954	116.2
15:40:44.966	116.8
15:40:44.975	114.8
15:40:44.987	115.1
15:40:44.999	115.7
15:40:45.008	115.8
15:40:45.020	112.7
15:40:45.032	111.4
15:40:45.044	110.6
15:40:45.053	110.7
15:40:45.065	113.5
15:40:45.077	115.9
15:40:45.085	120.2
15:40:45.098	122.1
15:40:45.110	122.9
15:40:45.118	125.1
15:40:45.130	130.8
15:40:45.143	133.6
15:40:45.151	136.2
15:40:45.163	138.8
15:40:45.175	137.5
15:40:45.188	137.1
15:40:45.196	135.7
15:40:45.208	134.0
15:40:45.220	135.8
15:40:45.229	133.9
15:40:45.241	132.7
15:40:45.253	133.6
15:40:45.261	135.5
15:40:45.274	135.9
15:40:45.286	137.7
15:40:45.294	139.3
15:40:45.306	137.2
15:40:45.319	140.6
15:40:45.331	138.6
15:40:45.339	141.4
15:40:45.351	139.0
15:40:45.364	136.6
15:40:45.372	134.6
15:40:45.384	133.0
15:40:45.396	131.6
15:40:45.405	128.4
15:40:45.417	127.7
15:40:45.429	122.3
15:40:45.441	121.0
15:40:45.450	117.4
15:40:45.462	115.3
15:40:45.474	112.1
15:40:45.482	107.7
15:40:45.495	104.7
15:40:45.507	101.0
15:40:45.515	97.6
15:40:45.528	93.7
15:40:45.540	90.6
15:40:45.548	86.2
15:40:45.560	82.6
15:40:45.573	80.9
15:40:45.581	77.6
15:40:45.593	74.7
15:40:45.605	69.8
15:40:45.618	66.3
15:40:45.626	61.7
15:40:45.638	57.1
15:40:45.650	54.7
15:40:45.658	51.6
15:40:45.671	47.2
15:40:45.683	42.9
15:40:45.695	39.6
15:40:45.704	35.8
15:40:45.716	33.9
15:40:45.728	31.1
15:40:45.736	28.9
15:40:45.749	26.9
15:40:45.761	25.5
15:40:45.769	23.1
15:40:45.781	20.5
15:40:45.794	17.3
15:40:45.802	14.5
15:40:45.814	12.0
15:40:45.827	8.2
15:40:45.835	4.4
15:40:45.847	0.6
15:40:45.859	-2.6
15:40:45.872	-10.3
15:40:45.880	-17.2
15:40:45.892	-23.8
15:40:45.904	-30.8
15:40:45.913	-38.7
15:40:45.925	-46.3
15:40:45.937	-53.0
15:40:45.945	-58.7
15:40:45.958	-63.1
15:40:45.970	-69.6
15:40:45.982	-71.6
15:40:45.990	-73.0
15:40:46.003	-74.2
15:40:46.015	-74.7
15:40:46.023	-76.5
15:40:46.035	-77.0
15:40:46.048	-79.8
15:40:46.056	-80.6
15:40:46.068	-84.1
15:40:46.081	-83.7
15:40:46.089	-87.2
15:40:46.101	-89.4
15:40:46.113	-94.0
15:40:46.126	-100.0
15:40:46.134	-101.1
15:40:46.146	-102.9
15:40:46.158	-102.3
15:40:46.167	-105.6
15:40:46.179	-105.8
15:40:46.191	-108.2
15:40:46.199	-109.2
15:40:46.212	-112.1
15:40:46.224	-112.7
15:40:46.232	-112.5
15:40:46.244	-115.2
15:40:46.257	-117.8
15:40:46.265	-122.8
15:40:46.277	-124.8
15:40:46.290	-127.9
15:40:46.302	-130.0
15:40:46.314	-130.8
15:40:46.322	-132.3
15:40:46.335	-133.0
15:40:46.347	-133.4
15:40:46.355	-133.3
15:40:46.367	-135.3
15:40:46.380	-134.3
15:40:46.388	-135.7
15:40:46.400	-135.5
15:40:46.412	-136.8
15:40:46.425	-140.0
15:40:46.433	-141.5
15:40:46.445	-141.1
15:40:46.457	-143.4
15:40:46.466	-143.4
15:40:46.478	-142.4
15:40:46.490	-143.8
15:40:46.498	-143.1
15:40:46.511	-144.0
15:40:46.523	-144.6
15:40:46.531	-144.7
15:40:46.544	-145.1
15:40:46.556	-148.3
15:40:46.564	-147.9
15:40:46.576	-149.6
15:40:46.589	-149.7
15:40:46.601	-146.3
15:40:46.609	-147.1
15:40:46.621	-148.2
15:40:46.634	-149.3
15:40:46.642	-150.3
15:40:46.654	-149.7
15:40:46.666	-149.1
15:40:46.679	-149.2
15:40:46.687	-149.1
15:40:46.699	-151.0
15:40:46.711	-152.7
15:40:46.720	-153.3
15:40:46.732	-153.0
15:40:46.744	-153.2
15:40:46.752	-151.6
15:40:46.765	-152.3
15:40:46.777	-152.7
15:40:46.785	-152.8
15:40:46.797	-151.3
15:40:46.810	-149.1
15:40:46.818	-148.7
15:40:46.830	-146.3
15:40:46.843	-143.5
15:40:46.855	-140.5
15:40:46.863	-137.9
15:40:46.875	-134.2
15:40:46.888	-130.3
15:40:46.896	-127.1
15:40:46.908	-127.3
15:40:46.920	-125.0
15:40:46.929	-123.4
15:40:46.941	-121.4
15:40:46.953	-120.6
15:40:46.965	-118.9
15:40:46.974	-117.2
15:40:46.986	-115.7
15:40:46.998	-115.2
15:40:47.006	-114.3
15:40:47.019	-110.3
15:40:47.031	-109.3
15:40:47.039	-106.3
15:40:47.051	-106.4
15:40:47.064	-103.6
15:40:47.072	-100.3
15:40:47.084	-97.8
15:40:47.096	-95.6
15:40:47.109	-91.9
15:40:47.117	-87.8
15:40:47.129	-85.0
15:40:47.141	-81.0
15:40:47.150	-77.9
15:40:47.162	-72.4
15:40:47.174	-69.1
15:40:47.182	-64.4
15:40:47.195	-62.1
15:40:47.207	-57.9
15:40:47.215	-54.9
15:40:47.227	-53.6
15:40:47.240	-52.5
15:40:47.252	-51.4
15:40:47.260	-49.3
15:40:47.272	-47.3
15:40:47.285	-45.3
15:40:47.293	-45.2
15:40:47.305	-43.5
15:40:47.318	-44.1
15:40:47.326	-41.9
15:40:47.338	-38.0
15:40:47.350	-35.2
15:40:47.363	-32.4
15:40:47.371	-31.7
15:40:47.383	-30.2
15:40:47.395	-25.8
15:40:47.404	-23.0
15:40:47.416	-20.6
15:40:47.428	-15.9
15:40:47.436	-14.1
15:40:47.449	-14.3
15:40:47.461	-11.4
15:40:47.469	-8.3
15:40:47.481	-3.9
15:40:47.494	0.1
15:40:47.502	2.6
15:40:47.514	4.8
15:40:47.527	7.1
15:40:47.539	9.6
15:40:47.547	13.5
15:40:47.559	18.9
15:40:47.572	22.3
15:40:47.580	26.4
15:40:47.592	27.3
15:40:47.604	27.1
15:40:47.616	27.2
15:40:47.625	27.9
15:40:47.637	30.6
15:40:47.649	31.1
15:40:47.657	32.4
15:40:47.670	33.3
15:40:47.682	37.0
15:40:47.690	38.5
15:40:47.703	43.5
15:40:47.715	48.3
15:40:47.723	53.3
15:40:47.735	58.9
15:40:47.748	62.4
15:40:47.756	66.0
15:40:47.768	69.3
15:40:47.780	73.6
15:40:47.793	74.5
15:40:47.801	77.5
15:40:47.813	78.2
15:40:47.826	79.7
15:40:47.834	79.7
15:40:47.846	80.2
15:40:47.858	81.8
15:40:47.866	83.9
15:40:47.879	85.2
15:40:47.891	86.6
15:40:47.903	87.9
15:40:47.911	87.8
15:40:47.924	87.8
15:40:47.936	88.0
15:40:47.944	87.6
15:40:47.957	86.7
15:40:47.969	85.2
15:40:47.977	84.9
15:40:47.989	84.8
15:40:48.002	84.7
15:40:48.010	84.9
15:40:48.022	83.7
15:40:48.034	85.7
15:40:48.047	86.5
15:40:48.055	86.8
15:40:48.067	88.0
15:40:48.079	89.9
15:40:48.088	89.5
15:40:48.100	90.6
15:40:48.112	90.5
15:40:48.120	90.0
15:40:48.133	92.0
15:40:48.145	93.1
15:40:48.153	92.3
15:40:48.165	94.1
15:40:48.178	94.1
15:40:48.186	93.2
15:40:48.198	94.8
15:40:48.210	93.5
15:40:48.223	93.5
15:40:48.231	95.4
15:40:48.243	94.2
15:40:48.255	93.3
15:40:48.264	96.2
15:40:48.276	95.5
15:40:48.288	95.1
15:40:48.301	96.9
15:40:48.309	96.3
15:40:48.321	98.7
15:40:48.333	99.6
15:40:48.342	99.9
15:40:48.354	102.5
15:40:48.366	103.0
15:40:48.378	103.2
15:40:48.387	105.1
15:40:48.399	108.0
15:40:48.411	110.2
15:40:48.419	115.1
15:40:48.432	115.5
15:40:48.444	116.5
15:40:48.452	116.0
15:40:48.464	117.3
15:40:48.477	118.4
15:40:48.485	117.8
15:40:48.497	115.5
15:40:48.509	112.1
15:40:48.522	110.5
15:40:48.530	107.4
15:40:48.542	108.1
15:40:48.554	108.5
15:40:48.563	109.0
15:40:48.575	108.5
15:40:48.587	111.4
15:40:48.599	114.4
15:40:48.608	119.1
15:40:48.620	126.5
15:40:48.632	131.5
15:40:48.640	134.9
15:40:48.653	137.3
15:40:48.665	136.7
15:40:48.673	141.6
15:40:48.685	143.3
15:40:48.698	142.4
15:40:48.706	142.2
15:40:48.718	141.8
15:40:48.730	139.4
15:40:48.739	137.6
15:40:48.751	136.9
15:40:48.763	136.4
15:40:48.776	139.2
15:40:48.784	135.2
15:40:48.796	133.7
15:40:48.808	133.6
15:40:48.817	131.5
15:40:48.829	129.5
15:40:48.841	128.9
15:40:48.849	125.6
15:40:48.862	122.2
15:40:48.874	118.7
15:40:48.886	114.9
15:40:48.894	111.6
15:40:48.907	108.1
15:40:48.919	103.5
15:40:48.927	100.7
15:40:48.939	98.8
15:40:48.952	94.7
15:40:48.960	92.2
15:40:48.972	88.5
15:40:48.985	84.7
15:40:48.993	80.8
15:40:49.005	76.8
15:40:49.017	72.7
15:40:49.030	69.2
15:40:49.038	63.6
15:40:49.050	59.1
15:40:49.062	55.3
15:40:49.071	50.4
15:40:49.083	48.5
15:40:49.095	45.7
15:40:49.103	43.7
15:40:49.116	41.8
15:40:49.128	40.0
15:40:49.136	39.8
15:40:49.148	37.6
15:40:49.161	35.5
15:40:49.173	31.2
15:40:49.181	28.8
15:40:49.193	26.9
15:40:49.206	23.2
15:40:49.214	19.6
15:40:49.226	16.3
15:40:49.238	12.3
15:40:49.247	5.3
15:40:49.259	1.5
15:40:49.271	-4.6
15:40:49.283	-5.7
15:40:49.292	-11.2
15:40:49.304	-19.5
15:40:49.316	-26.1
15:40:49.324	-32.3
15:40:49.337	-36.5
15:40:49.349	-41.0
15:40:49.357	-46.5
15:40:49.369	-50.7
15:40:49.382	-54.5
15:40:49.390	-63.0
15:40:49.402	-66.5
15:40:49.414	-70.3
15:40:49.423	-73.7
15:40:49.435	-77.9
15:40:49.447	-83.1
15:40:49.460	-86.8
15:40:49.468	-89.2
15:40:49.480	-90.9
15:40:49.492	-92.5
15:40:49.501	-93.8
15:40:49.513	-92.5
15:40:49.525	-90.0
15:40:49.537	-89.3
15:40:49.546	-88.0
15:40:49.558	-87.4
15:40:49.570	-87.6
15:40:49.578	-85.3
15:40:49.591	-86.2
15:40:49.603	-88.7
15:40:49.611	-87.5
15:40:49.623	-91.1
15:40:49.636	-93.9
15:40:49.644	-97.2
15:40:49.656	-99.1
15:40:49.669	-100.9
15:40:49.677	-101.7
15:40:49.689	-105.1
15:40:49.701	-104.1
15:40:49.714	-105.7
15:40:49.722	-109.5
15:40:49.734	-111.1
15:40:49.746	-110.6
15:40:49.755	-111.1
15:40:49.767	-114.3
15:40:49.779	-114.4
15:40:49.787	-116.3
15:40:49.800	-117.0
15:40:49.812	-119.5
15:40:49.824	-118.6
15:40:49.832	-117.4
15:40:49.845	-117.2
15:40:49.857	-121.8
15:40:49.865	-121.4
15:40:49.877	-119.8
15:40:49.890	-121.2
15:40:49.898	-121.6
15:40:49.910	-122.8
15:40:49.922	-123.8
15:40:49.931	-124.3
15:40:49.943	-124.4
15:40:49.955	-125.2
15:40:49.967	-124.5
15:40:49.976	-124.9
15:40:49.988	-125.7
15:40:50.000	-125.1
15:40:50.008	-125.3
15:40:50.021	-124.4
15:40:50.033	-125.8
15:40:50.041	-123.7
15:40:50.054	-123.2
15:40:50.066	-122.9
15:40:50.074	-120.7
15:40:50.086	-119.2
15:40:50.098	-117.4
15:40:50.107	-115.8
15:40:50.119	-113.5
15:40:50.131	-112.3
15:40:50.144	-108.5
15:40:50.152	-108.4
15:40:50.164	-106.2
15:40:50.176	-103.9
15:40:50.185	-104.2
15:40:50.197	-100.7
15:40:50.209	-100.4
15:40:50.221	-98.1
15:40:50.230	-96.2
15:40:50.242	-94.8
15:40:50.254	-94.5
15:40:50.262	-91.7
15:40:50.275	-92.0
15:40:50.287	-90.3
15:40:50.295	-88.5
15:40:50.307	-86.8
15:40:50.320	-82.6
15:40:50.328	-83.2
15:40:50.340	-80.8
15:40:50.352	-79.1
15:40:50.361	-75.2
15:40:50.373	-73.1
15:40:50.385	-68.5
15:40:50.397	-64.5
15:40:50.406	-60.1
15:40:50.418	-58.1
15:40:50.430	-56.0
15:40:50.439	-51.8
15:40:50.451	-49.7
15:40:50.463	-46.8
15:40:50.475	-44.9
15:40:50.484	-41.2
15:40:50.496	-39.5
15:40:50.508	-38.9
15:40:50.520	-37.6
15:40:50.529	-35.5
15:40:50.541	-32.7
15:40:50.553	-29.3
15:40:50.562	-29.4
15:40:50.574	-25.8
15:40:50.586	-24.0
15:40:50.594	-24.1
15:40:50.607	-22.6
15:40:50.619	-21.0
15:40:50.627	-18.0
15:40:50.639	-18.2
15:40:50.652	-18.1
15:40:50.660	-19.2
15:40:50.672	-16.7
15:40:50.684	-17.0
15:40:50.697	-17.8
15:40:50.705	-16.8
15:40:50.717	-16.4
15:40:50.729	-15.9
15:40:50.738	-18.0
15:40:50.750	-17.7
15:40:50.762	-17.5
15:40:50.771	-15.2
15:40:50.783	-14.3
15:40:50.795	-13.0
15:40:50.807	-12.2
15:40:50.815	-14.0
15:40:50.828	-13.4
15:40:50.840	-13.7
15:40:50.848	-12.3
15:40:50.860	-10.3
15:40:50.872	-9.8
15:40:50.881	-10.8
15:40:50.893	-13.2
15:40:50.905	-15.0
15:40:50.913	-14.1
15:40:50.926	-11.9
15:40:50.938	-11.0
15:40:50.951	-10.7
15:40:50.959	-10.0
15:40:50.971	-12.2
15:40:50.983	-12.4
15:40:50.991	-10.6
15:40:51.004	-8.8
15:40:51.016	-6.7
15:40:51.024	-5.9
15:40:51.037	-6.6
15:40:51.049	-7.0
15:40:51.057	-7.0
15:40:51.069	-5.8
15:40:51.082	-4.0
15:40:51.094	-4.0
15:40:51.102	-7.7
15:40:51.114	-6.1
15:40:51.127	-8.3
15:40:51.135	-9.5
15:40:51.147	-8.1
15:40:51.159	-6.9
15:40:51.168	-6.8
15:40:51.180	-8.0
15:40:51.192	-9.3
15:40:51.204	-7.2
15:40:51.213	-4.7
15:40:51.225	-4.9
15:40:51.237	-4.3
15:40:51.245	-5.4
15:40:51.258	-6.8
15:40:51.270	-6.7
15:40:51.278	-4.0
15:40:51.290	-1.5
15:40:51.303	0.3
15:40:51.311	5.5
15:40:51.323	11.6
15:40:51.335	18.2
15:40:51.344	23.9
15:40:51.356	30.9
15:40:51.368	37.9
15:40:51.381	41.3
15:40:51.389	44.3
15:40:51.401	46.8
15:40:51.413	52.4
15:40:51.422	50.8
15:40:51.434	49.4
15:40:51.446	49.2
15:40:51.458	48.8
15:40:51.466	47.8
15:40:51.479	46.1
15:40:51.491	45.6
15:40:51.499	47.5
15:40:51.512	46.5
15:40:51.524	44.2
15:40:51.532	45.0
15:40:51.544	46.4
15:40:51.557	43.8
15:40:51.565	43.7
15:40:51.577	43.9
15:40:51.589	43.7
15:40:51.598	44.1
15:40:51.610	41.8
15:40:51.622	43.9
15:40:51.634	44.0
15:40:51.643	43.1
15:40:51.655	42.5
15:40:51.667	44.1
15:40:51.675	44.5
15:40:51.688	44.0
15:40:51.700	46.2
15:40:51.708	48.0
15:40:51.720	50.1
15:40:51.733	51.5
15:40:51.745	53.5
15:40:51.753	56.0
15:40:51.765	57.6
15:40:51.778	58.0
15:40:51.786	61.2
15:40:51.798	63.4
15:40:51.810	62.9
15:40:51.819	64.8
15:40:51.831	63.2
15:40:51.843	60.3
15:40:51.851	60.4
15:40:51.864	60.2
15:40:51.876	60.1
15:40:51.888	60.0
15:40:51.896	59.4
15:40:51.909	60.5
15:40:51.921	60.2
15:40:51.929	57.7
15:40:51.941	60.0
15:40:51.954	62.1
15:40:51.962	62.4
15:40:51.974	60.3
15:40:51.987	58.1
15:40:51.995	57.7
15:40:52.007	55.6
15:40:52.019	53.9
15:40:52.027	53.8
15:40:52.040	53.8
15:40:52.052	52.7
15:40:52.064	50.3
15:40:52.073	49.5
15:40:52.085	48.9
15:40:52.097	50.0
15:40:52.105	48.3
15:40:52.118	46.7
15:40:52.130	45.8
15:40:52.142	46.0
15:40:52.150	44.5
15:40:52.163	43.0
15:40:52.175	40.6
15:40:52.183	38.6
15:40:52.195	38.4
15:40:52.208	37.3
15:40:52.216	37.8
15:40:52.228	38.9
15:40:52.240	39.9
15:40:52.249	37.9
15:40:52.261	39.8
15:40:52.273	42.2
15:40:52.281	50.5
15:40:52.294	55.9
15:40:52.306	58.3
15:40:52.318	62.0
15:40:52.326	67.8
15:40:52.339	72.7
15:40:52.351	77.7
15:40:52.359	85.4
15:40:52.371	90.1
15:40:52.384	92.4
15:40:52.396	93.2
15:40:52.404	96.3
15:40:52.416	100.5
15:40:52.429	103.1
15:40:52.441	105.1
15:40:52.449	105.9
15:40:52.462	110.2
15:40:52.474	110.2
15:40:52.482	110.5
15:40:52.494	112.5
15:40:52.507	112.9
15:40:52.515	112.5
15:40:52.527	113.4
15:40:52.539	114.4
15:40:52.548	114.4
15:40:52.560	117.2
15:40:52.572	116.7
15:40:52.580	119.7
15:40:52.593	121.9
15:40:52.605	124.6
15:40:52.617	126.6
15:40:52.625	129.3
15:40:52.638	128.7
15:40:52.650	131.1
15:40:52.658	132.3
15:40:52.670	131.4
15:40:52.683	131.8
15:40:52.691	130.4
15:40:52.703	130.5
15:40:52.715	129.1
15:40:52.728	129.4
15:40:52.736	128.5
15:40:52.748	131.2
15:40:52.760	128.5
15:40:52.769	128.4
15:40:52.781	131.7
15:40:52.793	131.8
15:40:52.801	134.2
15:40:52.814	136.5
15:40:52.826	140.4
15:40:52.834	143.9
15:40:52.846	149.4
15:40:52.859	151.4
15:40:52.871	155.2
15:40:52.879	158.9
15:40:52.891	160.9
15:40:52.904	162.7
15:40:52.912	163.1
15:40:52.924	163.6
15:40:52.937	164.2
15:40:52.945	163.3
15:40:52.957	161.3
15:40:52.970	159.6
15:40:52.978	160.2
15:40:52.990	160.3
15:40:53.002	161.7
15:40:53.015	162.6
15:40:53.023	162.1
15:40:53.035	161.7
15:40:53.047	160.9
15:40:53.056	160.8
15:40:53.068	157.7
15:40:53.080	159.1
15:40:53.088	156.8
15:40:53.101	154.8
15:40:53.113	149.6
15:40:53.125	146.1
15:40:53.133	145.1
15:40:53.146	145.1
15:40:53.158	146.6
15:40:53.166	147.5
15:40:53.178	152.7
15:40:53.191	155.9
15:40:53.199	164.2
15:40:53.211	170.4
15:40:53.224	176.0
15:40:53.232	181.7
15:40:53.244	187.1
15:40:53.256	189.2
15:40:53.265	191.7
15:40:53.277	193.9
15:40:53.289	191.4
15:40:53.301	189.7
15:40:53.310	186.8
15:40:53.322	183.8
15:40:53.334	182.5
15:40:53.342	181.6
15:40:53.355	179.8
15:40:53.367	178.3
15:40:53.379	176.2
15:40:53.387	172.5
15:40:53.400	172.4
15:40:53.412	170.9
15:40:53.420	167.3
15:40:53.433	165.8
15:40:53.445	163.9
15:40:53.453	161.3
15:40:53.465	159.2
15:40:53.478	156.5
15:40:53.486	154.0
15:40:53.498	153.7
15:40:53.510	149.7
15:40:53.518	148.5
15:40:53.531	144.8
15:40:53.543	140.9
15:40:53.555	134.5
15:40:53.563	130.3
15:40:53.576	125.5
15:40:53.588	122.2
15:40:53.596	117.2
15:40:53.609	112.1
15:40:53.621	107.5
15:40:53.629	102.0
15:40:53.641	99.1
15:40:53.654	94.4
15:40:53.666	91.6
15:40:53.674	86.7
15:40:53.686	83.7
15:40:53.699	80.0
15:40:53.707	74.7
15:40:53.719	73.7
15:40:53.731	74.2
15:40:53.740	74.6
15:40:53.752	73.0
15:40:53.764	70.7
15:40:53.772	71.3
15:40:53.785	71.1
15:40:53.797	70.9
15:40:53.809	71.4
15:40:53.817	72.7
15:40:53.830	70.7
15:40:53.842	69.7
15:40:53.850	66.7
15:40:53.862	65.1
15:40:53.875	65.4
15:40:53.883	64.6
15:40:53.895	64.1
15:40:53.907	63.0
15:40:53.916	61.2
15:40:53.928	60.0
15:40:53.940	58.9
15:40:53.948	57.8
15:40:53.961	58.2
15:40:53.973	58.0
15:40:53.985	57.5
15:40:53.993	54.6
15:40:54.006	54.7
15:40:54.018	53.2
15:40:54.026	53.1
15:40:54.038	53.7
15:40:54.051	53.2
15:40:54.063	51.2
15:40:54.071	50.9
15:40:54.083	49.3
15:40:54.096	49.3
15:40:54.104	50.3
15:40:54.116	49.3
15:40:54.129	47.7
15:40:54.137	48.4
15:40:54.149	46.4
15:40:54.161	45.8
15:40:54.170	45.7
15:40:54.182	40.8
15:40:54.194	40.2
15:40:54.202	40.0
15:40:54.215	38.5
15:40:54.227	39.3
15:40:54.239	39.5
15:40:54.247	37.3
15:40:54.260	37.6
15:40:54.272	35.6
15:40:54.280	35.0
15:40:54.292	36.7
15:40:54.305	36.1
15:40:54.317	33.8
15:40:54.325	32.8
15:40:54.337	28.5
15:40:54.350	24.9
15:40:54.358	23.9
15:40:54.370	20.2
15:40:54.382	18.5
15:40:54.395	15.7
15:40:54.403	13.7
15:40:54.415	12.9
15:40:54.427	10.2
15:40:54.436	7.0
15:40:54.448	5.1
15:40:54.456	6.6
15:40:54.468	3.6
15:40:54.481	4.9
15:40:54.493	3.2
15:40:54.501	1.3
15:40:54.513	-0.5
15:40:54.526	-3.8
15:40:54.534	-7.0
15:40:54.546	-7.4
15:40:54.558	-8.1
15:40:54.571	-12.9
15:40:54.579	-13.3
15:40:54.591	-16.8
15:40:54.603	-17.4
15:40:54.612	-18.7
15:40:54.624	-20.2
15:40:54.636	-26.3
15:40:54.649	-33.0
15:40:54.657	-41.9
15:40:54.669	-54.9
15:40:54.681	-62.7
15:40:54.690	-71.5
15:40:54.702	-81.7
15:40:54.714	-91.6
15:40:54.722	-102.1
15:40:54.735	-113.3
15:40:54.747	-119.4
15:40:54.755	-122.7
15:40:54.767	-125.6
15:40:54.780	-126.5
15:40:54.792	-131.8
15:40:54.800	-135.0
15:40:54.812	-138.2
15:40:54.825	-141.6
15:40:54.833	-143.9
15:40:54.845	-145.9
15:40:54.857	-148.7
15:40:54.866	-152.7
15:40:54.878	-158.0
15:40:54.890	-163.0
15:40:54.898	-165.6
15:40:54.911	-170.2
15:40:54.923	-173.1
15:40:54.935	-176.4
15:40:54.943	-179.6
15:40:54.956	-182.9
15:40:54.968	-185.3
15:40:54.976	-188.7
15:40:54.988	-189.9
15:40:55.001	-188.2
15:40:55.009	-188.3
15:40:55.021	-189.6
15:40:55.034	-190.9
15:40:55.046	-192.9
15:40:55.054	-193.9
15:40:55.066	-195.2
15:40:55.079	-195.8
15:40:55.087	-197.6
15:40:55.099	-198.3
15:40:55.111	-198.5
15:40:55.120	-197.6
15:40:55.132	-197.2
15:40:55.144	-193.5
15:40:55.152	-193.0
15:40:55.165	-189.7
15:40:55.177	-188.8
15:40:55.185	-187.5
15:40:55.197	-185.3
15:40:55.210	-186.1
15:40:55.222	-187.6
15:40:55.230	-189.6
15:40:55.242	-190.6
15:40:55.255	-193.3
15:40:55.263	-192.3
15:40:55.275	-192.3
15:40:55.287	-192.1
15:40:55.300	-192.2
15:40:55.308	-190.2
15:40:55.320	-186.1
15:40:55.332	-183.9
15:40:55.341	-180.5
15:40:55.353	-176.9
15:40:55.365	-174.9
15:40:55.374	-173.1
15:40:55.386	-172.1
15:40:55.398	-167.8
15:40:55.407	-166.5
15:40:55.419	-163.0
15:40:55.431	-161.0
15:40:55.439	-159.2
15:40:55.452	-156.7
15:40:55.464	-154.0
15:40:55.476	-150.1
15:40:55.484	-147.9
15:40:55.497	-148.0
15:40:55.509	-146.9
15:40:55.517	-143.2
15:40:55.530	-142.8
15:40:55.542	-138.5
15:40:55.550	-136.0
15:40:55.562	-134.6
15:40:55.575	-132.5
15:40:55.587	-132.1
15:40:55.595	-127.6
15:40:55.607	-124.7
15:40:55.620	-121.8
15:40:55.628	-119.2
15:40:55.640	-114.8
15:40:55.652	-114.0
15:40:55.661	-110.5
15:40:55.673	-106.9
15:40:55.685	-105.6
15:40:55.693	-101.7
15:40:55.706	-101.4
15:40:55.718	-97.3
15:40:55.730	-94.3
15:40:55.738	-90.7
15:40:55.751	-88.1
15:40:55.763	-84.7
15:40:55.771	-81.9
15:40:55.784	-78.7
15:40:55.796	-75.0
15:40:55.804	-71.6
15:40:55.816	-65.9
15:40:55.829	-63.1
15:40:55.837	-59.7
15:40:55.849	-57.7
15:40:55.861	-54.0
15:40:55.870	-51.0
15:40:55.882	-45.4
15:40:55.894	-43.1
15:40:55.906	-38.6
15:40:55.915	-34.3
15:40:55.927	-28.8
15:40:55.939	-23.4
15:40:55.947	-19.4
15:40:55.960	-14.2
15:40:55.972	-9.9
15:40:55.984	-7.8
15:40:55.992	-6.5
15:40:56.005	-0.8
15:40:56.017	0.3
15:40:56.025	2.1
15:40:56.037	0.6
15:40:56.050	-0.2
15:40:56.058	0.7
15:40:56.070	0.8
15:40:56.082	-0.1
15:40:56.091	2.9
15:40:56.103	5.8
15:40:56.115	6.5
15:40:56.123	8.3
15:40:56.136	8.9
15:40:56.148	10.3
15:40:56.160	13.7
15:40:56.168	14.9
15:40:56.181	17.1
15:40:56.193	20.8
15:40:56.201	22.2
15:40:56.214	22.9
15:40:56.226	23.4
15:40:56.238	25.8
15:40:56.246	26.5
15:40:56.258	28.5
15:40:56.271	30.0
15:40:56.279	31.5
15:40:56.291	34.3
15:40:56.304	37.1
15:40:56.312	39.7
15:40:56.324	43.4
15:40:56.336	45.7
15:40:56.349	48.0
15:40:56.357	53.7
15:40:56.369	56.7
15:40:56.381	59.4
15:40:56.390	62.5
15:40:56.402	65.3
15:40:56.414	65.7
15:40:56.422	69.4
15:40:56.435	71.2
15:40:56.447	75.2
15:40:56.459	76.7
15:40:56.467	76.3
15:40:56.480	77.5
15:40:56.492	79.4
15:40:56.500	80.9
15:40:56.512	80.3
15:40:56.525	81.4
15:40:56.533	79.5
15:40:56.545	78.1
15:40:56.557	76.7
15:40:56.570	76.2
15:40:56.578	79.0
15:40:56.590	82.8
15:40:56.602	85.8
15:40:56.611	88.6
15:40:56.623	92.9
15:40:56.635	96.2
15:40:56.643	99.9
15:40:56.656	103.0
15:40:56.668	109.7
15:40:56.676	114.7
15:40:56.688	115.6
15:40:56.701	116.4
15:40:56.713	116.5
15:40:56.721	116.8
15:40:56.733	116.9
15:40:56.746	117.0
15:40:56.754	117.5
15:40:56.766	117.6
15:40:56.778	114.1
15:40:56.787	113.8
15:40:56.799	114.2
15:40:56.811	113.7
15:40:56.820	113.6
15:40:56.832	114.4
15:40:56.844	113.8
15:40:56.856	113.2
15:40:56.865	113.5
15:40:56.877	113.5
15:40:56.889	113.0
15:40:56.897	112.4
15:40:56.910	111.9
15:40:56.922	112.3
15:40:56.930	111.3
15:40:56.943	109.3
15:40:56.955	110.2
15:40:56.967	110.6
15:40:56.975	108.7
15:40:56.988	109.6
15:40:57.000	109.3
15:40:57.008	107.8
15:40:57.020	106.8
15:40:57.033	106.7
15:40:57.041	106.8
15:40:57.053	107.0
15:40:57.065	104.8
15:40:57.074	103.5
15:40:57.086	104.4
15:40:57.098	103.4
15:40:57.106	101.4
15:40:57.119	102.1
15:40:57.131	100.2
15:40:57.143	97.4
15:40:57.151	97.3
15:40:57.164	98.0
15:40:57.176	96.7
15:40:57.184	94.9
15:40:57.196	93.4
15:40:57.209	91.1
15:40:57.221	89.9
15:40:57.229	85.8
15:40:57.241	83.0
15:40:57.254	79.9
15:40:57.262	75.5
15:40:57.274	70.6
15:40:57.286	68.0
15:40:57.295	65.8
15:40:57.307	60.3
15:40:57.319	56.4
15:40:57.327	52.1
15:40:57.340	49.1
15:40:57.352	47.4
15:40:57.360	43.6
15:40:57.372	38.9
15:40:57.385	35.8
15:40:57.397	31.4
15:40:57.405	25.9
15:40:57.417	22.4
15:40:57.430	18.2
15:40:57.438	16.4
15:40:57.450	13.2
15:40:57.463	9.7
15:40:57.471	8.1
15:40:57.483	6.0
15:40:57.495	3.7
15:40:57.508	3.2
15:40:57.516	1.4
15:40:57.528	-0.5
15:40:57.541	-3.0
15:40:57.549	-5.9
15:40:57.561	-6.2
15:40:57.573	-8.3
15:40:57.581	-12.9
15:40:57.594	-14.7
15:40:57.606	-19.5
15:40:57.614	-23.5
15:40:57.627	-25.7
15:40:57.639	-28.0
15:40:57.651	-28.9
15:40:57.659	-34.0
15:40:57.672	-42.3
15:40:57.684	-49.0
15:40:57.692	-52.6
15:40:57.704	-58.4
15:40:57.717	-61.5
15:40:57.725	-68.2
15:40:57.737	-73.9
15:40:57.749	-77.4
15:40:57.758	-83.2
15:40:57.770	-85.8
15:40:57.782	-85.0
15:40:57.790	-85.9
15:40:57.803	-86.6
15:40:57.815	-87.9
15:40:57.827	-91.9
15:40:57.835	-93.6
15:40:57.848	-92.9
15:40:57.860	-94.7
15:40:57.868	-94.5
15:40:57.880	-94.2
15:40:57.893	-93.5
15:40:57.905	-92.9
15:40:57.913	-92.9
15:40:57.926	-91.5
15:40:57.938	-85.4
15:40:57.946	-83.2
15:40:57.958	-82.0
15:40:57.971	-79.9
15:40:57.979	-77.0
15:40:57.991	-72.9
15:40:58.003	-71.5
15:40:58.011	-68.2
15:40:58.024	-65.5
15:40:58.036	-61.6
15:40:58.044	-58.6
15:40:58.057	-54.2
15:40:58.069	-50.1
15:40:58.081	-48.0
15:40:58.089	-45.0
15:40:58.102	-43.2
15:40:58.114	-38.8
15:40:58.122	-33.9
15:40:58.134	-31.2
15:40:58.147	-28.5
15:40:58.159	-26.2
15:40:58.167	-22.9
15:40:58.179	-19.8
15:40:58.192	-15.4
15:40:58.200	-10.4
15:40:58.212	-4.7
15:40:58.225	0.8
15:40:58.233	3.2
15:40:58.245	7.3
15:40:58.257	10.4
15:40:58.265	13.2
15:40:58.278	16.4
15:40:58.290	17.9
15:40:58.302	20.6
15:40:58.310	26.3
15:40:58.323	32.9
15:40:58.335	35.0
15:40:58.343	43.2
15:40:58.355	49.9
15:40:58.368	57.1
15:40:58.380	64.0
15:40:58.388	73.1
15:40:58.400	83.8
15:40:58.413	94.9
15:40:58.421	101.3
15:40:58.433	106.7
15:40:58.445	116.3
15:40:58.454	122.7
15:40:58.466	132.3
15:40:58.478	141.2
15:40:58.490	148.1
15:40:58.499	156.0
15:40:58.511	163.9
15:40:58.523	172.8
15:40:58.532	181.2
15:40:58.544	193.7
15:40:58.556	205.7
15:40:58.564	218.5
15:40:58.577	233.0
15:40:58.589	246.4
15:40:58.597	260.5
15:40:58.609	273.4
15:40:58.622	286.1
15:40:58.634	297.3
15:40:58.642	308.4
15:40:58.654	313.6
15:40:58.667	320.6
15:40:58.675	323.9
15:40:58.687	325.1
15:40:58.699	329.0
15:40:58.708	332.1
15:40:58.720	337.7
15:40:58.732	341.8
15:40:58.740	344.7
15:40:58.753	348.7
15:40:58.765	353.1
15:40:58.777	353.0
15:40:58.785	355.6
15:40:58.798	357.7
15:40:58.810	355.8
15:40:58.818	356.6
15:40:58.830	352.1
15:40:58.843	349.3
15:40:58.851	346.6
15:40:58.863	343.7
15:40:58.875	338.4
15:40:58.888	333.4
15:40:58.896	330.6
15:40:58.908	328.3
15:40:58.920	327.8
15:40:58.929	324.2
15:40:58.941	321.6
15:40:58.953	317.6
15:40:58.961	314.2
15:40:58.974	309.7
15:40:58.986	310.0
15:40:58.994	308.7
15:40:59.007	306.2
15:40:59.019	303.1
15:40:59.027	302.2
15:40:59.040	298.8
15:40:59.052	295.6
15:40:59.064	295.7
15:40:59.072	291.3
15:40:59.085	288.4
15:40:59.097	282.4
15:40:59.105	277.2
15:40:59.117	267.8
15:40:59.130	256.5
15:40:59.142	242.7
15:40:59.150	231.9
15:40:59.162	220.5
15:40:59.175	205.2
15:40:59.183	192.7
15:40:59.195	175.1
15:40:59.208	157.1
15:40:59.216	142.0
15:40:59.228	129.0
15:40:59.240	117.2
15:40:59.248	106.3
15:40:59.261	94.3
15:40:59.273	84.1
15:40:59.281	77.0
15:40:59.293	69.5
15:40:59.306	64.9
15:40:59.318	61.8
15:40:59.326	54.6
15:40:59.339	49.5
15:40:59.351	44.2
15:40:59.359	37.9
15:40:59.371	32.9
15:40:59.384	27.3
15:40:59.392	19.1
15:40:59.404	13.1
15:40:59.416	7.7
15:40:59.429	2.2
15:40:59.437	-0.3
15:40:59.449	-4.6
15:40:59.461	-13.7
15:40:59.470	-28.9
15:40:59.482	-44.2
15:40:59.494	-59.4
15:40:59.502	-73.9
15:40:59.515	-90.6
15:40:59.527	-108.2
15:40:59.535	-127.6
15:40:59.547	-146.3
15:40:59.560	-164.2
15:40:59.572	-176.5
15:40:59.580	-183.9
15:40:59.592	-192.3
15:40:59.605	-199.3
15:40:59.613	-206.8
15:40:59.625	-214.8
15:40:59.638	-222.0
15:40:59.646	-225.0
15:40:59.658	-229.2
15:40:59.670	-233.9
15:40:59.678	-237.9
15:40:59.691	-240.4
15:40:59.703	-240.8
15:40:59.711	-243.0
15:40:59.723	-244.8
15:40:59.736	-245.1
15:40:59.748	-246.9
15:40:59.756	-248.9
15:40:59.768	-249.7
15:40:59.781	-250.2
15:40:59.789	-250.7
15:40:59.801	-251.4
15:40:59.814	-252.3
15:40:59.826	-252.6
15:40:59.834	-252.5
15:40:59.846	-252.0
15:40:59.859	-251.7
15:40:59.867	-248.1
15:40:59.879	-247.2
15:40:59.891	-246.9
15:40:59.900	-247.1
15:40:59.912	-247.9
15:40:59.924	-248.6
15:40:59.932	-249.3
15:40:59.945	-251.3
15:40:59.957	-251.9
15:40:59.965	-250.4
15:40:59.977	-253.4
15:40:59.990	-253.9
15:41:00.002	-253.8
15:41:00.010	-254.2
15:41:00.022	-252.3
15:41:00.035	-251.0
15:41:00.047	-249.0
15:41:00.055	-244.9
15:41:00.067	-243.1
15:41:00.080	-243.8
15:41:00.088	-247.1
15:41:00.100	-249.8
15:41:00.112	-251.8
15:41:00.125	-254.5
15:41:00.133	-257.4
15:41:00.145	-258.2
15:41:00.157	-261.4
15:41:00.166	-263.6
15:41:00.178	-265.4
15:41:00.190	-264.5
15:41:00.199	-261.9
15:41:00.211	-260.5
15:41:00.223	-259.9
15:41:00.231	-258.7
15:41:00.244	-257.2
15:41:00.256	-258.6
15:41:00.264	-257.3
15:41:00.276	-256.8
15:41:00.289	-257.2
15:41:00.301	-259.3
15:41:00.309	-258.5
15:41:00.321	-258.7
15:41:00.334	-257.8
15:41:00.342	-257.1
15:41:00.354	-258.2
15:41:00.366	-258.7
15:41:00.375	-259.1
15:41:00.387	-260.0
15:41:00.399	-259.5
15:41:00.412	-257.6
15:41:00.420	-257.1
15:41:00.432	-255.7
15:41:00.444	-254.1
15:41:00.453	-253.2
15:41:00.465	-250.2
15:41:00.477	-246.7
15:41:00.485	-241.8
15:41:00.498	-238.3
15:41:00.510	-236.0
15:41:00.518	-234.6
15:41:00.530	-231.3
15:41:00.543	-228.8
15:41:00.555	-227.5
15:41:00.563	-224.6
15:41:00.575	-221.6
15:41:00.588	-219.1
15:41:00.596	-218.6
15:41:00.608	-219.1
15:41:00.621	-217.6
15:41:00.629	-214.1
15:41:00.641	-213.2
15:41:00.653	-211.9
15:41:00.661	-208.4
15:41:00.674	-207.8
15:41:00.686	-208.7
15:41:00.698	-208.0
15:41:00.707	-207.1
15:41:00.719	-205.7
15:41:00.731	-203.8
15:41:00.739	-204.5
15:41:00.752	-202.1
15:41:00.764	-198.6
15:41:00.772	-198.1
15:41:00.784	-195.4
15:41:00.797	-190.1
15:41:00.809	-188.7
15:41:00.817	-186.8
15:41:00.829	-184.2
15:41:00.841	-181.6
15:41:00.850	-178.9
15:41:00.862	-177.8
15:41:00.874	-176.5
15:41:00.883	-173.6
15:41:00.895	-170.9
15:41:00.907	-169.7
15:41:00.915	-166.4
15:41:00.928	-165.8
15:41:00.940	-163.1
15:41:00.948	-163.0
15:41:00.960	-158.9
15:41:00.973	-157.6
15:41:00.985	-153.2
15:41:00.993	-150.5
15:41:01.005	-147.2
15:41:01.018	-147.9
15:41:01.026	-146.4
15:41:01.038	-143.5
15:41:01.050	-140.2
15:41:01.063	-135.4
15:41:01.071	-134.2
15:41:01.083	-131.3
15:41:01.096	-131.9
15:41:01.104	-129.9
15:41:01.116	-130.0
15:41:01.128	-127.6
15:41:01.136	-124.9
15:41:01.149	-123.8
15:41:01.161	-125.0
15:41:01.169	-124.7
15:41:01.181	-124.1
15:41:01.194	-123.9
15:41:01.202	-122.7
15:41:01.214	-124.0
15:41:01.227	-121.4
15:41:01.239	-120.1
15:41:01.247	-119.4
15:41:01.259	-117.8
15:41:01.272	-115.7
15:41:01.280	-113.5
15:41:01.292	-112.2
15:41:01.304	-110.7
15:41:01.313	-111.3
15:41:01.325	-109.4
15:41:01.337	-109.4
15:41:01.349	-107.5
15:41:01.358	-105.6
15:41:01.370	-102.6
15:41:01.382	-100.7
15:41:01.391	-101.2
15:41:01.403	-98.8
15:41:01.415	-97.2
15:41:01.423	-92.7
15:41:01.436	-91.7
15:41:01.448	-91.0
15:41:01.456	-90.2
15:41:01.468	-91.9
15:41:01.481	-91.9
15:41:01.493	-92.1
15:41:01.501	-89.5
15:41:01.513	-89.2
15:41:01.526	-87.4
15:41:01.534	-87.8
15:41:01.546	-87.6
15:41:01.558	-84.6
15:41:01.567	-83.9
15:41:01.579	-81.3
15:41:01.591	-81.2
15:41:01.600	-79.2
15:41:01.612	-78.6
15:41:01.624	-77.9
15:41:01.632	-77.8
15:41:01.645	-76.8
15:41:01.657	-75.7
15:41:01.669	-77.3
15:41:01.677	-75.8
15:41:01.690	-73.0
15:41:01.702	-70.1
15:41:01.710	-68.1
15:41:01.722	-67.7
15:41:01.735	-66.4
15:41:01.747	-64.6
15:41:01.755	-63.7
15:41:01.768	-61.6
15:41:01.780	-58.5
15:41:01.788	-55.3
15:41:01.800	-55.9
15:41:01.813	-56.8
15:41:01.821	-57.6
15:41:01.833	-55.6
15:41:01.845	-54.0
15:41:01.854	-53.6
15:41:01.866	-52.5
15:41:01.878	-51.4
15:41:01.886	-50.6
15:41:01.899	-51.6
15:41:01.911	-50.3
15:41:01.923	-46.2
15:41:01.931	-46.4
15:41:01.944	-45.8
15:41:01.956	-46.6
15:41:01.964	-46.7
15:41:01.976	-47.7
15:41:01.989	-44.3
15:41:02.001	-45.5
15:41:02.009	-46.0
15:41:02.021	-45.1
15:41:02.034	-47.5
15:41:02.042	-45.3
15:41:02.053	-45.2
15:41:02.066	-41.6
15:41:02.074	-40.9
15:41:02.086	-40.8
15:41:02.099	-43.4
15:41:02.107	-42.1
15:41:02.119	-40.8
15:41:02.131	-40.2
15:41:02.139	-39.4
15:41:02.152	-38.4
15:41:02.164	-38.4
15:41:02.176	-41.0
15:41:02.185	-38.6
15:41:02.198	-37.3
15:41:02.210	-36.8
15:41:02.222	-38.2
15:41:02.231	-37.7
15:41:02.243	-38.0
15:41:02.255	-37.0
15:41:02.263	-37.1
15:41:02.276	-37.1
15:41:02.288	-34.9
15:41:02.296	-35.7
15:41:02.308	-35.2
15:41:02.321	-35.8
15:41:02.333	-33.2
15:41:02.341	-32.0
15:41:02.353	-32.0
15:41:02.366	-29.8
15:41:02.374	-29.2
15:41:02.386	-26.8
15:41:02.398	-25.8
15:41:02.407	-24.7
15:41:02.419	-22.1
15:41:02.431	-18.2
15:41:02.439	-15.4
15:41:02.452	-11.8
15:41:02.464	-7.5
15:41:02.476	-8.0
15:41:02.484	-4.9
15:41:02.497	-3.8
15:41:02.509	-2.1
15:41:02.517	-0.2
15:41:02.529	2.2
15:41:02.542	3.1
15:41:02.550	6.9
15:41:02.562	9.6
15:41:02.574	10.0
15:41:02.583	13.9
15:41:02.595	15.2
15:41:02.607	19.9
15:41:02.619	21.8
15:41:02.628	25.4
15:41:02.640	27.4
15:41:02.652	30.5
15:41:02.660	30.1
15:41:02.673	31.2
15:41:02.685	35.1
15:41:02.693	37.9
15:41:02.706	41.3
15:41:02.718	43.2
15:41:02.730	50.9
15:41:02.738	52.5
15:41:02.751	53.4
15:41:02.763	55.3
15:41:02.771	59.0
15:41:02.783	61.7
15:41:02.796	61.2
15:41:02.804	60.8
15:41:02.816	59.6
15:41:02.828	57.9
15:41:02.837	52.3
15:41:02.849	51.8
15:41:02.861	53.9
15:41:02.869	54.9
15:41:02.882	56.0
15:41:02.894	57.2
15:41:02.905	60.9
15:41:02.914	63.3
15:41:02.926	69.4
15:41:02.938	72.9
15:41:02.946	74.4
15:41:02.959	76.2
15:41:02.971	77.0
15:41:02.983	77.0
15:41:02.991	76.1
15:41:03.004	77.4
15:41:03.016	77.5
15:41:03.024	80.9
15:41:03.036	79.5
15:41:03.049	79.2
15:41:03.057	82.9
15:41:03.069	85.9
15:41:03.081	88.9
15:41:03.090	91.3
15:41:03.102	95.3
15:41:03.114	94.8
15:41:03.122	95.6
15:41:03.135	94.5
15:41:03.147	94.8
15:41:03.160	97.6
15:41:03.168	98.1
15:41:03.180	99.1
15:41:03.192	100.2
15:41:03.200	103.3
15:41:03.213	103.7
15:41:03.225	106.5
15:41:03.233	109.3
15:41:03.246	111.4
15:41:03.258	113.0
15:41:03.271	112.4
15:41:03.279	112.6
15:41:03.292	112.9
15:41:03.303	113.1
15:41:03.311	111.1
15:41:03.324	112.4
15:41:03.336	114.6
15:41:03.344	118.8
15:41:03.356	122.2
15:41:03.369	127.1
15:41:03.377	132.4
15:41:03.389	137.5
15:41:03.402	141.8
15:41:03.414	143.4
15:41:03.422	149.1
15:41:03.434	149.4
15:41:03.447	150.0
15:41:03.455	147.7
15:41:03.467	146.3
15:41:03.479	144.6
15:41:03.488	144.5
15:41:03.500	143.7
15:41:03.512	143.2
15:41:03.520	144.8
15:41:03.533	142.5
15:41:03.545	145.0
15:41:03.553	143.0
15:41:03.565	144.1
15:41:03.578	145.8
15:41:03.590	143.1
15:41:03.598	140.2
15:41:03.610	138.5
15:41:03.623	136.8
15:41:03.631	138.8
15:41:03.643	140.2
15:41:03.655	138.2
15:41:03.668	139.9
15:41:03.676	137.4
15:41:03.688	136.3
15:41:03.701	139.3
15:41:03.709	139.6
15:41:03.721	140.4
15:41:03.733	139.7
15:41:03.742	137.8
15:41:03.754	135.6
15:41:03.766	136.4
15:41:03.774	134.5
15:41:03.787	134.4
15:41:03.799	131.1
15:41:03.807	131.1
15:41:03.819	128.7
15:41:03.832	127.4
15:41:03.844	126.5
15:41:03.852	123.4
15:41:03.864	123.3
15:41:03.877	121.5
15:41:03.885	120.7
15:41:03.897	118.8
15:41:03.910	119.9
15:41:03.922	117.1
15:41:03.930	118.4
15:41:03.942	116.5
15:41:03.955	116.4
15:41:03.967	115.5
15:41:03.975	115.1
15:41:03.987	114.6
15:41:04.000	112.4
15:41:04.008	114.4
15:41:04.020	113.8
15:41:04.032	112.7
15:41:04.041	112.4
15:41:04.053	111.1
15:41:04.065	111.3
15:41:04.073	110.3
15:41:04.086	108.4
15:41:04.098	106.6
15:41:04.106	105.6
15:41:04.118	104.0
15:41:04.131	101.6
15:41:04.143	101.0
15:41:04.151	100.6
15:41:04.163	100.1
15:41:04.176	97.2
15:41:04.184	98.8
15:41:04.196	101.0
15:41:04.208	106.7
15:41:04.217	112.6
15:41:04.229	114.4
15:41:04.241	119.8
15:41:04.253	124.9
15:41:04.262	129.1
15:41:04.274	134.5
15:41:04.286	140.0
15:41:04.294	143.8
15:41:04.307	147.4
15:41:04.319	145.8
15:41:04.327	144.4
15:41:04.339	147.5
15:41:04.352	147.9
15:41:04.360	147.9
15:41:04.372	148.7
15:41:04.385	149.6
15:41:04.397	149.7
15:41:04.405	151.4
15:41:04.417	150.4
15:41:04.430	151.8
15:41:04.438	153.7
15:41:04.450	153.3
15:41:04.462	151.5
15:41:04.471	152.5
15:41:04.483	149.3
15:41:04.495	147.3
15:41:04.503	148.8
15:41:04.516	144.6
15:41:04.528	144.5
15:41:04.540	142.3
15:41:04.548	141.2
15:41:04.561	139.1
15:41:04.573	139.3
15:41:04.581	136.4
15:41:04.593	136.6
15:41:04.606	135.2
15:41:04.614	132.6
15:41:04.626	134.7
15:41:04.638	132.3
15:41:04.651	130.7
15:41:04.659	130.0
15:41:04.671	128.5
15:41:04.683	126.2
15:41:04.692	126.2
15:41:04.704	124.2
15:41:04.716	123.2
15:41:04.724	122.2
15:41:04.737	119.4
15:41:04.749	120.1
15:41:04.757	118.4
15:41:04.769	116.9
15:41:04.782	115.9
15:41:04.790	116.6
15:41:04.802	114.2
15:41:04.815	113.2
15:41:04.827	115.1
15:41:04.835	112.1
15:41:04.847	113.0
15:41:04.859	110.4
15:41:04.868	108.3
15:41:04.880	106.5
15:41:04.892	103.5
15:41:04.905	101.4
15:41:04.913	99.6
15:41:04.925	98.0
15:41:04.937	94.6
15:41:04.946	95.6
15:41:04.958	90.4
15:41:04.970	86.6
15:41:04.978	84.4
15:41:04.991	81.0
15:41:05.003	79.4
15:41:05.011	75.6
15:41:05.023	73.1
15:41:05.036	70.4
15:41:05.044	68.6
15:41:05.056	63.1
15:41:05.068	61.2
15:41:05.081	58.7
15:41:05.089	57.5
15:41:05.101	54.2
15:41:05.113	52.4
15:41:05.122	51.0
15:41:05.134	49.7
15:41:05.146	48.4
15:41:05.154	43.4
15:41:05.167	41.7
15:41:05.179	37.8
15:41:05.191	33.4
15:41:05.199	29.9
15:41:05.212	27.1
15:41:05.224	25.1
15:41:05.232	20.1
15:41:05.244	15.7
15:41:05.257	12.3
15:41:05.265	11.6
15:41:05.277	10.1
15:41:05.289	11.0
15:41:05.298	10.6
15:41:05.310	7.8
15:41:05.322	5.7
15:41:05.335	2.4
15:41:05.343	1.7
15:41:05.355	0.5
15:41:05.367	-5.8
15:41:05.376	-15.4
15:41:05.388	-23.8
15:41:05.400	-35.1
15:41:05.408	-44.9
15:41:05.421	-52.3
15:41:05.433	-59.5
15:41:05.441	-68.5
15:41:05.453	-79.6
15:41:05.466	-88.1
15:41:05.474	-92.9
15:41:05.486	-94.6
15:41:05.498	-99.8
15:41:05.511	-103.0
15:41:05.519	-106.0
15:41:05.531	-110.1
15:41:05.544	-112.7
15:41:05.552	-114.3
15:41:05.564	-115.3
15:41:05.576	-117.1
15:41:05.589	-115.3
15:41:05.597	-119.9
15:41:05.609	-119.3
15:41:05.621	-121.0
15:41:05.630	-119.2
15:41:05.642	-120.3
15:41:05.654	-123.4
15:41:05.662	-124.8
15:41:05.675	-124.9
15:41:05.687	-127.8
15:41:05.695	-132.8
15:41:05.707	-132.2
15:41:05.720	-133.8
15:41:05.728	-133.7
15:41:05.740	-137.2
15:41:05.752	-139.3
15:41:05.765	-142.0
15:41:05.773	-144.3
15:41:05.785	-145.1
15:41:05.797	-147.1
15:41:05.806	-149.8
15:41:05.818	-153.0
15:41:05.830	-155.9
15:41:05.842	-158.3
15:41:05.851	-161.0
15:41:05.863	-161.3
15:41:05.875	-160.4
15:41:05.883	-160.5
15:41:05.896	-163.1
15:41:05.908	-163.4
15:41:05.920	-163.7
15:41:05.928	-162.7
15:41:05.941	-162.6
15:41:05.953	-162.1
15:41:05.961	-159.4
15:41:05.973	-158.6
15:41:05.986	-155.8
15:41:05.994	-157.2
15:41:06.006	-156.4
15:41:06.018	-155.7
15:41:06.027	-153.2
15:41:06.039	-152.1
15:41:06.051	-150.7
15:41:06.063	-150.0
15:41:06.072	-149.4
15:41:06.084	-149.2
15:41:06.096	-150.7
15:41:06.104	-148.2
15:41:06.117	-145.2
15:41:06.129	-142.7
15:41:06.137	-141.8
15:41:06.150	-139.8
15:41:06.162	-138.3
15:41:06.174	-135.4
15:41:06.182	-134.0
15:41:06.195	-130.9
15:41:06.207	-127.2
15:41:06.215	-124.9
15:41:06.227	-122.4
15:41:06.240	-120.7
15:41:06.248	-119.0
15:41:06.260	-117.7
15:41:06.272	-112.8
15:41:06.281	-112.3
15:41:06.293	-109.6
15:41:06.305	-107.8
15:41:06.317	-107.6
15:41:06.326	-105.3
15:41:06.338	-104.8
15:41:06.350	-103.6
15:41:06.359	-102.0
15:41:06.371	-100.9
15:41:06.383	-102.5
15:41:06.391	-99.7
15:41:06.404	-99.8
15:41:06.416	-96.4
15:41:06.424	-93.2
15:41:06.436	-91.1
15:41:06.449	-88.7
15:41:06.461	-85.6
15:41:06.469	-83.8
15:41:06.481	-81.0
15:41:06.494	-78.3
15:41:06.502	-75.8
15:41:06.514	-71.5
15:41:06.526	-67.7
15:41:06.535	-66.4
15:41:06.547	-64.9
15:41:06.559	-64.1
15:41:06.572	-59.4
15:41:06.580	-54.8
15:41:06.592	-51.6
15:41:06.604	-48.4
15:41:06.612	-46.7
15:41:06.625	-44.7
15:41:06.637	-43.3
15:41:06.645	-39.2
15:41:06.658	-35.2
15:41:06.670	-31.2
15:41:06.678	-31.4
15:41:06.690	-29.9
15:41:06.703	-27.3
15:41:06.711	-25.1
15:41:06.723	-22.8
15:41:06.736	-21.3
15:41:06.748	-19.7
15:41:06.756	-16.4
15:41:06.768	-11.8
15:41:06.781	-6.0
15:41:06.789	-0.1
15:41:06.801	5.9
15:41:06.813	10.5
15:41:06.826	13.0
15:41:06.834	17.6
15:41:06.846	23.1
15:41:06.858	28.0
15:41:06.867	33.1
15:41:06.879	34.9
15:41:06.891	36.2
15:41:06.899	38.2
15:41:06.912	38.6
15:41:06.924	41.8
15:41:06.932	46.7
15:41:06.944	50.4
15:41:06.957	52.2
15:41:06.965	54.7
15:41:06.977	55.6
15:41:06.989	58.5
15:41:07.002	61.0
15:41:07.010	61.4
15:41:07.022	64.1
15:41:07.034	65.7
15:41:07.043	67.4
15:41:07.055	69.4
15:41:07.067	71.8
15:41:07.075	71.8
15:41:07.088	72.1
15:41:07.100	71.7
15:41:07.112	70.8
15:41:07.120	72.1
15:41:07.133	71.2
15:41:07.145	69.9
15:41:07.153	70.0
15:41:07.165	68.3
15:41:07.178	66.7
15:41:07.186	67.4
15:41:07.198	66.0
15:41:07.210	66.2
15:41:07.219	66.9
15:41:07.231	68.0
15:41:07.243	68.8
15:41:07.256	67.8
15:41:07.264	66.0
15:41:07.276	66.8
15:41:07.288	67.6
15:41:07.297	67.7
15:41:07.309	69.7
15:41:07.321	69.4
15:41:07.329	69.8
15:41:07.342	67.9
15:41:07.354	68.0
15:41:07.362	69.9
15:41:07.374	74.5
15:41:07.387	75.6
15:41:07.395	77.1
15:41:07.407	77.7
15:41:07.419	76.9
15:41:07.432	79.0
15:41:07.440	79.5
15:41:07.452	82.7
15:41:07.464	83.1
15:41:07.473	83.0
15:41:07.485	80.3
15:41:07.497	80.0
15:41:07.509	80.0
15:41:07.518	78.9
15:41:07.530	81.6
15:41:07.542	81.0
15:41:07.550	82.5
15:41:07.563	82.2
15:41:07.575	82.6
15:41:07.583	83.2
15:41:07.595	82.7
15:41:07.608	83.3
15:41:07.616	83.8
15:41:07.628	86.2
15:41:07.640	86.7
15:41:07.649	87.5
15:41:07.661	89.6
15:41:07.673	90.6
15:41:07.685	95.3
15:41:07.694	98.9
15:41:07.706	105.0
15:41:07.718	107.2
15:41:07.726	110.0
15:41:07.739	111.0
15:41:07.751	113.2
15:41:07.763	113.7
15:41:07.771	111.5
15:41:07.784	110.5
15:41:07.796	108.9
15:41:07.804	108.5
15:41:07.817	107.5
15:41:07.829	107.5
15:41:07.837	106.3
15:41:07.849	106.1
15:41:07.862	103.6
15:41:07.874	102.5
15:41:07.882	105.1
15:41:07.894	104.2
15:41:07.907	101.8
15:41:07.915	100.3
15:41:07.927	98.2
15:41:07.939	97.0
15:41:07.948	98.0
15:41:07.960	97.1
15:41:07.972	98.0
15:41:07.980	99.4
15:41:07.993	98.9
15:41:08.005	99.1
15:41:08.017	100.2
15:41:08.025	98.8
15:41:08.038	97.2
15:41:08.046	98.8
15:41:08.058	97.2
15:41:08.070	95.9
15:41:08.083	92.7
15:41:08.095	90.1
15:41:08.103	88.8
15:41:08.115	88.1
15:41:08.128	87.2
15:41:08.136	88.0
15:41:08.148	90.6
15:41:08.160	88.4
15:41:08.169	85.7
15:41:08.181	84.9
15:41:08.193	84.2
15:41:08.201	85.8
15:41:08.214	83.5
15:41:08.226	82.9
15:41:08.238	80.0
15:41:08.246	78.8
15:41:08.259	74.0
15:41:08.271	71.1
15:41:08.279	70.5
15:41:08.292	69.8
15:41:08.304	69.3
15:41:08.312	67.6
15:41:08.324	65.7
15:41:08.336	63.6
15:41:08.345	63.0
15:41:08.357	62.1
15:41:08.369	62.1
15:41:08.382	61.9
15:41:08.390	63.6
15:41:08.402	63.2
15:41:08.414	64.1
15:41:08.423	62.5
15:41:08.435	62.5
15:41:08.447	66.1
15:41:08.455	68.4
15:41:08.468	68.1
15:41:08.480	67.9
15:41:08.492	66.6
15:41:08.500	62.6
15:41:08.513	61.2
15:41:08.525	59.9
15:41:08.533	61.6
15:41:08.545	62.2
15:41:08.558	58.5
15:41:08.566	57.0
15:41:08.578	56.3
15:41:08.590	57.8
15:41:08.599	57.5
15:41:08.611	58.4
15:41:08.623	58.6
15:41:08.631	59.2
15:41:08.644	57.4
15:41:08.656	56.5
15:41:08.668	56.5
15:41:08.676	54.8
15:41:08.689	54.2
15:41:08.701	49.3
15:41:08.709	50.2
15:41:08.721	49.1
15:41:08.734	48.6
15:41:08.746	44.3
15:41:08.754	40.4
15:41:08.767	36.9
15:41:08.779	33.6
15:41:08.787	31.6
15:41:08.799	27.8
15:41:08.812	26.0
15:41:08.820	19.9
15:41:08.832	16.1
15:41:08.844	13.0
15:41:08.853	10.0
15:41:08.865	8.2
15:41:08.877	7.1
15:41:08.886	4.7
15:41:08.898	0.5
15:41:08.910	-1.7
15:41:08.922	-4.8
15:41:08.931	-5.3
15:41:08.943	-8.7
15:41:08.955	-12.5
15:41:08.964	-13.5
15:41:08.976	-16.8
15:41:08.988	-20.5
15:41:08.996	-22.9
15:41:09.009	-24.2
15:41:09.021	-27.0
15:41:09.033	-27.2
15:41:09.041	-32.2
15:41:09.054	-35.3
15:41:09.066	-39.0
15:41:09.074	-44.2
15:41:09.086	-46.8
15:41:09.099	-51.6
15:41:09.107	-57.1
15:41:09.119	-64.1
15:41:09.131	-67.4
15:41:09.140	-74.3
15:41:09.152	-78.0
15:41:09.164	-79.1
15:41:09.176	-84.5
15:41:09.185	-88.8
15:41:09.197	-92.1
15:41:09.209	-94.8
15:41:09.217	-97.1
15:41:09.230	-97.1
15:41:09.242	-100.8
15:41:09.250	-101.4
15:41:09.262	-102.5
15:41:09.275	-104.9
15:41:09.283	-104.9
15:41:09.295	-104.1
15:41:09.307	-104.9
15:41:09.316	-106.3
15:41:09.328	-107.3
15:41:09.340	-109.0
15:41:09.352	-111.2
15:41:09.361	-113.5
15:41:09.373	-114.6
15:41:09.385	-116.6
15:41:09.393	-116.9
15:41:09.406	-121.3
15:41:09.418	-125.1
15:41:09.430	-127.1
15:41:09.439	-130.9
15:41:09.451	-129.7
15:41:09.463	-131.5
15:41:09.471	-133.5
15:41:09.484	-134.9
15:41:09.496	-137.2
15:41:09.504	-138.9
15:41:09.516	-138.1
15:41:09.529	-136.3
15:41:09.537	-136.6
15:41:09.549	-133.6
15:41:09.562	-137.1
15:41:09.570	-135.7
15:41:09.582	-135.2
15:41:09.594	-134.9
15:41:09.606	-134.9
15:41:09.615	-137.3
15:41:09.628	-138.1
15:41:09.639	-140.7
15:41:09.648	-142.2
15:41:09.660	-146.3
15:41:09.672	-147.4
15:41:09.684	-149.4
15:41:09.693	-151.7
15:41:09.705	-154.4
15:41:09.717	-154.4
15:41:09.725	-150.1
15:41:09.738	-151.2
15:41:09.750	-148.5
15:41:09.758	-148.4
15:41:09.770	-145.4
15:41:09.783	-144.6
15:41:09.791	-143.2
15:41:09.803	-142.4
15:41:09.815	-139.6
15:41:09.828	-139.6
15:41:09.836	-141.7
15:41:09.848	-136.4
15:41:09.861	-137.9
15:41:09.869	-134.5
15:41:09.881	-135.4
15:41:09.893	-135.9
15:41:09.905	-137.6
15:41:09.914	-137.9
15:41:09.926	-137.8
15:41:09.938	-136.8
15:41:09.947	-136.5
15:41:09.959	-139.4
15:41:09.971	-139.0
15:41:09.979	-141.2
15:41:09.992	-138.3
15:41:10.004	-136.9
15:41:10.016	-135.5
15:41:10.024	-133.7
15:41:10.037	-133.5
15:41:10.049	-133.1
15:41:10.057	-134.2
15:41:10.069	-132.8
15:41:10.082	-132.7
15:41:10.090	-128.5
15:41:10.102	-128.4
15:41:10.114	-125.6
15:41:10.123	-122.9
15:41:10.135	-121.9
15:41:10.147	-122.3
15:41:10.159	-121.5
15:41:10.168	-117.7
15:41:10.180	-117.6
15:41:10.192	-114.1
15:41:10.200	-115.3
15:41:10.213	-114.0
15:41:10.225	-114.5
15:41:10.233	-112.4
15:41:10.246	-110.8
15:41:10.258	-107.6
15:41:10.266	-106.2
15:41:10.278	-107.8
15:41:10.291	-105.3
15:41:10.303	-106.0
15:41:10.311	-104.1
15:41:10.323	-104.3
15:41:10.336	-103.2
15:41:10.344	-102.6
15:41:10.356	-100.2
15:41:10.369	-100.5
15:41:10.377	-100.0
15:41:10.389	-96.3
15:41:10.401	-96.1
15:41:10.414	-95.1
15:41:10.422	-95.3
15:41:10.434	-93.8
15:41:10.446	-91.8
15:41:10.454	-92.7
15:41:10.467	-91.7
15:41:10.479	-90.7
15:41:10.487	-89.0
15:41:10.500	-88.4
15:41:10.512	-85.5
15:41:10.520	-82.3
15:41:10.532	-79.6
15:41:10.545	-79.6
15:41:10.553	-78.6
15:41:10.565	-76.7
15:41:10.577	-77.6
15:41:10.590	-74.5
15:41:10.598	-73.1
15:41:10.610	-71.6
15:41:10.622	-72.1
15:41:10.631	-73.8
15:41:10.643	-73.2
15:41:10.655	-70.9
15:41:10.667	-69.8
15:41:10.676	-68.1
15:41:10.688	-66.8
15:41:10.700	-67.3
15:41:10.708	-65.3
15:41:10.721	-63.1
15:41:10.733	-61.6
15:41:10.741	-59.4
15:41:10.753	-59.4
15:41:10.766	-57.5
15:41:10.774	-58.6
15:41:10.786	-58.7
15:41:10.798	-57.0
15:41:10.807	-55.5
15:41:10.819	-56.4
15:41:10.831	-57.6
15:41:10.843	-57.5
15:41:10.852	-57.9
15:41:10.864	-57.3
15:41:10.876	-57.3
15:41:10.884	-55.2
15:41:10.897	-54.5
15:41:10.909	-55.9
15:41:10.917	-54.5
15:41:10.930	-53.8
15:41:10.942	-51.8
15:41:10.954	-50.9
15:41:10.962	-51.0
15:41:10.975	-50.4
15:41:10.987	-50.4
15:41:10.995	-50.2
15:41:11.007	-49.0
15:41:11.020	-47.5
15:41:11.028	-48.5
15:41:11.040	-49.5
15:41:11.052	-52.5
15:41:11.061	-52.4
15:41:11.073	-50.9
15:41:11.085	-51.5
15:41:11.097	-51.8
15:41:11.106	-52.9
15:41:11.118	-55.5
15:41:11.130	-56.4
15:41:11.138	-57.2
15:41:11.151	-57.6
15:41:11.163	-58.5
15:41:11.171	-60.0
15:41:11.183	-62.2
15:41:11.196	-62.5
15:41:11.204	-62.6
15:41:11.216	-62.2
15:41:11.228	-60.5
15:41:11.237	-60.3
15:41:11.249	-57.1
15:41:11.261	-54.3
15:41:11.273	-51.6
15:41:11.282	-50.9
15:41:11.294	-47.8
15:41:11.306	-46.5
15:41:11.315	-45.0
15:41:11.327	-45.2
15:41:11.339	-44.9
15:41:11.351	-42.8
15:41:11.359	-42.4
15:41:11.372	-41.4
15:41:11.384	-41.5
15:41:11.392	-42.1
15:41:11.405	-42.3
15:41:11.417	-43.1
15:41:11.425	-45.2
15:41:11.437	-44.3
15:41:11.450	-44.3
15:41:11.458	-44.9
15:41:11.470	-44.1
15:41:11.482	-45.1
15:41:11.490	-44.2
15:41:11.503	-41.6
15:41:11.515	-40.9
15:41:11.527	-39.4
15:41:11.536	-36.3
15:41:11.548	-34.4
15:41:11.560	-32.8
15:41:11.568	-33.0
15:41:11.581	-34.3
15:41:11.593	-34.1
15:41:11.605	-34.7
15:41:11.613	-33.6
15:41:11.626	-35.0
15:41:11.638	-34.2
15:41:11.646	-33.0
15:41:11.659	-29.9
15:41:11.671	-30.9
15:41:11.679	-29.7
15:41:11.691	-27.5
15:41:11.704	-27.2
15:41:11.712	-24.0
15:41:11.724	-27.3
15:41:11.736	-25.9
15:41:11.745	-24.2
15:41:11.757	-22.0
15:41:11.769	-23.1
15:41:11.781	-20.2
15:41:11.790	-19.6
15:41:11.802	-21.8
15:41:11.814	-20.8
15:41:11.822	-22.2
15:41:11.835	-19.2
15:41:11.847	-17.9
15:41:11.855	-19.9
15:41:11.868	-21.0
15:41:11.880	-22.3
15:41:11.888	-20.5
15:41:11.900	-20.4
15:41:11.913	-18.8
15:41:11.925	-17.4
15:41:11.933	-16.6
15:41:11.945	-16.8
15:41:11.958	-18.7
15:41:11.966	-17.2
15:41:11.978	-15.5
15:41:11.990	-14.6
15:41:11.999	-16.6
15:41:12.011	-15.3
15:41:12.023	-16.4
15:41:12.035	-17.8
15:41:12.044	-19.2
15:41:12.056	-17.3
15:41:12.068	-14.4
15:41:12.080	-15.3
15:41:12.089	-18.4
15:41:12.101	-19.4
15:41:12.113	-19.7
15:41:12.121	-18.1
15:41:12.134	-14.6
15:41:12.146	-13.1
15:41:12.154	-11.1
15:41:12.166	-11.2
15:41:12.179	-11.9
15:41:12.187	-8.9
15:41:12.199	-8.4
15:41:12.211	-5.9
15:41:12.220	-5.9
15:41:12.232	-7.1
15:41:12.244	-9.6
15:41:12.256	-9.5
15:41:12.265	-9.8
15:41:12.277	-9.3
15:41:12.289	-9.7
15:41:12.298	-10.1
15:41:12.310	-10.4
15:41:12.322	-11.3
15:41:12.334	-8.7
15:41:12.343	-10.1
15:41:12.355	-8.1
15:41:12.367	-7.9
15:41:12.375	-9.0
15:41:12.388	-9.9
15:41:12.400	-8.5
15:41:12.408	-7.0
15:41:12.420	-6.9
15:41:12.433	-4.9
15:41:12.441	-5.6
15:41:12.453	-3.8
15:41:12.465	-3.6
15:41:12.474	-3.6
15:41:12.486	0.0
15:41:12.498	2.2
15:41:12.510	1.6
15:41:12.519	-0.5
15:41:12.531	2.3
15:41:12.543	0.1
15:41:12.551	0.4
15:41:12.564	0.6
15:41:12.576	-2.2
15:41:12.588	-0.7
15:41:12.597	-2.4
15:41:12.609	-4.1
15:41:12.621	-3.7
15:41:12.629	-2.0
15:41:12.642	-4.1
15:41:12.654	-2.2
15:41:12.662	-2.8
15:41:12.674	-2.3
15:41:12.687	-0.2
15:41:12.695	-0.1
15:41:12.707	1.5
15:41:12.719	2.3
15:41:12.728	3.4
15:41:12.740	3.2
15:41:12.752	5.3
15:41:12.764	4.8
15:41:12.773	5.9
15:41:12.785	7.9
15:41:12.797	7.7
15:41:12.805	5.3
15:41:12.818	7.4
15:41:12.830	8.4
15:41:12.838	8.0
15:41:12.850	9.7
15:41:12.863	7.6
15:41:12.875	6.6
15:41:12.883	5.7
15:41:12.896	3.5
15:41:12.908	3.1
15:41:12.916	3.5
15:41:12.928	0.6
15:41:12.941	-0.4
15:41:12.949	1.3
15:41:12.961	1.0
15:41:12.973	5.6
15:41:12.981	11.3
15:41:12.994	15.3
15:41:13.006	20.6
15:41:13.018	26.3
15:41:13.027	32.7
15:41:13.039	37.1
15:41:13.051	42.6
15:41:13.059	45.6
15:41:13.072	49.3
15:41:13.084	51.6
15:41:13.092	52.3
15:41:13.104	51.7
15:41:13.117	51.2
15:41:13.125	49.1
15:41:13.137	48.0
15:41:13.149	48.2
15:41:13.158	44.8
15:41:13.170	44.5
15:41:13.182	44.1
15:41:13.194	42.1
15:41:13.203	40.1
15:41:13.215	41.6
15:41:13.227	41.0
15:41:13.235	40.4
15:41:13.248	39.6
15:41:13.260	40.4
15:41:13.272	43.6
15:41:13.280	44.9
15:41:13.293	46.5
15:41:13.305	50.2
15:41:13.313	51.7
15:41:13.326	54.6
15:41:13.338	57.3
15:41:13.346	63.3
15:41:13.358	66.7
15:41:13.371	69.9
15:41:13.379	72.0
15:41:13.391	75.7
15:41:13.403	79.8
15:41:13.412	81.6
15:41:13.424	88.6
15:41:13.436	91.2
15:41:13.448	95.7
15:41:13.457	99.9
15:41:13.469	105.3
15:41:13.481	108.8
15:41:13.489	113.6
15:41:13.502	115.5
15:41:13.514	116.5
15:41:13.526	117.8
15:41:13.534	117.3
15:41:13.547	121.3
15:41:13.559	123.0
15:41:13.567	121.6
15:41:13.579	120.9
15:41:13.592	119.3
15:41:13.600	118.3
15:41:13.612	119.7
15:41:13.625	120.2
15:41:13.633	121.3
15:41:13.645	120.7
15:41:13.657	119.3
15:41:13.665	120.9
15:41:13.678	122.8
15:41:13.690	125.5
15:41:13.702	130.0
15:41:13.711	132.8
15:41:13.723	133.3
15:41:13.735	133.6
15:41:13.743	135.0
15:41:13.756	136.4
15:41:13.768	136.4
15:41:13.780	133.4
15:41:13.788	133.3
15:41:13.801	131.9
15:41:13.813	128.6
15:41:13.821	126.0
15:41:13.833	130.8
15:41:13.846	130.0
15:41:13.858	129.0
15:41:13.866	129.8
15:41:13.878	127.2
15:41:13.891	127.8
15:41:13.899	127.3
15:41:13.911	127.5
15:41:13.923	128.8
15:41:13.932	130.7
15:41:13.944	127.1
15:41:13.956	129.5
15:41:13.964	131.0
15:41:13.977	130.8
15:41:13.989	135.8
15:41:14.001	135.9
15:41:14.009	138.7
15:41:14.022	139.8
15:41:14.034	142.7
15:41:14.042	143.1
15:41:14.054	145.1
15:41:14.067	143.7
15:41:14.075	145.4
15:41:14.087	145.1
15:41:14.099	141.4
15:41:14.108	142.6
15:41:14.120	139.7
15:41:14.132	139.9
15:41:14.144	136.2
15:41:14.153	135.0
15:41:14.165	133.2
15:41:14.177	133.8
15:41:14.185	131.5
15:41:14.198	130.1
15:41:14.210	131.3
15:41:14.218	128.7
15:41:14.230	128.5
15:41:14.243	126.6
15:41:14.255	125.8
15:41:14.264	125.0
15:41:14.276	126.0
15:41:14.288	124.8
15:41:14.296	123.3
15:41:14.308	123.9
15:41:14.321	122.6
15:41:14.329	123.1
15:41:14.341	120.1
15:41:14.353	119.1
15:41:14.362	118.2
15:41:14.374	118.6
15:41:14.386	114.6
15:41:14.394	112.2
15:41:14.407	110.0
15:41:14.419	108.6
15:41:14.431	106.7
15:41:14.439	105.9
15:41:14.452	108.2
15:41:14.464	107.0
15:41:14.472	107.3
15:41:14.485	106.4
15:41:14.497	104.8
15:41:14.509	106.6
15:41:14.517	107.7
15:41:14.530	108.8
15:41:14.542	111.5
15:41:14.550	109.9
15:41:14.562	107.7
15:41:14.575	108.3
15:41:14.583	107.0
15:41:14.595	107.5
15:41:14.607	111.6
15:41:14.616	114.3
15:41:14.628	117.2
15:41:14.640	119.3
15:41:14.649	119.6
15:41:14.661	123.0
15:41:14.673	125.2
15:41:14.685	125.6
15:41:14.693	129.0
15:41:14.706	129.2
15:41:14.718	127.3
15:41:14.726	124.6
15:41:14.738	125.2
15:41:14.751	122.2
15:41:14.759	119.3
15:41:14.771	118.1
15:41:14.784	116.1
15:41:14.796	114.5
15:41:14.804	113.1
15:41:14.816	111.6
15:41:14.829	109.4
15:41:14.837	107.6
15:41:14.849	103.7
15:41:14.861	101.9
15:41:14.869	102.0
15:41:14.882	100.2
15:41:14.894	100.9
15:41:14.902	102.0
15:41:14.915	103.4
15:41:14.927	102.6
15:41:14.939	103.3
15:41:14.947	105.0
15:41:14.960	105.8
15:41:14.972	107.9
15:41:14.980	108.8
15:41:14.993	110.1
15:41:15.005	110.8
15:41:15.013	111.2
15:41:15.025	107.7
15:41:15.037	107.5
15:41:15.046	107.4
15:41:15.058	108.2
15:41:15.070	108.4
15:41:15.078	109.0
15:41:15.091	109.2
15:41:15.103	110.3
15:41:15.115	111.7
15:41:15.123	110.5
15:41:15.136	112.0
15:41:15.148	112.1
15:41:15.156	113.3
15:41:15.169	111.8
15:41:15.181	110.6
15:41:15.193	109.1
15:41:15.201	108.7
15:41:15.214	108.7
15:41:15.226	106.8
15:41:15.234	109.4
15:41:15.246	108.4
15:41:15.258	109.9
15:41:15.267	108.4
15:41:15.279	108.0
15:41:15.291	107.5
15:41:15.299	106.1
15:41:15.312	105.2
15:41:15.324	105.0
15:41:15.332	104.3
15:41:15.344	102.3
15:41:15.357	101.0
15:41:15.369	99.3
15:41:15.377	98.8
15:41:15.390	97.3
15:41:15.402	98.5
15:41:15.410	99.1
15:41:15.422	98.0
15:41:15.435	94.1
15:41:15.447	92.2
15:41:15.455	90.8
15:41:15.467	89.6
15:41:15.480	87.5
15:41:15.488	83.6
15:41:15.500	80.4
15:41:15.512	76.4
15:41:15.521	72.1
15:41:15.533	70.0
15:41:15.545	67.7
15:41:15.553	63.8
15:41:15.566	58.2
15:41:15.578	52.2
15:41:15.586	46.8
15:41:15.598	43.4
15:41:15.611	38.8
15:41:15.623	32.7
15:41:15.631	27.2
15:41:15.643	21.2
15:41:15.656	18.2
15:41:15.664	14.4
15:41:15.676	11.0
15:41:15.688	9.1
15:41:15.697	6.9
15:41:15.709	3.1
15:41:15.721	1.1
15:41:15.729	0.5
15:41:15.742	-0.3
15:41:15.754	-2.3
15:41:15.766	-6.0
15:41:15.774	-9.0
15:41:15.787	-10.1
15:41:15.799	-13.0
15:41:15.807	-14.9
15:41:15.820	-16.0
15:41:15.832	-18.2
15:41:15.840	-20.5
15:41:15.853	-20.3
15:41:15.865	-20.4
15:41:15.877	-23.3
15:41:15.885	-27.2
15:41:15.898	-31.8
15:41:15.910	-35.8
15:41:15.918	-40.2
15:41:15.930	-44.3
15:41:15.943	-46.6
15:41:15.955	-52.7
15:41:15.963	-58.6
15:41:15.975	-63.7
15:41:15.988	-66.1
15:41:15.996	-68.0
15:41:16.008	-71.1
15:41:16.021	-71.8
15:41:16.029	-74.0
15:41:16.041	-75.7
15:41:16.053	-79.7
15:41:16.066	-80.7
15:41:16.074	-84.0
15:41:16.086	-88.1
15:41:16.098	-93.5
15:41:16.107	-98.3
15:41:16.119	-103.7
15:41:16.131	-109.7
15:41:16.139	-114.1
15:41:16.152	-118.9
15:41:16.164	-121.2
15:41:16.176	-124.5
15:41:16.185	-125.2
15:41:16.197	-125.8
15:41:16.208	-125.5
15:41:16.217	-124.7
15:41:16.229	-122.6
15:41:16.241	-120.1
15:41:16.249	-118.5
15:41:16.262	-118.3
15:41:16.274	-116.5
15:41:16.282	-113.1
15:41:16.294	-113.5
15:41:16.307	-112.6
15:41:16.315	-112.6
15:41:16.327	-112.5
15:41:16.339	-111.0
15:41:16.352	-110.5
15:41:16.360	-109.5
15:41:16.372	-106.4
15:41:16.384	-107.0
15:41:16.393	-109.6
15:41:16.405	-108.9
15:41:16.417	-109.0
15:41:16.430	-109.0
15:41:16.438	-108.8
15:41:16.450	-110.7
15:41:16.462	-111.2
15:41:16.471	-112.3
15:41:16.483	-113.6
15:41:16.495	-114.8
15:41:16.503	-114.7
15:41:16.516	-114.9
15:41:16.528	-117.2
15:41:16.536	-116.6
15:41:16.548	-117.9
15:41:16.561	-117.9
15:41:16.569	-118.3
15:41:16.581	-118.8
15:41:16.594	-119.5
15:41:16.606	-120.2
15:41:16.614	-119.3
15:41:16.626	-122.7
15:41:16.639	-121.9
15:41:16.647	-123.2
15:41:16.659	-119.8
15:41:16.671	-119.0
15:41:16.679	-119.8
15:41:16.692	-120.2
15:41:16.704	-121.0
15:41:16.716	-120.2
15:41:16.725	-121.8
15:41:16.737	-120.3
15:41:16.749	-121.7
15:41:16.757	-122.0
15:41:16.770	-124.9
15:41:16.782	-124.6
15:41:16.790	-124.0
15:41:16.803	-123.5
15:41:16.815	-121.9
15:41:16.823	-122.6
15:41:16.835	-121.3
15:41:16.848	-119.2
15:41:16.860	-117.0
15:41:16.868	-116.3
15:41:16.880	-114.5
15:41:16.893	-114.0
15:41:16.901	-114.2
15:41:16.913	-111.1
15:41:16.926	-111.6
15:41:16.934	-111.3
15:41:16.946	-111.2
15:41:16.958	-111.4
15:41:16.966	-110.7
15:41:16.979	-109.5
15:41:16.991	-108.6
15:41:16.999	-109.0
15:41:17.011	-107.3
15:41:17.024	-109.1
15:41:17.036	-106.7
15:41:17.044	-104.4
15:41:17.056	-101.8
15:41:17.069	-97.8
15:41:17.077	-97.9
15:41:17.089	-96.5
15:41:17.101	-94.9
15:41:17.114	-92.6
15:41:17.122	-90.9
15:41:17.134	-90.4
15:41:17.146	-88.9
15:41:17.155	-87.3
15:41:17.167	-87.0
15:41:17.179	-89.2
15:41:17.187	-85.0
15:41:17.200	-84.2
15:41:17.212	-85.0
15:41:17.220	-83.8
15:41:17.232	-84.8
15:41:17.245	-81.4
15:41:17.253	-81.4
15:41:17.265	-78.7
15:41:17.278	-78.1
15:41:17.290	-76.3
15:41:17.298	-77.3
15:41:17.311	-77.8
15:41:17.323	-75.2
15:41:17.331	-74.9
15:41:17.343	-72.1
15:41:17.356	-71.4
15:41:17.368	-70.1
15:41:17.376	-70.1
15:41:17.388	-68.5
15:41:17.401	-67.0
15:41:17.409	-65.6
15:41:17.421	-62.3
15:41:17.434	-63.1
15:41:17.442	-62.0
15:41:17.454	-59.8
15:41:17.466	-59.4
15:41:17.474	-58.4
15:41:17.487	-58.3
15:41:17.499	-58.3
15:41:17.507	-57.2
15:41:17.519	-55.2
15:41:17.532	-54.6
15:41:17.544	-52.5
15:41:17.552	-52.3
15:41:17.565	-53.2
15:41:17.577	-53.1
15:41:17.585	-51.7
15:41:17.597	-49.8
15:41:17.610	-47.2
15:41:17.618	-47.3
15:41:17.630	-47.3
15:41:17.642	-46.6
15:41:17.650	-45.7
15:41:17.663	-43.5
15:41:17.675	-39.9
15:41:17.687	-37.3
15:41:17.696	-35.0
15:41:17.708	-35.9
15:41:17.720	-34.3
15:41:17.728	-33.2
15:41:17.741	-33.6
15:41:17.753	-31.4
15:41:17.761	-29.0
15:41:17.774	-27.5
15:41:17.786	-26.8
15:41:17.798	-25.3
15:41:17.806	-23.9
15:41:17.819	-20.2
15:41:17.831	-20.0
15:41:17.839	-16.4
15:41:17.851	-13.2
15:41:17.864	-12.6
15:41:17.872	-12.9
15:41:17.884	-12.2
15:41:17.896	-9.6
15:41:17.905	-9.4
15:41:17.917	-9.0
15:41:17.929	-9.6
15:41:17.937	-8.1
15:41:17.950	-7.6
15:41:17.962	-5.1
15:41:17.974	-3.5
15:41:17.982	-1.1
15:41:17.995	3.5
15:41:18.007	2.0
15:41:18.015	2.6
15:41:18.027	4.7
15:41:18.040	6.7
15:41:18.052	7.0
15:41:18.060	8.5
15:41:18.073	7.3
15:41:18.085	9.5
15:41:18.097	10.8
15:41:18.105	8.3
15:41:18.118	12.0
15:41:18.130	14.8
15:41:18.138	13.2
15:41:18.150	13.0
15:41:18.163	15.5
15:41:18.171	14.5
15:41:18.183	17.0
15:41:18.195	16.7
15:41:18.204	16.1
15:41:18.216	18.6
15:41:18.228	16.7
15:41:18.236	18.4
15:41:18.249	17.0
15:41:18.261	18.1
15:41:18.273	18.7
15:41:18.282	19.9
15:41:18.294	20.1
15:41:18.306	20.2
15:41:18.314	22.5
15:41:18.327	22.4
15:41:18.339	24.3
15:41:18.351	22.6
15:41:18.359	25.5
15:41:18.372	28.2
15:41:18.384	28.4
15:41:18.392	29.1
15:41:18.404	29.5
15:41:18.417	31.6
15:41:18.425	32.3
15:41:18.437	36.3
15:41:18.449	36.4
15:41:18.458	38.8
15:41:18.470	41.0
15:41:18.482	40.5
15:41:18.490	41.6
15:41:18.503	41.5
15:41:18.515	41.9
15:41:18.527	41.6
15:41:18.535	43.4
15:41:18.548	42.5
15:41:18.560	43.3
15:41:18.568	43.4
15:41:18.581	42.3
15:41:18.593	44.3
15:41:18.601	45.4
15:41:18.613	47.4
15:41:18.626	50.7
15:41:18.638	53.4
15:41:18.646	55.7
15:41:18.658	58.6
15:41:18.671	64.3
15:41:18.679	68.6
15:41:18.691	74.1
15:41:18.703	75.0
15:41:18.712	78.7
15:41:18.724	83.2
15:41:18.736	86.0
15:41:18.744	87.8
15:41:18.757	90.9
15:41:18.769	90.4
15:41:18.781	89.6
15:41:18.789	90.6
15:41:18.802	91.5
15:41:18.814	96.3
15:41:18.822	96.5
15:41:18.834	95.5
15:41:18.847	96.4
15:41:18.855	100.1
15:41:18.867	100.1
15:41:18.879	101.0
15:41:18.888	101.6
15:41:18.900	102.6
15:41:18.912	102.8
15:41:18.920	100.6
15:41:18.933	101.4
15:41:18.945	103.4
15:41:18.957	103.9
15:41:18.966	101.6
15:41:18.978	101.1
15:41:18.990	99.6
15:41:18.998	99.6
15:41:19.011	96.0
15:41:19.023	95.4
15:41:19.035	94.1
15:41:19.043	93.0
15:41:19.056	90.4
15:41:19.068	88.6
15:41:19.076	89.8
15:41:19.088	88.9
15:41:19.101	91.4
15:41:19.109	91.1
15:41:19.121	93.4
15:41:19.134	94.1
15:41:19.142	92.3
15:41:19.154	92.5
15:41:19.166	92.4
15:41:19.174	93.2
15:41:19.187	93.7
15:41:19.199	94.4
15:41:19.211	93.0
15:41:19.220	92.5
15:41:19.232	91.0
15:41:19.244	92.7
15:41:19.252	94.8
15:41:19.265	92.7
15:41:19.277	95.3
15:41:19.289	95.6
15:41:19.297	94.3
15:41:19.310	92.9
15:41:19.322	94.7
15:41:19.330	94.9
15:41:19.342	94.3
15:41:19.355	92.2
15:41:19.363	91.5
15:41:19.375	93.5
15:41:19.388	92.5
15:41:19.396	90.8
15:41:19.408	88.6
15:41:19.420	89.5
15:41:19.428	90.0
15:41:19.441	92.5
15:41:19.453	96.1
15:41:19.465	97.8
15:41:19.473	100.2
15:41:19.486	102.8
15:41:19.498	103.2
15:41:19.506	105.9
15:41:19.518	108.9
15:41:19.531	111.6
15:41:19.539	112.9
15:41:19.551	112.2
15:41:19.564	114.7
15:41:19.572	115.8
15:41:19.584	117.3
15:41:19.596	117.6
15:41:19.609	120.0
15:41:19.617	120.5
15:41:19.629	120.4
15:41:19.641	120.4
15:41:19.653	120.9
15:41:19.662	121.0
15:41:19.674	119.0
15:41:19.686	118.6
15:41:19.695	118.7
15:41:19.707	118.6
15:41:19.719	121.8
15:41:19.727	124.0
15:41:19.740	125.4
15:41:19.752	123.5
15:41:19.764	121.8
15:41:19.772	124.2
15:41:19.785	122.7
15:41:19.797	121.0
15:41:19.805	120.1
15:41:19.817	119.9
15:41:19.830	116.3
15:41:19.838	113.7
15:41:19.850	113.8
15:41:19.862	114.2
15:41:19.871	114.1
15:41:19.883	111.4
15:41:19.895	111.0
15:41:19.907	111.2
15:41:19.916	111.4
15:41:19.928	110.9
15:41:19.940	110.6
15:41:19.948	109.4
15:41:19.961	110.5
15:41:19.973	109.6
15:41:19.981	107.7
15:41:19.993	107.0
15:41:20.006	108.0
15:41:20.018	106.3
15:41:20.026	104.0
15:41:20.038	102.2
15:41:20.051	99.9
15:41:20.059	99.6
15:41:20.071	95.1
15:41:20.083	94.5
15:41:20.092	93.4
15:41:20.104	93.4
15:41:20.116	89.5
15:41:20.125	87.5
15:41:20.137	89.3
15:41:20.149	87.5
15:41:20.157	87.5
15:41:20.170	86.6
15:41:20.182	84.8
15:41:20.194	83.2
15:41:20.202	82.2
15:41:20.215	79.6
15:41:20.227	80.9
15:41:20.235	81.9
15:41:20.247	78.9
15:41:20.260	79.6
15:41:20.272	77.0
15:41:20.280	74.1
15:41:20.292	76.7
15:41:20.305	74.1
15:41:20.313	71.9
15:41:20.325	69.9
15:41:20.337	66.4
15:41:20.346	62.8
15:41:20.358	62.1
15:41:20.370	56.5
15:41:20.378	54.4
15:41:20.391	53.1
15:41:20.403	46.7
15:41:20.411	45.3
15:41:20.424	42.1
15:41:20.436	38.8
15:41:20.448	37.6
15:41:20.456	36.8
15:41:20.469	32.0
15:41:20.481	34.4
15:41:20.489	31.4
15:41:20.501	28.7
15:41:20.514	27.7
15:41:20.522	25.5
15:41:20.534	25.0
15:41:20.547	24.4
15:41:20.559	22.9
15:41:20.567	21.8
15:41:20.579	21.6
15:41:20.592	15.7
15:41:20.600	13.7
15:41:20.612	11.6
15:41:20.624	9.4
15:41:20.633	8.0
15:41:20.645	5.9
15:41:20.657	4.7
15:41:20.665	2.2
15:41:20.678	0.3
15:41:20.690	-2.0
15:41:20.702	-2.5
15:41:20.710	-4.5
15:41:20.723	-6.3
15:41:20.735	-8.6
15:41:20.743	-10.1
15:41:20.755	-11.3
15:41:20.768	-16.1
15:41:20.776	-18.6
15:41:20.788	-22.1
15:41:20.800	-24.4
15:41:20.809	-26.7
15:41:20.821	-26.4
15:41:20.833	-28.2
15:41:20.841	-29.9
15:41:20.854	-32.8
15:41:20.866	-34.2
15:41:20.878	-34.8
15:41:20.886	-36.5
15:41:20.899	-38.7
15:41:20.911	-42.7
15:41:20.919	-47.7
15:41:20.931	-53.8
15:41:20.944	-58.3
15:41:20.956	-62.9
15:41:20.964	-67.5
15:41:20.977	-74.3
15:41:20.989	-78.5
15:41:20.997	-84.4
15:41:21.009	-89.9
15:41:21.022	-93.7
15:41:21.030	-97.2
15:41:21.042	-100.9
15:41:21.054	-104.9
15:41:21.063	-108.8
15:41:21.075	-113.3
15:41:21.087	-115.6
15:41:21.095	-119.4
15:41:21.108	-123.0
15:41:21.120	-124.6
15:41:21.132	-127.1
15:41:21.141	-129.4
15:41:21.153	-130.9
15:41:21.165	-132.3
15:41:21.173	-134.3
15:41:21.186	-130.5
15:41:21.198	-133.3
15:41:21.210	-133.5
15:41:21.218	-133.7
15:41:21.231	-134.5
15:41:21.243	-133.9
15:41:21.251	-133.5
15:41:21.263	-133.1
15:41:21.276	-133.2
15:41:21.284	-130.9
15:41:21.296	-134.4
15:41:21.308	-132.3
15:41:21.317	-131.8
15:41:21.329	-128.5
15:41:21.341	-128.6
15:41:21.349	-127.0
15:41:21.362	-126.2
15:41:21.374	-125.6
15:41:21.386	-123.8
15:41:21.394	-120.9
15:41:21.407	-119.7
15:41:21.419	-117.3
15:41:21.427	-114.5
15:41:21.439	-112.9
15:41:21.452	-109.5
15:41:21.460	-108.0
15:41:21.472	-104.6
15:41:21.484	-100.8
15:41:21.493	-98.9
15:41:21.505	-97.9
15:41:21.517	-93.6
15:41:21.530	-91.1
15:41:21.538	-88.5
15:41:21.550	-87.4
15:41:21.562	-86.3
15:41:21.570	-83.5
15:41:21.583	-82.5
15:41:21.595	-81.9
15:41:21.603	-79.0
15:41:21.616	-78.3
15:41:21.628	-78.1
15:41:21.640	-75.7
15:41:21.648	-74.4
15:41:21.661	-72.6
15:41:21.673	-70.7
15:41:21.681	-69.4
15:41:21.693	-66.3
15:41:21.706	-62.6
15:41:21.714	-59.7
15:41:21.726	-56.7
15:41:21.738	-51.8
15:41:21.747	-50.9
15:41:21.759	-47.1
15:41:21.771	-42.4
15:41:21.779	-36.7
15:41:21.792	-32.7
15:41:21.804	-29.1
15:41:21.816	-28.1
15:41:21.828	-26.3
15:41:21.837	-23.6
15:41:21.849	-21.9
15:41:21.861	-18.1
15:41:21.869	-19.5
15:41:21.882	-18.9
15:41:21.894	-18.3
15:41:21.902	-16.8
15:41:21.914	-15.3
15:41:21.927	-13.4
15:41:21.939	-11.7
15:41:21.947	-9.7
15:41:21.959	-8.6
15:41:21.968	-8.5
15:41:21.980	-4.4
15:41:21.992	-4.4
15:41:22.000	-4.4
15:41:22.013	-6.7
15:41:22.025	-8.3
15:41:22.033	-9.0
15:41:22.046	-10.8
15:41:22.058	-12.1
15:41:22.070	-14.1
15:41:22.078	-15.8
15:41:22.091	-19.6
15:41:22.103	-19.8
15:41:22.115	-24.0
15:41:22.123	-25.9
15:41:22.136	-28.9
15:41:22.148	-32.2
15:41:22.156	-34.5
15:41:22.168	-36.6
15:41:22.181	-39.4
15:41:22.193	-40.9
15:41:22.201	-43.3
15:41:22.214	-47.4
15:41:22.226	-48.9
15:41:22.234	-51.8
15:41:22.246	-53.4
15:41:22.258	-53.8
15:41:22.267	-54.7
15:41:22.279	-56.6
15:41:22.291	-59.1
15:41:22.300	-60.9
15:41:22.312	-61.2
15:41:22.324	-62.7
15:41:22.332	-63.2
15:41:22.345	-62.7
15:41:22.357	-62.0
15:41:22.369	-64.2
15:41:22.377	-65.6
15:41:22.390	-64.5
15:41:22.402	-61.5
15:41:22.410	-62.0
15:41:22.422	-61.3
15:41:22.435	-61.4
15:41:22.443	-57.3
15:41:22.455	-54.9
15:41:22.467	-52.3
15:41:22.479	-47.4
15:41:22.487	-45.1
15:41:22.499	-44.4
15:41:22.512	-44.4
15:41:22.520	-42.2
15:41:22.532	-41.5
15:41:22.544	-39.1
15:41:22.553	-41.0
15:41:22.565	-41.9
15:41:22.577	-43.8
15:41:22.585	-45.4
15:41:22.598	-43.6
15:41:22.610	-43.9
15:41:22.622	-42.9
15:41:22.631	-42.8
15:41:22.643	-42.5
15:41:22.655	-41.1
15:41:22.663	-40.6
15:41:22.676	-40.9
15:41:22.688	-38.6
15:41:22.696	-38.4
15:41:22.708	-39.7
15:41:22.721	-38.0
15:41:22.729	-38.0
15:41:22.741	-36.9
15:41:22.753	-36.5
15:41:22.762	-36.1
15:41:22.774	-35.3
15:41:22.786	-32.8
15:41:22.798	-32.4
15:41:22.807	-31.4
15:41:22.819	-31.3
15:41:22.831	-31.3
15:41:22.839	-31.9
15:41:22.852	-30.9
15:41:22.864	-28.6
15:41:22.876	-26.6
15:41:22.884	-23.7
15:41:22.897	-21.5
15:41:22.909	-19.5
15:41:22.917	-16.9
15:41:22.929	-14.6
15:41:22.942	-12.1
15:41:22.950	-9.2
15:41:22.962	-10.0
15:41:22.974	-11.8
15:41:22.983	-13.4
15:41:22.995	-14.1
15:41:23.007	-15.5
15:41:23.015	-15.8
15:41:23.028	-15.6
15:41:23.040	-16.0
15:41:23.052	-17.5
15:41:23.060	-17.2
15:41:23.073	-16.3
15:41:23.085	-14.0
15:41:23.093	-14.0
15:41:23.106	-15.1
15:41:23.118	-14.8
15:41:23.130	-15.8
15:41:23.138	-15.5
15:41:23.151	-13.8
15:41:23.163	-12.3
15:41:23.171	-13.1
15:41:23.183	-12.5
15:41:23.196	-11.3
15:41:23.204	-10.3
15:41:23.216	-9.1
15:41:23.229	-8.1
15:41:23.237	-8.3
15:41:23.250	-8.3
15:41:23.262	-5.5
15:41:23.270	-8.6
15:41:23.283	-7.5
15:41:23.295	-7.5
15:41:23.307	-6.3
15:41:23.315	-5.0
15:41:23.328	-4.7
15:41:23.340	-3.7
15:41:23.348	-2.9
15:41:23.361	-2.6
15:41:23.373	-5.3
15:41:23.381	-0.5
15:41:23.393	-1.3
15:41:23.405	-1.0
15:41:23.414	-2.1
15:41:23.426	-2.5
15:41:23.438	-1.7
15:41:23.451	-1.5
15:41:23.459	0.2
15:41:23.471	1.3
15:41:23.483	1.3
15:41:23.491	-2.3
15:41:23.503	-1.7
15:41:23.515	-1.1
15:41:23.523	0.8
15:41:23.536	2.8
15:41:23.548	2.7
15:41:23.561	3.5
15:41:23.568	4.0
15:41:23.581	3.9
15:41:23.593	5.1
15:41:23.601	6.9
15:41:23.613	6.7
15:41:23.626	10.0
15:41:23.634	7.8
15:41:23.646	7.3
15:41:23.658	9.5
15:41:23.667	9.7
15:41:23.679	10.2
15:41:23.691	13.9
15:41:23.699	16.1
15:41:23.712	18.5
15:41:23.724	21.7
15:41:23.736	23.2
15:41:23.745	26.5
15:41:23.757	27.6
15:41:23.769	30.1
15:41:23.781	33.2
15:41:23.790	34.4
15:41:23.802	32.7
15:41:23.814	33.3
15:41:23.822	34.8
15:41:23.835	35.0
15:41:23.847	32.1
15:41:23.859	31.5
15:41:23.867	32.5
15:41:23.880	29.5
15:41:23.892	28.7
15:41:23.900	30.3
15:41:23.912	31.1
15:41:23.925	30.5
15:41:23.933	28.6
15:41:23.945	29.4
15:41:23.957	32.9
15:41:23.966	35.0
15:41:23.978	36.7
15:41:23.990	43.8
15:41:23.998	48.0
15:41:24.011	53.3
15:41:24.023	59.0
15:41:24.035	64.7
15:41:24.043	71.1
15:41:24.056	74.5
15:41:24.068	78.1
15:41:24.076	83.1
15:41:24.088	85.9
15:41:24.101	84.9
15:41:24.114	86.3
15:41:24.122	83.2
15:41:24.134	82.4
15:41:24.147	80.4
15:41:24.155	79.6
15:41:24.167	79.8
15:41:24.179	80.7
15:41:24.187	80.6
15:41:24.199	81.4
15:41:24.212	82.5
15:41:24.220	83.1
15:41:24.232	84.2
15:41:24.244	81.7
15:41:24.252	81.7
15:41:24.265	81.9
15:41:24.277	81.7
15:41:24.289	79.6
15:41:24.298	77.5
15:41:24.310	75.8
15:41:24.322	73.9
15:41:24.330	72.7
15:41:24.343	72.5
15:41:24.355	75.6
15:41:24.363	74.7
15:41:24.375	72.8
15:41:24.388	72.3
15:41:24.400	71.3
15:41:24.408	70.4
15:41:24.420	70.6
15:41:24.433	68.9
15:41:24.441	67.0
15:41:24.453	66.3
15:41:24.465	64.2
15:41:24.474	63.4
15:41:24.486	63.0
15:41:24.498	63.7
15:41:24.506	64.7
15:41:24.519	64.9
15:41:24.531	66.3
15:41:24.543	68.5
15:41:24.551	69.2
15:41:24.564	69.2
15:41:24.576	69.8
15:41:24.584	75.3
15:41:24.596	78.3
15:41:24.609	80.5
15:41:24.617	84.4
15:41:24.629	88.3
15:41:24.642	90.8
15:41:24.650	92.8
15:41:24.662	94.5
15:41:24.674	97.2
15:41:24.683	97.5
15:41:24.695	98.7
15:41:24.707	97.1
15:41:24.719	95.8
15:41:24.727	93.4
15:41:24.740	92.5
15:41:24.752	89.9
15:41:24.760	88.3
15:41:24.773	86.6
15:41:24.785	84.8
15:41:24.797	83.7
15:41:24.805	79.9
15:41:24.818	79.4
15:41:24.830	77.0
15:41:24.838	76.3
15:41:24.850	74.7
15:41:24.863	74.2
15:41:24.871	74.1
15:41:24.883	70.6
15:41:24.895	70.3
15:41:24.904	68.9
15:41:24.916	66.6
15:41:24.928	65.1
15:41:24.936	64.7
15:41:24.949	62.9
15:41:24.961	61.2
15:41:24.973	59.8
15:41:24.981	58.4
15:41:24.994	62.1
15:41:25.006	61.8
15:41:25.014	63.5
15:41:25.026	65.5
15:41:25.039	67.9
15:41:25.051	69.5
15:41:25.059	71.0
15:41:25.071	72.5
15:41:25.084	77.7
15:41:25.092	80.2
15:41:25.104	81.3
15:41:25.117	84.1
15:41:25.125	86.0
15:41:25.137	87.6
15:41:25.149	90.4
15:41:25.157	94.4
15:41:25.170	98.0
15:41:25.182	103.1
15:41:25.190	103.4
15:41:25.203	105.7
15:41:25.215	107.9
15:41:25.227	109.8
15:41:25.236	112.7
15:41:25.248	113.3
15:41:25.260	114.0
15:41:25.268	115.3
15:41:25.281	115.2
15:41:25.293	114.8
15:41:25.301	115.9
15:41:25.313	116.1
15:41:25.326	118.9
15:41:25.334	119.1
15:41:25.346	121.0
15:41:25.358	123.8
15:41:25.371	125.4
15:41:25.379	128.9
15:41:25.391	130.4
15:41:25.403	134.2
15:41:25.412	135.8
15:41:25.424	143.0
15:41:25.436	145.9
15:41:25.444	149.7
15:41:25.457	154.6
15:41:25.469	159.9
15:41:25.481	164.9
15:41:25.489	170.6
15:41:25.502	179.3
15:41:25.514	182.0
15:41:25.526	187.8
15:41:25.534	189.3
15:41:25.547	191.9
15:41:25.559	194.9
15:41:25.567	196.3
15:41:25.580	198.5
15:41:25.592	199.1
15:41:25.600	197.6
15:41:25.612	196.7
15:41:25.624	198.3
15:41:25.633	198.3
15:41:25.645	198.0
15:41:25.657	196.9
15:41:25.670	196.0
15:41:25.678	195.4
15:41:25.690	192.7
15:41:25.703	194.9
15:41:25.711	197.4
15:41:25.723	201.3
15:41:25.735	203.3
15:41:25.744	209.0
15:41:25.756	215.4
15:41:25.768	230.5
15:41:25.780	245.2
15:41:25.789	255.4
15:41:25.801	267.8
15:41:25.813	276.9
15:41:25.821	284.9
15:41:25.834	287.8
15:41:25.846	294.8
15:41:25.854	295.9
15:41:25.866	297.1
15:41:25.879	289.8
15:41:25.887	285.1
15:41:25.899	281.6
15:41:25.912	279.0
15:41:25.920	275.6
15:41:25.932	271.3
15:41:25.944	271.1
15:41:25.957	268.5
15:41:25.965	264.7
15:41:25.977	261.0
15:41:25.989	258.0
15:41:25.997	250.9
15:41:26.010	246.5
15:41:26.022	241.5
15:41:26.034	235.4
15:41:26.043	225.8
15:41:26.055	218.7
15:41:26.067	212.1
15:41:26.075	205.8
15:41:26.088	196.1
15:41:26.100	186.2
15:41:26.108	178.7
15:41:26.120	168.2
15:41:26.133	156.9
15:41:26.141	148.3
15:41:26.153	141.3
15:41:26.165	130.9
15:41:26.174	117.1
15:41:26.186	106.9
15:41:26.198	100.4
15:41:26.210	93.2
15:41:26.219	86.4
15:41:26.231	81.1
15:41:26.243	75.7
15:41:26.251	70.5
15:41:26.264	66.5
15:41:26.276	63.3
15:41:26.284	63.4
15:41:26.296	60.8
15:41:26.309	56.2
15:41:26.321	54.0
15:41:26.329	50.8
15:41:26.341	48.7
15:41:26.354	45.0
15:41:26.362	40.8
15:41:26.374	37.8
15:41:26.386	26.7
15:41:26.395	11.7
15:41:26.407	-0.7
15:41:26.419	-13.5
15:41:26.427	-30.0
15:41:26.440	-41.7
15:41:26.452	-55.0
15:41:26.464	-68.5
15:41:26.473	-81.6
15:41:26.485	-94.9
15:41:26.497	-100.9
15:41:26.505	-102.7
15:41:26.518	-108.1
15:41:26.530	-113.3
15:41:26.538	-115.8
15:41:26.550	-122.0
15:41:26.563	-127.4
15:41:26.571	-131.2
15:41:26.583	-134.8
15:41:26.595	-139.2
15:41:26.604	-145.0
15:41:26.616	-151.2
15:41:26.628	-155.1
15:41:26.640	-156.7
15:41:26.649	-156.9
15:41:26.661	-158.4
15:41:26.673	-160.3
15:41:26.681	-160.1
15:41:26.694	-163.0
15:41:26.706	-164.5
15:41:26.718	-166.4
15:41:26.726	-168.0
15:41:26.739	-166.6
15:41:26.751	-168.2
15:41:26.759	-170.9
15:41:26.771	-171.6
15:41:26.784	-172.6
15:41:26.792	-173.9
15:41:26.804	-174.1
15:41:26.816	-175.9
15:41:26.825	-175.6
15:41:26.837	-178.4
15:41:26.849	-180.8
15:41:26.857	-181.3
15:41:26.870	-182.3
15:41:26.882	-185.7
15:41:26.894	-188.3
15:41:26.902	-192.0
15:41:26.915	-193.9
15:41:26.927	-195.7
15:41:26.935	-198.1
15:41:26.947	-198.7
15:41:26.960	-201.2
15:41:26.972	-204.5
15:41:26.981	-206.9
15:41:26.993	-207.1
15:41:27.005	-208.9
15:41:27.013	-208.8
15:41:27.026	-209.9
15:41:27.038	-211.1
15:41:27.046	-211.4
15:41:27.058	-211.7
15:41:27.071	-212.9
15:41:27.079	-213.2
15:41:27.091	-214.1
15:41:27.103	-215.7
15:41:27.112	-216.2
15:41:27.124	-218.7
15:41:27.136	-221.4
15:41:27.149	-222.6
15:41:27.157	-223.9
15:41:27.169	-224.9
15:41:27.181	-225.1
15:41:27.189	-224.7
15:41:27.202	-223.7
15:41:27.214	-224.1
15:41:27.222	-223.6
15:41:27.235	-223.0
15:41:27.247	-223.5
15:41:27.255	-222.4
15:41:27.267	-223.1
15:41:27.280	-223.3
15:41:27.292	-223.3
15:41:27.300	-222.5
15:41:27.313	-222.2
15:41:27.325	-221.9
15:41:27.333	-222.0
15:41:27.345	-222.4
15:41:27.358	-220.0
15:41:27.366	-221.4
15:41:27.378	-219.2
15:41:27.390	-217.7
15:41:27.403	-215.6
15:41:27.411	-216.0
15:41:27.423	-215.2
15:41:27.435	-213.4
15:41:27.444	-212.0
15:41:27.456	-208.5
15:41:27.468	-207.4
15:41:27.480	-204.2
15:41:27.489	-202.4
15:41:27.501	-200.8
15:41:27.513	-199.3
15:41:27.522	-196.0
15:41:27.534	-195.3
15:41:27.546	-191.7
15:41:27.554	-189.2
15:41:27.567	-189.2
15:41:27.579	-185.8
15:41:27.591	-184.0
15:41:27.599	-183.3
15:41:27.612	-182.5
15:41:27.624	-180.2
15:41:27.632	-179.2
15:41:27.644	-176.1
15:41:27.657	-176.3
15:41:27.665	-174.6
15:41:27.677	-171.4
15:41:27.690	-170.2
15:41:27.702	-169.1
15:41:27.710	-167.1
15:41:27.722	-164.1
15:41:27.734	-161.8
15:41:27.743	-158.7
15:41:27.755	-156.5
15:41:27.767	-154.0
15:41:27.775	-152.4
15:41:27.788	-149.5
15:41:27.800	-148.5
15:41:27.808	-147.4
15:41:27.821	-145.2
15:41:27.833	-143.4
15:41:27.841	-141.4
15:41:27.853	-141.2
15:41:27.866	-140.9
15:41:27.878	-139.0
15:41:27.886	-136.6
15:41:27.898	-135.5
15:41:27.911	-134.2
15:41:27.919	-130.6
15:41:27.931	-127.7
15:41:27.943	-125.0
15:41:27.956	-126.1
15:41:27.964	-123.8
15:41:27.976	-122.2
15:41:27.988	-121.2
15:41:27.997	-120.0
15:41:28.009	-119.3
15:41:28.021	-116.9
15:41:28.029	-117.0
15:41:28.042	-117.4
15:41:28.054	-118.3
15:41:28.062	-116.6
15:41:28.074	-114.5
15:41:28.087	-113.2
15:41:28.095	-113.6
15:41:28.107	-112.2
15:41:28.119	-109.3
15:41:28.132	-107.9
15:41:28.140	-105.1
15:41:28.152	-102.3
15:41:28.164	-99.1
15:41:28.173	-96.2
15:41:28.185	-92.4
15:41:28.197	-89.3
15:41:28.205	-84.9
15:41:28.218	-81.3
15:41:28.230	-82.0
15:41:28.242	-78.1
15:41:28.250	-75.1
15:41:28.263	-74.0
15:41:28.275	-70.3
15:41:28.283	-67.2
15:41:28.296	-67.6
15:41:28.308	-62.8
15:41:28.316	-60.7
15:41:28.328	-57.4
15:41:28.341	-51.8
15:41:28.349	-51.3
15:41:28.361	-49.6
15:41:28.373	-46.1
15:41:28.386	-43.6
15:41:28.394	-40.8
15:41:28.406	-38.4
15:41:28.418	-39.7
15:41:28.427	-37.6
15:41:28.439	-38.0
15:41:28.451	-37.4
15:41:28.459	-34.9
15:41:28.472	-34.3
15:41:28.484	-33.0
15:41:28.492	-33.7
15:41:28.504	-32.4
15:41:28.517	-29.5
15:41:28.525	-26.9
15:41:28.537	-26.3
15:41:28.549	-24.5
15:41:28.562	-24.3
15:41:28.570	-22.0
15:41:28.582	-18.4
15:41:28.595	-16.3
15:41:28.603	-12.6
15:41:28.615	-12.9
15:41:28.627	-11.6
15:41:28.640	-10.3
15:41:28.648	-7.4
15:41:28.660	-5.4
15:41:28.672	-2.0
15:41:28.681	-2.8
15:41:28.693	-2.8
15:41:28.705	-1.8
15:41:28.713	-1.9
15:41:28.726	-0.3
15:41:28.738	-0.3
15:41:28.746	2.5
15:41:28.759	4.4
15:41:28.771	4.3
15:41:28.779	2.4
15:41:28.791	5.7
15:41:28.804	8.2
15:41:28.816	9.4
15:41:28.824	12.0
15:41:28.836	13.4
15:41:28.849	15.5
15:41:28.857	15.6
15:41:28.869	15.4
15:41:28.881	18.3
15:41:28.894	20.9
15:41:28.902	22.0
15:41:28.914	21.7
15:41:28.927	22.7
15:41:28.935	21.9
15:41:28.947	22.5
15:41:28.959	23.4
15:41:28.967	27.5
15:41:28.980	32.6
15:41:28.992	34.7
15:41:29.000	40.2
15:41:29.012	43.6
15:41:29.025	50.2
15:41:29.033	54.6
15:41:29.045	58.9
15:41:29.057	64.0
15:41:29.070	68.9
15:41:29.078	69.5
15:41:29.090	70.3
15:41:29.103	73.8
15:41:29.111	72.7
15:41:29.123	74.7
15:41:29.135	75.7
15:41:29.144	78.6
15:41:29.156	79.8
15:41:29.168	81.8
15:41:29.176	84.5
15:41:29.189	86.3
15:41:29.201	87.8
15:41:29.213	88.0
15:41:29.221	92.8
15:41:29.234	92.9
15:41:29.246	93.0
15:41:29.254	92.1
15:41:29.266	93.5
15:41:29.279	93.4
15:41:29.287	91.3
15:41:29.299	89.2
15:41:29.311	87.5
15:41:29.323	88.7
15:41:29.331	87.8
15:41:29.343	90.0
15:41:29.356	90.4
15:41:29.364	90.1
15:41:29.376	89.2
15:41:29.388	88.0
15:41:29.398	87.8
15:41:29.410	89.6
15:41:29.422	91.1
15:41:29.430	89.1
15:41:29.443	88.9
15:41:29.455	86.5
15:41:29.463	85.9
15:41:29.475	86.5
15:41:29.488	86.0
15:41:29.500	86.3
15:41:29.508	87.2
15:41:29.520	87.2
15:41:29.533	87.0
15:41:29.541	88.1
15:41:29.553	87.5
15:41:29.565	89.5
15:41:29.578	87.8
15:41:29.586	90.4
15:41:29.598	93.5
15:41:29.610	94.4
15:41:29.619	94.9
15:41:29.631	96.4
15:41:29.643	99.2
15:41:29.655	102.2
15:41:29.664	106.2
15:41:29.676	107.8
15:41:29.688	111.4
15:41:29.696	110.9
15:41:29.709	111.4
15:41:29.721	115.4
15:41:29.729	118.4
15:41:29.742	120.1
15:41:29.754	119.9
15:41:29.762	118.4
15:41:29.774	117.2
15:41:29.787	117.9
15:41:29.799	118.3
15:41:29.807	119.1
15:41:29.819	123.5
15:41:29.832	124.8
15:41:29.840	126.8
15:41:29.852	129.8
15:41:29.864	133.6
15:41:29.877	138.1
15:41:29.885	138.9
15:41:29.897	139.6
15:41:29.909	141.3
15:41:29.918	143.5
15:41:29.930	142.6
15:41:29.942	143.2
15:41:29.950	143.8
15:41:29.963	142.7
15:41:29.975	142.9
15:41:29.983	144.2
15:41:29.995	145.6
15:41:30.008	145.8
15:41:30.016	145.5
15:41:30.028	146.0
15:41:30.040	144.7
15:41:30.053	142.6
15:41:30.061	140.5
15:41:30.073	139.3
15:41:30.085	136.3
15:41:30.094	133.8
15:41:30.106	132.0
15:41:30.118	130.2
15:41:30.126	130.3
15:41:30.139	127.7
15:41:30.151	126.6
15:41:30.163	126.8
15:41:30.171	125.1
15:41:30.184	123.7
15:41:30.196	121.8
15:41:30.204	118.7
15:41:30.217	117.7
15:41:30.229	117.4
15:41:30.237	115.7
15:41:30.249	114.0
15:41:30.262	111.6
15:41:30.270	110.7
15:41:30.282	109.7
15:41:30.294	108.3
15:41:30.307	109.2
15:41:30.315	110.7
15:41:30.327	110.8
15:41:30.339	111.7
15:41:30.348	109.7
15:41:30.360	111.0
15:41:30.372	110.6
15:41:30.380	109.5
15:41:30.393	107.4
15:41:30.405	108.9
15:41:30.413	107.4
15:41:30.425	106.3
15:41:30.438	104.7
15:41:30.446	102.0
15:41:30.458	102.2
15:41:30.470	99.3
15:41:30.483	98.7
15:41:30.491	98.0
15:41:30.503	100.0
15:41:30.515	97.2
15:41:30.524	98.6
15:41:30.536	97.3
15:41:30.548	97.4
15:41:30.560	98.0
15:41:30.569	98.7
15:41:30.581	100.4
15:41:30.593	102.2
15:41:30.601	101.2
15:41:30.614	100.0
15:41:30.626	102.3
15:41:30.634	102.0
15:41:30.646	100.6
15:41:30.659	101.4
15:41:30.667	100.2
15:41:30.679	100.5
15:41:30.691	101.4
15:41:30.700	104.3
15:41:30.712	107.3
15:41:30.724	113.2
15:41:30.737	119.1
15:41:30.745	123.9
15:41:30.757	130.4
15:41:30.769	134.0
15:41:30.777	139.7
15:41:30.790	142.5
15:41:30.802	144.6
15:41:30.814	145.2
15:41:30.823	147.2
15:41:30.835	145.3
15:41:30.847	144.4
15:41:30.855	143.3
15:41:30.868	144.2
15:41:30.880	144.4
15:41:30.888	145.2
15:41:30.900	147.0
15:41:30.913	150.4
15:41:30.921	150.2
15:41:30.933	152.1
15:41:30.945	153.9
15:41:30.954	153.8
15:41:30.966	154.3
15:41:30.978	151.8
15:41:30.990	147.9
15:41:30.999	145.6
15:41:31.011	144.3
15:41:31.023	140.1
15:41:31.031	139.0
15:41:31.044	135.7
15:41:31.056	133.8
15:41:31.064	132.1
15:41:31.076	129.0
15:41:31.089	130.2
15:41:31.097	131.3
15:41:31.109	131.3
15:41:31.122	128.1
15:41:31.134	125.7
15:41:31.142	123.8
15:41:31.154	121.9
15:41:31.167	120.1
15:41:31.175	116.3
15:41:31.187	113.0
15:41:31.199	107.0
15:41:31.208	101.6
15:41:31.220	96.7
15:41:31.232	92.3
15:41:31.244	87.6
15:41:31.253	82.9
15:41:31.265	79.0
15:41:31.277	70.9
15:41:31.285	65.2
15:41:31.298	59.5
15:41:31.310	52.5
15:41:31.318	48.4
15:41:31.330	43.5
15:41:31.343	38.3
15:41:31.351	33.5
15:41:31.363	27.6
15:41:31.375	22.6
15:41:31.384	21.1
15:41:31.396	16.6
15:41:31.409	13.0
15:41:31.421	9.9
15:41:31.429	6.5
15:41:31.441	0.7
15:41:31.453	-3.8
15:41:31.462	-6.8
15:41:31.474	-9.8
15:41:31.486	-12.2
15:41:31.499	-17.0
15:41:31.507	-18.2
15:41:31.519	-22.3
15:41:31.531	-28.4
15:41:31.539	-33.9
15:41:31.552	-39.5
15:41:31.564	-47.0
15:41:31.572	-54.0
15:41:31.585	-61.5
15:41:31.597	-72.5
15:41:31.609	-79.5
15:41:31.617	-90.0
15:41:31.630	-97.1
15:41:31.642	-99.2
15:41:31.650	-104.0
15:41:31.662	-106.6
15:41:31.675	-108.5
15:41:31.683	-109.8
15:41:31.695	-112.3
15:41:31.707	-112.8
15:41:31.720	-114.3
15:41:31.728	-113.6
15:41:31.740	-114.6
15:41:31.752	-116.9
15:41:31.761	-120.3
15:41:31.773	-124.9
15:41:31.785	-126.7
15:41:31.797	-129.7
15:41:31.806	-131.5
15:41:31.818	-133.7
15:41:31.830	-134.7
15:41:31.838	-137.6
15:41:31.851	-140.9
15:41:31.862	-143.0
15:41:31.870	-143.8
15:41:31.883	-145.3
15:41:31.895	-147.3
15:41:31.903	-150.2
15:41:31.915	-150.8
15:41:31.928	-150.9
15:41:31.936	-157.3
15:41:31.948	-161.7
15:41:31.960	-160.6
15:41:31.973	-163.4
15:41:31.981	-164.2
15:41:31.993	-163.0
15:41:32.006	-161.8
15:41:32.015	-162.5
15:41:32.027	-163.0
15:41:32.039	-166.0
15:41:32.048	-164.1
15:41:32.060	-160.9
15:41:32.072	-163.4
15:41:32.084	-164.2
15:41:32.093	-164.6
15:41:32.105	-166.2
15:41:32.117	-168.9
15:41:32.125	-168.4
15:41:32.138	-170.2
15:41:32.150	-167.9
15:41:32.158	-167.7
15:41:32.170	-169.1
15:41:32.183	-168.4
15:41:32.191	-167.1
15:41:32.203	-167.2
15:41:32.215	-168.8
15:41:32.228	-169.3
15:41:32.236	-170.8
15:41:32.248	-173.2
15:41:32.260	-177.6
15:41:32.269	-179.2
15:41:32.281	-181.6
15:41:32.293	-181.5
15:41:32.301	-182.3
15:41:32.314	-181.8
15:41:32.326	-178.1
15:41:32.334	-177.0
15:41:32.346	-174.6
15:41:32.359	-170.4
15:41:32.367	-166.0
15:41:32.379	-163.7
15:41:32.391	-162.0
15:41:32.404	-161.8
15:41:32.412	-160.8
15:41:32.424	-160.0
15:41:32.436	-160.7
15:41:32.445	-157.8
15:41:32.457	-157.3
15:41:32.469	-156.7
15:41:32.481	-156.7
15:41:32.490	-156.8
15:41:32.502	-153.4
15:41:32.514	-151.8
15:41:32.522	-149.0
15:41:32.535	-145.7
15:41:32.547	-143.4
15:41:32.555	-141.6
15:41:32.568	-138.6
15:41:32.580	-135.3
15:41:32.588	-131.5
15:41:32.600	-128.8
15:41:32.613	-128.0
15:41:32.621	-125.4
15:41:32.633	-122.8
15:41:32.645	-122.3
15:41:32.658	-118.5
15:41:32.666	-114.8
15:41:32.678	-112.4
15:41:32.690	-109.7
15:41:32.699	-108.1
15:41:32.711	-103.5
15:41:32.723	-97.5
15:41:32.735	-92.7
15:41:32.744	-89.6
15:41:32.756	-85.2
15:41:32.768	-83.7
15:41:32.776	-81.3
15:41:32.789	-78.6
15:41:32.801	-76.3
15:41:32.809	-73.4
15:41:32.821	-71.6
15:41:32.834	-71.7
15:41:32.842	-70.7
15:41:32.854	-68.9
15:41:32.867	-66.0
15:41:32.875	-62.4
15:41:32.887	-60.5
15:41:32.899	-58.3
15:41:32.912	-56.2
15:41:32.920	-53.1
15:41:32.932	-50.4
15:41:32.944	-47.3
15:41:32.953	-45.5
15:41:32.965	-43.4
15:41:32.977	-42.5
15:41:32.985	-39.9
15:41:32.998	-38.0
15:41:33.010	-36.9
15:41:33.018	-34.7
15:41:33.030	-35.0
15:41:33.043	-32.9
15:41:33.055	-32.1
15:41:33.063	-29.2
15:41:33.075	-27.7
15:41:33.088	-26.7
15:41:33.096	-26.9
15:41:33.108	-25.8
15:41:33.120	-23.9
15:41:33.129	-25.0
15:41:33.141	-24.9
15:41:33.153	-26.6
15:41:33.165	-25.5
15:41:33.174	-26.2
15:41:33.186	-27.8
15:41:33.198	-28.3
15:41:33.207	-29.2
15:41:33.219	-29.3
15:41:33.231	-28.8
15:41:33.239	-26.2
15:41:33.252	-24.5
15:41:33.264	-22.4
15:41:33.272	-22.3
15:41:33.284	-22.3
15:41:33.297	-20.4
15:41:33.305	-18.8
15:41:33.317	-17.9
15:41:33.329	-20.1
15:41:33.342	-21.2
15:41:33.350	-22.8
15:41:33.362	-25.4
15:41:33.374	-27.3
15:41:33.383	-30.9
15:41:33.395	-35.6
15:41:33.407	-39.3
15:41:33.419	-44.6
15:41:33.428	-49.2
15:41:33.440	-50.8
15:41:33.452	-51.8
15:41:33.460	-55.1
15:41:33.473	-56.3
15:41:33.485	-59.6
15:41:33.493	-62.9
15:41:33.505	-61.0
15:41:33.518	-63.3
15:41:33.526	-63.9
15:41:33.538	-65.5
15:41:33.550	-67.0
15:41:33.559	-71.2
15:41:33.571	-74.9
15:41:33.583	-79.6
15:41:33.596	-83.0
15:41:33.604	-82.9
15:41:33.616	-86.2
15:41:33.628	-86.6
15:41:33.641	-88.1
15:41:33.649	-90.0
15:41:33.661	-91.5
15:41:33.673	-95.0
15:41:33.682	-95.9
15:41:33.694	-95.2
15:41:33.706	-94.6
15:41:33.718	-94.6
15:41:33.727	-95.6
15:41:33.739	-97.3
15:41:33.751	-97.2
15:41:33.759	-96.1
15:41:33.772	-98.0
15:41:33.784	-96.5
15:41:33.792	-95.9
15:41:33.804	-95.8
15:41:33.817	-95.8
15:41:33.825	-96.3
15:41:33.837	-97.2
15:41:33.849	-97.4
15:41:33.858	-101.1
15:41:33.870	-100.9
15:41:33.882	-101.1
15:41:33.894	-103.1
15:41:33.903	-105.0
15:41:33.915	-106.5
15:41:33.927	-110.1
15:41:33.935	-112.7
15:41:33.948	-114.0
15:41:33.960	-115.1
15:41:33.968	-114.2
15:41:33.980	-117.1
15:41:33.993	-118.4
15:41:34.005	-117.0
15:41:34.013	-117.9
15:41:34.025	-120.3
15:41:34.038	-117.3
15:41:34.046	-118.3
15:41:34.057	-118.2
15:41:34.070	-118.2
15:41:34.078	-118.7
15:41:34.090	-117.4
15:41:34.103	-117.2
15:41:34.111	-118.9
15:41:34.123	-117.6
15:41:34.136	-116.5
15:41:34.149	-118.9
15:41:34.157	-118.9
15:41:34.169	-119.8
15:41:34.181	-120.2
15:41:34.190	-119.6
15:41:34.202	-121.0
15:41:34.214	-119.9
15:41:34.222	-120.7
15:41:34.235	-122.2
15:41:34.247	-122.5
15:41:34.255	-121.7
15:41:34.267	-118.6
15:41:34.280	-118.1
15:41:34.288	-118.8
15:41:34.300	-117.8
15:41:34.312	-117.7
15:41:34.325	-119.6
15:41:34.333	-119.1
15:41:34.345	-117.6
15:41:34.357	-114.9
15:41:34.366	-113.7
15:41:34.378	-114.3
15:41:34.390	-112.9
15:41:34.402	-110.8
15:41:34.411	-110.0
15:41:34.423	-107.4
15:41:34.435	-102.9
15:41:34.443	-100.5
15:41:34.456	-97.7
15:41:34.468	-96.9
15:41:34.476	-96.6
15:41:34.488	-93.9
15:41:34.501	-93.7
15:41:34.509	-93.5
15:41:34.521	-92.3
15:41:34.533	-92.5
15:41:34.542	-92.5
15:41:34.554	-91.7
15:41:34.566	-92.8
15:41:34.579	-89.7
15:41:34.587	-85.1
15:41:34.599	-85.1
15:41:34.611	-83.3
15:41:34.620	-81.8
15:41:34.632	-79.5
15:41:34.644	-76.3
15:41:34.656	-74.6
15:41:34.664	-72.3
15:41:34.677	-69.4
15:41:34.689	-71.5
15:41:34.697	-71.8
15:41:34.710	-70.4
15:41:34.722	-67.9
15:41:34.730	-65.1
15:41:34.742	-65.2
15:41:34.755	-66.9
15:41:34.763	-66.5
15:41:34.775	-66.7
15:41:34.787	-66.2
15:41:34.796	-63.3
15:41:34.808	-61.4
15:41:34.820	-60.9
15:41:34.832	-61.5
15:41:34.841	-61.7
15:41:34.853	-60.6
15:41:34.865	-58.6
15:41:34.873	-57.5
15:41:34.886	-56.9
15:41:34.898	-55.9
15:41:34.906	-54.8
15:41:34.918	-57.3
15:41:34.931	-58.8
15:41:34.939	-56.5
15:41:34.951	-54.1
15:41:34.963	-53.5
15:41:34.976	-52.5
15:41:34.984	-52.6
15:41:34.996	-50.5
15:41:35.008	-50.6
15:41:35.016	-49.7
15:41:35.028	-48.5
15:41:35.041	-46.1
15:41:35.049	-45.5
15:41:35.061	-45.7
15:41:35.073	-43.2
15:41:35.086	-44.0
15:41:35.094	-42.9
15:41:35.106	-43.2
15:41:35.118	-41.5
15:41:35.127	-42.4
15:41:35.139	-40.4
15:41:35.151	-37.5
15:41:35.159	-38.1
15:41:35.172	-38.5
15:41:35.184	-39.1
15:41:35.192	-37.4
15:41:35.204	-34.9
15:41:35.217	-35.1
15:41:35.225	-33.3
15:41:35.237	-31.7
15:41:35.249	-29.9
15:41:35.262	-29.6
15:41:35.270	-27.7
15:41:35.282	-25.5
15:41:35.294	-23.3
15:41:35.303	-21.0
15:41:35.316	-20.4
15:41:35.328	-17.4
15:41:35.340	-16.7
15:41:35.349	-14.9
15:41:35.361	-14.4
15:41:35.373	-13.8
15:41:35.381	-12.8
15:41:35.394	-12.1
15:41:35.406	-13.7
15:41:35.414	-12.7
15:41:35.426	-11.7
15:41:35.439	-12.4
15:41:35.447	-11.6
15:41:35.459	-10.7
15:41:35.471	-10.3
15:41:35.480	-11.0
15:41:35.492	-11.2
15:41:35.504	-10.7
15:41:35.516	-9.2
15:41:35.525	-10.3
15:41:35.537	-12.0
15:41:35.549	-11.8
15:41:35.561	-12.2
15:41:35.570	-12.5
15:41:35.582	-13.0
15:41:35.594	-12.3
15:41:35.603	-12.6
15:41:35.615	-13.3
15:41:35.627	-13.9
15:41:35.639	-13.6
15:41:35.648	-11.3
15:41:35.660	-9.2
15:41:35.668	-8.8
15:41:35.680	-10.1
15:41:35.693	-11.0
15:41:35.705	-11.0
15:41:35.713	-9.8
15:41:35.725	-8.9
15:41:35.734	-8.1
15:41:35.746	-7.3
15:41:35.758	-8.9
15:41:35.770	-10.0
15:41:35.779	-11.2
15:41:35.791	-9.8
15:41:35.803	-8.9
15:41:35.815	-9.0
15:41:35.824	-10.3
15:41:35.836	-10.0
15:41:35.848	-11.8
15:41:35.856	-12.4
15:41:35.869	-11.7
15:41:35.881	-11.5
15:41:35.889	-10.7
15:41:35.901	-10.7
15:41:35.914	-10.0
15:41:35.926	-10.0
15:41:35.934	-8.5
15:41:35.946	-8.5
15:41:35.959	-6.2
15:41:35.967	-5.0
15:41:35.979	-5.8
15:41:35.991	-3.7
15:41:36.000	-4.5
15:41:36.012	-3.8
15:41:36.024	-3.9
15:41:36.033	-3.2
15:41:36.045	-3.2
15:41:36.057	-3.7
15:41:36.069	-3.6
15:41:36.077	-5.3
15:41:36.090	-3.6
15:41:36.102	-6.2
15:41:36.110	-4.9
15:41:36.123	-4.5
15:41:36.135	-5.5
15:41:36.143	-5.1
15:41:36.155	-3.8
15:41:36.168	-3.2
15:41:36.176	-3.7
15:41:36.188	-2.0
15:41:36.200	-2.9
15:41:36.208	-0.4
15:41:36.221	0.6
15:41:36.233	-0.6
15:41:36.245	1.0
15:41:36.254	1.6
15:41:36.266	1.6
15:41:36.278	1.9
15:41:36.286	2.3
15:41:36.299	3.9
15:41:36.311	4.9
15:41:36.323	3.6
15:41:36.331	4.9
15:41:36.344	6.0
15:41:36.356	7.6
15:41:36.364	7.3
15:41:36.376	7.0
15:41:36.389	8.2
15:41:36.397	9.9
15:41:36.409	7.8
15:41:36.421	7.4
15:41:36.430	7.9
15:41:36.442	6.9
15:41:36.454	6.2
15:41:36.462	4.4
15:41:36.475	4.6
15:41:36.487	4.9
15:41:36.499	3.8
15:41:36.508	2.7
15:41:36.520	2.4
15:41:36.532	1.7
15:41:36.540	1.7
15:41:36.553	1.6
15:41:36.565	1.4
15:41:36.577	2.2
15:41:36.585	1.6
15:41:36.598	0.2
15:41:36.610	3.8
15:41:36.618	5.2
15:41:36.630	7.3
15:41:36.643	6.5
15:41:36.651	7.2
15:41:36.663	7.2
15:41:36.675	8.3
15:41:36.684	8.1
15:41:36.696	11.0
15:41:36.708	12.0
15:41:36.716	8.9
15:41:36.729	8.8
15:41:36.741	7.4
15:41:36.753	8.8
15:41:36.761	9.0
15:41:36.774	7.6
15:41:36.786	7.6
15:41:36.794	9.2
15:41:36.806	8.6
15:41:36.819	9.4
15:41:36.827	11.2
15:41:36.839	10.4
15:41:36.852	13.1
15:41:36.860	15.8
15:41:36.872	17.1
15:41:36.884	20.8
15:41:36.897	22.4
15:41:36.905	22.0
15:41:36.917	22.9
15:41:36.929	25.1
15:41:36.938	26.3
15:41:36.950	30.4
15:41:36.962	32.4
15:41:36.970	34.1
15:41:36.983	36.3
15:41:36.995	37.6
15:41:37.007	40.0
15:41:37.015	44.1
15:41:37.028	45.3
15:41:37.040	46.7
15:41:37.048	47.5
15:41:37.061	46.9
15:41:37.073	46.3
15:41:37.081	46.3
15:41:37.093	47.0
15:41:37.106	48.7
15:41:37.114	50.5
15:41:37.126	53.7
15:41:37.138	57.8
15:41:37.147	61.1
15:41:37.159	66.3
15:41:37.171	68.2
15:41:37.183	72.5
15:41:37.192	75.1
15:41:37.204	77.0
15:41:37.216	81.2
15:41:37.224	85.0
15:41:37.237	86.2
15:41:37.249	88.8
15:41:37.261	91.1
15:41:37.269	92.0
15:41:37.282	96.4
15:41:37.294	100.2
15:41:37.306	103.0
15:41:37.314	105.4
15:41:37.327	104.9
15:41:37.339	104.7
15:41:37.347	106.9
15:41:37.359	107.1
15:41:37.372	107.9
15:41:37.380	107.0
15:41:37.393	106.2
15:41:37.405	102.5
15:41:37.413	101.4
15:41:37.425	101.2
15:41:37.437	100.7
15:41:37.445	99.5
15:41:37.457	95.6
15:41:37.469	94.8
15:41:37.478	90.9
15:41:37.490	90.7
15:41:37.502	88.4
15:41:37.511	87.9
15:41:37.523	87.2
15:41:37.535	84.4
15:41:37.547	83.5
15:41:37.560	83.3
15:41:37.568	83.3
15:41:37.580	81.4
15:41:37.592	81.5
15:41:37.601	78.7
15:41:37.613	80.7
15:41:37.625	80.2
15:41:37.633	78.0
15:41:37.646	79.3
15:41:37.658	80.1
15:41:37.666	85.4
15:41:37.678	89.6
15:41:37.691	95.1
15:41:37.699	102.2
15:41:37.711	111.3
15:41:37.723	118.8
15:41:37.736	125.2
15:41:37.744	135.9
15:41:37.756	145.0
15:41:37.769	152.7
15:41:37.777	155.4
15:41:37.789	162.5
15:41:37.801	166.8
15:41:37.809	168.7
15:41:37.822	169.9
15:41:37.834	168.2
15:41:37.846	170.8
15:41:37.855	170.6
15:41:37.867	169.8
15:41:37.879	169.6
15:41:37.887	170.7
15:41:37.900	166.9
15:41:37.912	166.8
15:41:37.920	167.0
15:41:37.932	168.0
15:41:37.945	170.4
15:41:37.953	170.7
15:41:37.965	171.2
15:41:37.977	173.2
15:41:37.990	174.5
15:41:37.998	175.6
15:41:38.010	178.8
15:41:38.022	180.0
15:41:38.031	181.8
15:41:38.043	182.9
15:41:38.055	183.5
15:41:38.063	186.8
15:41:38.076	185.3
15:41:38.088	185.0
15:41:38.096	185.0
15:41:38.108	184.3
15:41:38.121	185.8
15:41:38.129	185.5
15:41:38.141	186.4
15:41:38.153	187.2
15:41:38.166	188.9
15:41:38.174	190.1
15:41:38.186	195.2
15:41:38.198	197.0
15:41:38.207	200.8
15:41:38.219	203.1
15:41:38.231	202.7
15:41:38.244	202.8
15:41:38.252	205.5
15:41:38.264	206.0
15:41:38.276	203.4
15:41:38.284	198.2
15:41:38.297	195.3
15:41:38.309	192.5
15:41:38.318	188.4
15:41:38.330	187.4
15:41:38.342	184.9
15:41:38.350	184.7
15:41:38.362	180.2
15:41:38.375	180.9
15:41:38.383	180.9
15:41:38.395	183.0
15:41:38.407	182.8
15:41:38.420	183.0
15:41:38.428	184.4
15:41:38.440	184.6
15:41:38.452	184.8
15:41:38.461	183.9
15:41:38.473	184.7
15:41:38.485	181.6
15:41:38.497	180.1
15:41:38.506	180.4
15:41:38.518	182.7
15:41:38.530	184.1
15:41:38.538	181.6
15:41:38.551	179.9
15:41:38.563	179.7
15:41:38.571	178.3
15:41:38.583	177.6
15:41:38.596	176.2
15:41:38.604	176.4
15:41:38.616	175.3
15:41:38.628	173.2
15:41:38.637	172.3
15:41:38.649	171.9
15:41:38.661	170.3
15:41:38.673	169.7
15:41:38.682	169.2
15:41:38.694	167.6
15:41:38.706	167.6
15:41:38.714	168.0
15:41:38.727	166.8
15:41:38.739	166.0
15:41:38.747	167.4
15:41:38.759	168.2
15:41:38.772	168.2
15:41:38.780	168.3
15:41:38.792	169.0
15:41:38.805	170.2
15:41:38.817	169.6
15:41:38.825	169.2
15:41:38.837	170.8
15:41:38.850	172.2
15:41:38.858	170.3
15:41:38.870	170.7
15:41:38.882	170.2
15:41:38.891	169.3
15:41:38.903	170.3
15:41:38.915	169.6
15:41:38.927	170.9
15:41:38.936	172.7
15:41:38.948	174.6
15:41:38.960	176.3
15:41:38.968	178.8
15:41:38.981	182.5
15:41:38.993	185.9
15:41:39.001	187.2
15:41:39.013	188.4
15:41:39.026	189.8
15:41:39.034	191.7
15:41:39.046	192.7
15:41:39.058	191.1
15:41:39.067	190.6
15:41:39.079	189.7
15:41:39.091	186.5
15:41:39.103	188.2
15:41:39.112	189.2
15:41:39.124	189.4
15:41:39.136	188.0
15:41:39.144	185.9
15:41:39.157	184.4
15:41:39.169	184.5
15:41:39.181	181.9
15:41:39.189	180.1
15:41:39.202	178.0
15:41:39.214	170.4
15:41:39.222	166.2
15:41:39.236	160.5
15:41:39.248	156.6
15:41:39.260	151.2
15:41:39.268	146.8
15:41:39.281	138.0
15:41:39.293	132.2
15:41:39.301	123.4
15:41:39.313	115.5
15:41:39.325	110.8
15:41:39.334	103.5
15:41:39.346	97.7
15:41:39.358	91.4
15:41:39.367	85.4
15:41:39.379	77.5
15:41:39.391	74.2
15:41:39.399	70.5
15:41:39.412	65.9
15:41:39.424	62.0
15:41:39.432	57.6
15:41:39.444	55.9
15:41:39.457	51.7
15:41:39.469	48.8
15:41:39.481	46.7
15:41:39.489	45.1
15:41:39.502	42.5
15:41:39.514	37.7
15:41:39.522	36.6
15:41:39.534	34.3
15:41:39.547	32.8
15:41:39.555	29.8
15:41:39.567	28.5
15:41:39.579	26.2
15:41:39.588	23.2
15:41:39.600	21.4
15:41:39.612	18.0
15:41:39.621	10.0
15:41:39.633	1.0
15:41:39.645	-8.1
15:41:39.657	-18.7
15:41:39.665	-28.9
15:41:39.678	-41.3
15:41:39.690	-51.8
15:41:39.698	-63.1
15:41:39.711	-73.0
15:41:39.723	-82.1
15:41:39.731	-85.8
15:41:39.743	-88.4
15:41:39.756	-90.3
15:41:39.768	-93.3
15:41:39.776	-96.4
15:41:39.788	-96.3
15:41:39.801	-98.2
15:41:39.809	-98.0
15:41:39.821	-101.4
15:41:39.833	-103.2
15:41:39.842	-105.2
15:41:39.854	-106.9
15:41:39.866	-108.4
15:41:39.874	-107.9
15:41:39.887	-109.2
15:41:39.899	-109.5
15:41:39.911	-108.8
15:41:39.919	-110.2
15:41:39.932	-109.0
15:41:39.944	-110.7
15:41:39.952	-112.1
15:41:39.964	-113.2
15:41:39.977	-115.4
15:41:39.985	-116.7
15:41:39.997	-117.0
15:41:40.009	-119.0
15:41:40.017	-122.7
15:41:40.029	-123.8
15:41:40.041	-127.5
15:41:40.050	-129.8
15:41:40.062	-131.6
15:41:40.074	-133.4
15:41:40.086	-134.8
15:41:40.095	-138.6
15:41:40.107	-139.8
15:41:40.119	-140.9
15:41:40.127	-138.6
15:41:40.140	-137.6
15:41:40.152	-137.8
15:41:40.164	-136.2
15:41:40.172	-135.1
15:41:40.185	-133.8
15:41:40.197	-133.4
15:41:40.205	-131.6
15:41:40.218	-134.1
15:41:40.230	-136.9
15:41:40.238	-139.6
15:41:40.250	-144.1
15:41:40.263	-145.1
15:41:40.271	-149.1
15:41:40.283	-150.9
15:41:40.296	-151.4
15:41:40.304	-151.8
15:41:40.316	-152.0
15:41:40.328	-151.7
15:41:40.341	-150.9
15:41:40.349	-151.4
15:41:40.361	-150.4
15:41:40.373	-150.9
15:41:40.381	-150.4
15:41:40.394	-152.4
15:41:40.406	-155.9
15:41:40.418	-160.3
15:41:40.427	-163.3
15:41:40.439	-165.1
15:41:40.451	-163.7
15:41:40.459	-165.8
15:41:40.472	-166.5
15:41:40.484	-166.7
15:41:40.492	-166.6
15:41:40.504	-167.1
15:41:40.517	-166.9
15:41:40.525	-164.7
15:41:40.537	-165.3
15:41:40.549	-162.2
15:41:40.558	-163.9
15:41:40.570	-163.8
15:41:40.582	-164.2
15:41:40.594	-164.9
15:41:40.603	-165.4
15:41:40.615	-164.3
15:41:40.627	-163.1
15:41:40.635	-164.2
15:41:40.648	-164.4
15:41:40.660	-166.4
15:41:40.668	-167.5
15:41:40.680	-167.2
15:41:40.693	-166.0
15:41:40.701	-164.6
15:41:40.713	-161.9
15:41:40.725	-160.3
15:41:40.738	-161.3
15:41:40.746	-158.9
15:41:40.758	-155.8
15:41:40.771	-152.2
15:41:40.779	-149.6
15:41:40.791	-146.5
15:41:40.803	-146.5
15:41:40.811	-145.0
15:41:40.824	-144.9
15:41:40.836	-143.6
15:41:40.848	-141.1
15:41:40.857	-140.4
15:41:40.869	-138.9
15:41:40.881	-137.2
15:41:40.889	-135.3
15:41:40.902	-134.1
15:41:40.914	-131.7
15:41:40.922	-131.8
15:41:40.934	-129.5
15:41:40.947	-129.2
15:41:40.955	-128.6
15:41:40.967	-125.5
15:41:40.979	-123.2
15:41:40.988	-122.9
15:41:41.000	-121.4
15:41:41.012	-118.3
15:41:41.025	-117.6
15:41:41.033	-114.9
15:41:41.045	-112.9
15:41:41.057	-110.6
15:41:41.066	-107.9
15:41:41.078	-108.0
15:41:41.090	-106.1
15:41:41.102	-105.2
15:41:41.111	-102.6
15:41:41.123	-101.7
15:41:41.135	-97.6
15:41:41.143	-96.0
15:41:41.156	-94.7
15:41:41.168	-92.7
15:41:41.176	-91.8
15:41:41.188	-89.1
15:41:41.201	-89.4
15:41:41.209	-87.7
15:41:41.221	-85.8
15:41:41.234	-85.6
15:41:41.242	-84.8
15:41:41.254	-83.3
15:41:41.266	-81.5
15:41:41.278	-80.3
15:41:41.287	-77.7
15:41:41.299	-75.8
15:41:41.311	-71.8
15:41:41.319	-68.6
15:41:41.332	-67.1
15:41:41.344	-64.9
15:41:41.352	-61.4
15:41:41.365	-59.6
15:41:41.377	-56.8
15:41:41.389	-54.4
15:41:41.397	-53.3
15:41:41.410	-50.8
15:41:41.422	-49.9
15:41:41.434	-47.4
15:41:41.442	-47.2
15:41:41.455	-46.0
15:41:41.467	-45.8
15:41:41.475	-44.3
15:41:41.487	-44.9
15:41:41.500	-43.6
15:41:41.508	-42.8
15:41:41.520	-43.1
15:41:41.532	-40.3
15:41:41.541	-39.8
15:41:41.553	-35.1
15:41:41.565	-32.4
15:41:41.577	-31.2
15:41:41.586	-28.6
15:41:41.598	-25.2
15:41:41.610	-22.8
15:41:41.618	-17.7
15:41:41.631	-14.6
15:41:41.643	-13.3
15:41:41.651	-10.0
15:41:41.663	-6.7
15:41:41.676	-3.9
15:41:41.688	-1.1
15:41:41.696	0.8
15:41:41.708	1.4
15:41:41.721	3.0
15:41:41.729	4.4
15:41:41.741	5.9
15:41:41.753	7.5
15:41:41.762	7.9
15:41:41.774	5.2
15:41:41.786	6.3
15:41:41.794	7.4
15:41:41.807	8.3
15:41:41.819	8.9
15:41:41.831	10.8
15:41:41.839	9.2
15:41:41.852	9.3
15:41:41.864	9.4
15:41:41.873	9.1
15:41:41.885	8.7
15:41:41.897	5.9
15:41:41.905	3.9
15:41:41.918	3.0
15:41:41.930	4.0
15:41:41.938	2.8
15:41:41.951	3.6
15:41:41.963	3.4
15:41:41.971	3.5
15:41:41.983	2.4
15:41:41.996	4.2
15:41:42.008	5.0
15:41:42.016	7.3
15:41:42.028	8.0
15:41:42.041	7.5
15:41:42.049	7.5
15:41:42.061	6.3
15:41:42.073	9.7
15:41:42.086	7.4
15:41:42.094	6.1
15:41:42.106	4.8
15:41:42.118	4.8
15:41:42.127	3.2
15:41:42.139	2.9
15:41:42.151	3.0
15:41:42.159	2.4
15:41:42.172	5.5
15:41:42.184	2.6
15:41:42.192	5.1
15:41:42.204	6.7
15:41:42.217	6.3
15:41:42.225	6.2
15:41:42.237	5.9
15:41:42.249	6.4
15:41:42.262	6.3
15:41:42.270	6.6
15:41:42.282	3.6
15:41:42.294	3.4
15:41:42.303	0.8
15:41:42.315	-1.1
15:41:42.327	-1.0
15:41:42.339	-1.7
15:41:42.348	-2.6
15:41:42.360	-2.9
15:41:42.372	-2.8
15:41:42.380	-1.6
15:41:42.393	-0.8
15:41:42.405	-1.8
15:41:42.413	-0.7
15:41:42.425	1.2
15:41:42.438	2.7
15:41:42.446	4.6
15:41:42.458	6.2
15:41:42.471	6.4
15:41:42.479	6.1
15:41:42.491	4.6
15:41:42.503	3.5
15:41:42.516	5.3
15:41:42.524	4.1
15:41:42.536	4.0
15:41:42.548	2.2
15:41:42.557	2.1
15:41:42.569	1.7
15:41:42.581	2.0
15:41:42.589	1.4
15:41:42.602	1.8
15:41:42.614	3.0
15:41:42.622	2.3
15:41:42.634	2.3
15:41:42.647	1.5
15:41:42.659	0.7
15:41:42.667	-0.1
15:41:42.680	0.8
15:41:42.692	0.6
15:41:42.700	0.2
15:41:42.712	-1.0
15:41:42.725	-2.6
15:41:42.733	-3.4
15:41:42.745	-3.0
15:41:42.757	-2.9
15:41:42.770	-2.4
15:41:42.778	-3.1
15:41:42.790	-6.4
15:41:42.802	-8.1
15:41:42.811	-7.1
15:41:42.823	-7.9
15:41:42.835	-8.6
15:41:42.843	-9.8
15:41:42.856	-10.0
15:41:42.868	-10.1
15:41:42.876	-12.3
15:41:42.888	-10.7
15:41:42.901	-9.6
15:41:42.909	-8.1
15:41:42.921	-8.7
15:41:42.934	-8.5
15:41:42.946	-7.3
15:41:42.954	-6.5
15:41:42.966	-8.1
15:41:42.978	-7.3
15:41:42.987	-3.8
15:41:42.999	-3.9
15:41:43.011	-2.4
15:41:43.024	-3.2
15:41:43.032	-3.4
15:41:43.044	-3.5
15:41:43.056	-2.0
15:41:43.064	-1.7
15:41:43.077	-1.1
15:41:43.089	-3.5
15:41:43.097	-3.3
15:41:43.110	-4.3
15:41:43.122	-3.0
15:41:43.130	-0.9
15:41:43.142	1.7
15:41:43.155	3.3
15:41:43.163	2.9
15:41:43.175	4.3
15:41:43.187	5.7
15:41:43.200	8.1
15:41:43.208	7.3
15:41:43.220	10.9
15:41:43.232	12.6
15:41:43.241	13.5
15:41:43.253	16.0
15:41:43.265	24.2
15:41:43.273	30.8
15:41:43.286	37.1
15:41:43.298	44.8
15:41:43.310	52.3
15:41:43.318	59.6
15:41:43.331	65.8
15:41:43.343	71.8
15:41:43.351	79.2
15:41:43.364	81.6
15:41:43.376	82.8
15:41:43.384	83.5
15:41:43.396	87.6
15:41:43.408	87.9
15:41:43.421	88.4
15:41:43.429	88.0
15:41:43.441	87.0
15:41:43.453	86.9
15:41:43.462	85.9
15:41:43.474	88.8
15:41:43.486	86.5
15:41:43.498	87.1
15:41:43.507	84.3
15:41:43.519	87.9
15:41:43.531	88.4
15:41:43.539	89.6
15:41:43.552	90.9
15:41:43.564	92.5
15:41:43.572	93.7
15:41:43.584	95.2
15:41:43.597	100.0
15:41:43.609	103.4
15:41:43.617	106.4
15:41:43.630	107.6
15:41:43.642	110.5
15:41:43.650	114.6
15:41:43.662	117.2
15:41:43.675	117.4
15:41:43.683	117.3
15:41:43.695	121.6
15:41:43.707	121.2
15:41:43.716	123.2
15:41:43.728	122.3
15:41:43.740	121.9
15:41:43.752	121.2
15:41:43.761	122.8
15:41:43.773	124.0
15:41:43.785	126.7
15:41:43.793	129.3
15:41:43.806	125.9
15:41:43.818	127.1
15:41:43.826	125.5
15:41:43.839	129.7
15:41:43.851	130.8
15:41:43.859	132.9
15:41:43.871	132.3
15:41:43.883	133.6
15:41:43.892	135.1
15:41:43.904	136.0
15:41:43.916	139.1
15:41:43.928	140.6
15:41:43.937	141.1
15:41:43.949	140.8
15:41:43.961	143.2
15:41:43.969	145.0
15:41:43.982	146.1
15:41:43.994	146.6
15:41:44.006	145.3
15:41:44.014	147.0
15:41:44.027	144.9
15:41:44.039	144.2
15:41:44.047	146.4
15:41:44.059	145.9
15:41:44.072	145.4
15:41:44.080	145.4
15:41:44.092	147.8
15:41:44.105	147.6
15:41:44.113	149.8
15:41:44.125	149.7
15:41:44.137	149.9
15:41:44.145	151.3
15:41:44.158	149.6
15:41:44.170	151.0
15:41:44.182	152.6
15:41:44.191	158.6
15:41:44.203	163.1
15:41:44.215	168.3
15:41:44.223	174.9
15:41:44.236	183.4
15:41:44.248	195.9
15:41:44.260	207.9
15:41:44.268	221.9
15:41:44.281	234.6
15:41:44.293	247.7
15:41:44.301	255.5
15:41:44.313	265.2
15:41:44.326	272.1
15:41:44.334	279.5
15:41:44.346	284.9
15:41:44.358	290.6
15:41:44.367	297.4
15:41:44.379	309.4
15:41:44.391	328.2
15:41:44.399	353.4
15:41:44.412	389.0
15:41:44.424	430.1
15:41:44.436	489.3
15:41:44.445	556.4
15:41:44.457	630.4
15:41:44.469	704.3
15:41:44.477	775.1
15:41:44.490	842.1
15:41:44.502	900.1
15:41:44.510	951.5
15:41:44.522	991.2
15:41:44.535	1023.2
15:41:44.543	1040.6
15:41:44.555	1043.8
15:41:44.568	1038.9
15:41:44.580	1029.6
15:41:44.588	1019.1
15:41:44.600	1006.0
15:41:44.613	993.8
15:41:44.621	979.1
15:41:44.633	965.0
15:41:44.646	947.6
15:41:44.654	930.7
15:41:44.666	917.0
15:41:44.678	901.8
15:41:44.690	889.8
15:41:44.699	874.5
15:41:44.711	859.6
15:41:44.723	846.6
15:41:44.731	832.8
15:41:44.744	817.1
15:41:44.756	802.1
15:41:44.764	784.1
15:41:44.776	765.0
15:41:44.789	746.1
15:41:44.797	719.3
15:41:44.809	689.8
15:41:44.821	656.7
15:41:44.830	620.0
15:41:44.842	583.1
15:41:44.854	548.8
15:41:44.866	511.9
15:41:44.875	477.1
15:41:44.887	442.2
15:41:44.899	408.2
15:41:44.907	379.2
15:41:44.920	357.9
15:41:44.932	338.3
15:41:44.944	320.1
15:41:44.952	303.4
15:41:44.965	286.0
15:41:44.977	271.0
15:41:44.985	256.2
15:41:44.997	241.6
15:41:45.010	227.3
15:41:45.018	213.5
15:41:45.030	197.9
15:41:45.043	180.7
15:41:45.051	156.8
15:41:45.063	131.7
15:41:45.075	108.1
15:41:45.083	84.4
15:41:45.096	57.4
15:41:45.108	24.6
15:41:45.120	-8.7
15:41:45.129	-41.6
15:41:45.141	-72.1
15:41:45.153	-98.8
15:41:45.165	-118.5
15:41:45.174	-137.7
15:41:45.186	-156.9
15:41:45.198	-174.4
15:41:45.206	-186.5
15:41:45.219	-191.0
15:41:45.231	-194.3
15:41:45.243	-195.6
15:41:45.251	-194.9
15:41:45.264	-196.2
15:41:45.276	-196.0
15:41:45.284	-195.3
15:41:45.297	-194.6
15:41:45.309	-191.3
15:41:45.317	-191.3
15:41:45.329	-193.1
15:41:45.342	-199.9
15:41:45.350	-210.1
15:41:45.362	-223.7
15:41:45.374	-232.9
15:41:45.383	-243.1
15:41:45.395	-249.0
15:41:45.407	-258.7
15:41:45.419	-269.4
15:41:45.428	-277.9
15:41:45.440	-281.0
15:41:45.452	-280.5
15:41:45.460	-276.9
15:41:45.473	-271.3
15:41:45.485	-269.0
15:41:45.493	-266.2
15:41:45.505	-265.2
15:41:45.518	-259.6
15:41:45.530	-254.5
15:41:45.538	-251.0
15:41:45.551	-250.1
15:41:45.563	-245.4
15:41:45.571	-239.3
15:41:45.583	-238.1
15:41:45.596	-234.3
15:41:45.604	-232.0
15:41:45.616	-231.1
15:41:45.628	-231.0
15:41:45.637	-230.8
15:41:45.649	-228.6
15:41:45.661	-227.7
15:41:45.673	-225.9
15:41:45.682	-228.7
15:41:45.694	-225.8
15:41:45.706	-224.7
15:41:45.714	-221.2
15:41:45.727	-219.0
15:41:45.739	-213.1
15:41:45.747	-212.1
15:41:45.759	-213.4
15:41:45.772	-220.2
15:41:45.780	-229.4
15:41:45.792	-234.7
15:41:45.804	-242.2
15:41:45.813	-248.4
15:41:45.825	-255.8
15:41:45.837	-265.8
15:41:45.849	-279.2
15:41:45.858	-288.3
15:41:45.870	-294.5
15:41:45.882	-296.0
15:41:45.890	-297.6
15:41:45.903	-301.2
15:41:45.915	-302.9
15:41:45.927	-307.6
15:41:45.935	-309.9
15:41:45.948	-309.1
15:41:45.960	-308.6
15:41:45.968	-306.9
15:41:45.980	-307.3
15:41:45.993	-306.4
15:41:46.001	-303.3
15:41:46.013	-299.9
15:41:46.025	-296.7
15:41:46.034	-291.5
15:41:46.046	-287.9
15:41:46.058	-282.9
15:41:46.066	-277.9
15:41:46.079	-272.5
15:41:46.091	-267.0
15:41:46.103	-262.0
15:41:46.111	-257.3
15:41:46.124	-252.7
15:41:46.136	-248.9
15:41:46.144	-244.3
15:41:46.157	-239.1
15:41:46.169	-236.5
15:41:46.181	-232.6
15:41:46.189	-229.8
15:41:46.202	-226.2
15:41:46.214	-222.2
15:41:46.222	-220.5
15:41:46.234	-217.0
15:41:46.247	-212.0
15:41:46.255	-210.3
15:41:46.267	-207.8
15:41:46.279	-204.3
15:41:46.288	-201.3
15:41:46.300	-199.4
15:41:46.312	-196.0
15:41:46.320	-192.9
15:41:46.333	-188.8
15:41:46.345	-186.0
15:41:46.358	-184.0
15:41:46.365	-179.5
15:41:46.378	-178.6
15:41:46.390	-175.5
15:41:46.398	-174.6
15:41:46.410	-170.6
15:41:46.423	-169.6
15:41:46.431	-167.8
15:41:46.443	-167.0
15:41:46.455	-164.8
15:41:46.464	-163.2
15:41:46.476	-162.3
15:41:46.488	-159.5
15:41:46.501	-158.3
15:41:46.509	-154.9
15:41:46.521	-154.3
15:41:46.533	-150.9
15:41:46.541	-147.9
15:41:46.554	-143.6
15:41:46.566	-143.0
15:41:46.574	-141.8
15:41:46.587	-139.7
15:41:46.599	-140.1
15:41:46.611	-137.9
15:41:46.619	-137.0
15:41:46.632	-134.8
15:41:46.644	-133.9
15:41:46.652	-132.2
15:41:46.664	-131.5
15:41:46.677	-129.2
15:41:46.685	-128.1
15:41:46.697	-126.1
15:41:46.709	-122.2
15:41:46.718	-120.9
15:41:46.730	-118.4
15:41:46.742	-117.9
15:41:46.750	-112.7
15:41:46.763	-111.4
15:41:46.775	-111.4
15:41:46.787	-109.6
15:41:46.795	-108.3
15:41:46.808	-106.3
15:41:46.820	-103.9
15:41:46.828	-101.8
15:41:46.840	-99.6
15:41:46.853	-95.3
15:41:46.865	-95.3
15:41:46.873	-94.0
15:41:46.885	-89.1
15:41:46.898	-85.2
15:41:46.906	-81.2
15:41:46.918	-79.3
15:41:46.930	-77.3
15:41:46.939	-75.0
15:41:46.951	-73.4
15:41:46.964	-72.1
15:41:46.971	-70.5
15:41:46.984	-68.0
15:41:46.996	-66.1
15:41:47.004	-64.6
15:41:47.016	-62.5
15:41:47.029	-60.4
15:41:47.041	-58.4
15:41:47.049	-56.2
15:41:47.062	-55.3
15:41:47.074	-53.9
15:41:47.082	-53.4
15:41:47.095	-52.6
15:41:47.107	-53.4
15:41:47.115	-51.4
15:41:47.127	-51.0
15:41:47.139	-49.4
15:41:47.152	-48.0
15:41:47.160	-45.4
15:41:47.172	-44.2
15:41:47.185	-41.5
15:41:47.193	-36.0
15:41:47.205	-34.0
15:41:47.217	-32.3
15:41:47.225	-32.1
15:41:47.238	-29.6
15:41:47.250	-28.6
15:41:47.258	-26.5
15:41:47.271	-26.2
15:41:47.283	-24.7
15:41:47.295	-25.1
15:41:47.303	-26.0
15:41:47.316	-24.0
15:41:47.328	-21.6
15:41:47.340	-21.4
15:41:47.348	-21.5
15:41:47.361	-20.5
15:41:47.373	-21.3
15:41:47.381	-22.1
15:41:47.393	-20.1
15:41:47.406	-18.9
15:41:47.414	-19.5
15:41:47.426	-21.8
15:41:47.438	-21.6
15:41:47.451	-20.9
15:41:47.459	-21.5
15:41:47.471	-21.5
15:41:47.483	-21.2
15:41:47.492	-18.6
15:41:47.504	-18.6
15:41:47.516	-17.4
15:41:47.524	-17.8
15:41:47.537	-16.8
15:41:47.549	-16.6
15:41:47.557	-16.3
15:41:47.569	-16.0
15:41:47.582	-16.2
15:41:47.594	-16.8
15:41:47.602	-18.6
15:41:47.614	-18.8
15:41:47.627	-19.1
15:41:47.635	-18.8
15:41:47.647	-17.8
15:41:47.660	-18.7
15:41:47.668	-18.8
15:41:47.680	-17.8
15:41:47.692	-17.0
15:41:47.701	-16.0
15:41:47.713	-14.6
15:41:47.725	-11.9
15:41:47.733	-11.0
15:41:47.746	-8.2
15:41:47.758	-3.2
15:41:47.770	0.4
15:41:47.778	4.3
15:41:47.791	9.1
15:41:47.803	14.2
15:41:47.811	21.6
15:41:47.823	25.7
15:41:47.836	28.7
15:41:47.848	30.6
15:41:47.856	32.6
15:41:47.868	33.3
15:41:47.881	33.2
15:41:47.889	34.3
15:41:47.901	31.4
15:41:47.913	30.0
15:41:47.922	26.2
15:41:47.934	27.5
15:41:47.946	25.5
15:41:47.954	25.0
15:41:47.967	23.7
15:41:47.979	22.3
15:41:47.987	22.5
15:41:47.999	20.8
15:41:48.012	22.7
15:41:48.024	21.1
15:41:48.032	19.9
15:41:48.044	16.1
15:41:48.057	15.4
15:41:48.065	14.7
15:41:48.077	13.7
15:41:48.089	11.3
15:41:48.102	10.4
15:41:48.110	9.4
15:41:48.122	9.6
15:41:48.135	11.1
15:41:48.143	11.8
15:41:48.155	12.8
15:41:48.167	13.5
15:41:48.176	15.1
15:41:48.188	16.4
15:41:48.200	19.1
15:41:48.208	20.7
15:41:48.221	22.8
15:41:48.233	23.5
15:41:48.241	24.7
15:41:48.253	29.1
15:41:48.266	32.0
15:41:48.278	38.0
15:41:48.286	43.4
15:41:48.298	48.8
15:41:48.311	54.0
15:41:48.320	59.7
15:41:48.332	65.0
15:41:48.344	69.2
15:41:48.353	73.3
15:41:48.365	75.7
15:41:48.377	79.8
15:41:48.385	80.5
15:41:48.398	81.6
15:41:48.410	82.0
15:41:48.422	82.8
15:41:48.430	83.9
15:41:48.443	84.4
15:41:48.455	87.1
15:41:48.463	89.2
15:41:48.475	89.6
15:41:48.488	88.8
15:41:48.496	90.5
15:41:48.508	91.2
15:41:48.520	93.9
15:41:48.533	96.3
15:41:48.541	98.0
15:41:48.553	101.2
15:41:48.566	102.5
15:41:48.574	105.1
15:41:48.586	108.1
15:41:48.598	111.1
15:41:48.606	112.6
15:41:48.619	114.9
15:41:48.631	116.3
15:41:48.639	118.4
15:41:48.651	120.2
15:41:48.664	123.4
15:41:48.672	125.3
15:41:48.684	126.3
15:41:48.697	130.2
15:41:48.708	131.0
15:41:48.716	131.9
15:41:48.728	134.4
15:41:48.741	138.1
15:41:48.749	137.8
15:41:48.761	140.4
15:41:48.774	140.7
15:41:48.786	141.9
15:41:48.794	145.5
15:41:48.806	143.3
15:41:48.819	145.2
15:41:48.827	147.4
15:41:48.839	147.0
15:41:48.851	145.2
15:41:48.859	145.9
15:41:48.872	145.0
15:41:48.884	142.6
15:41:48.892	144.0
15:41:48.905	139.9
15:41:48.917	140.0
15:41:48.926	139.5
15:41:48.938	137.6
15:41:48.950	137.2
15:41:48.963	136.7
15:41:48.970	135.9
15:41:48.983	134.8
15:41:48.996	135.8
15:41:49.004	133.6
15:41:49.016	133.7
15:41:49.028	132.7
15:41:49.037	130.4
15:41:49.049	130.1
15:41:49.061	129.7
15:41:49.073	129.1
15:41:49.086	129.5
15:41:49.094	131.4
15:41:49.106	140.4
15:41:49.118	151.8
15:41:49.127	161.9
15:41:49.139	171.9
15:41:49.151	181.4
15:41:49.159	191.7
15:41:49.172	201.0
15:41:49.184	211.3
15:41:49.192	219.7
15:41:49.204	226.2
15:41:49.217	225.2
15:41:49.225	223.0
15:41:49.237	221.3
15:41:49.249	219.9
15:41:49.262	219.6
15:41:49.270	218.1
15:41:49.282	217.9
15:41:49.295	214.3
15:41:49.303	215.6
15:41:49.315	215.4
15:41:49.327	215.2
15:41:49.336	213.1
15:41:49.348	211.5
15:41:49.360	211.8
15:41:49.372	211.0
15:41:49.381	210.2
15:41:49.393	205.5
15:41:49.405	205.4
15:41:49.413	200.3
15:41:49.426	197.5
15:41:49.438	194.4
15:41:49.446	190.6
15:41:49.458	186.9
15:41:49.471	182.3
15:41:49.479	179.3
15:41:49.491	173.8
15:41:49.503	171.4
15:41:49.516	166.0
15:41:49.524	161.6
15:41:49.536	157.8
15:41:49.548	153.0
15:41:49.557	149.3
15:41:49.569	144.2
15:41:49.581	137.1
15:41:49.589	129.4
15:41:49.602	123.9
15:41:49.614	118.4
15:41:49.622	112.5
15:41:49.634	107.9
15:41:49.647	100.3
15:41:49.655	94.2
15:41:49.667	87.7
15:41:49.680	82.9
15:41:49.692	80.2
15:41:49.700	75.8
15:41:49.712	71.6
15:41:49.725	66.5
15:41:49.733	60.5
15:41:49.745	55.0
15:41:49.757	52.0
15:41:49.770	45.6
15:41:49.778	37.7
15:41:49.789	32.2
15:41:49.802	24.2
15:41:49.810	17.6
15:41:49.822	8.8
15:41:49.834	0.1
15:41:49.842	-6.4
15:41:49.855	-13.0
15:41:49.867	-19.7
15:41:49.875	-22.9
15:41:49.888	-27.7
15:41:49.900	-35.6
15:41:49.908	-43.8
15:41:49.920	-52.1
15:41:49.933	-61.9
15:41:49.945	-72.4
15:41:49.953	-80.5
15:41:49.965	-92.4
15:41:49.978	-105.1
15:41:49.986	-119.8
15:41:49.998	-130.6
15:41:50.010	-139.1
15:41:50.023	-145.4
15:41:50.031	-150.6
15:41:50.043	-153.5
15:41:50.055	-153.7
15:41:50.064	-156.8
15:41:50.076	-153.7
15:41:50.088	-153.0
15:41:50.096	-152.6
15:41:50.109	-152.1
15:41:50.121	-151.1
15:41:50.130	-151.3
15:41:50.141	-151.1
15:41:50.154	-149.4
15:41:50.162	-149.5
15:41:50.174	-150.2
15:41:50.186	-152.0
15:41:50.199	-151.3
15:41:50.207	-149.6
15:41:50.220	-148.1
15:41:50.232	-148.4
15:41:50.241	-149.7
15:41:50.253	-152.4
15:41:50.265	-157.1
15:41:50.274	-160.2
15:41:50.286	-161.8
15:41:50.298	-166.6
15:41:50.306	-171.6
15:41:50.319	-172.5
15:41:50.331	-177.7
15:41:50.343	-183.3
15:41:50.351	-185.6
15:41:50.364	-186.7
15:41:50.376	-187.0
15:41:50.384	-188.4
15:41:50.396	-190.2
15:41:50.408	-193.6
15:41:50.416	-195.4
15:41:50.428	-199.4
15:41:50.441	-202.1
15:41:50.453	-201.4
15:41:50.461	-203.2
15:41:50.473	-204.1
15:41:50.486	-205.8
15:41:50.494	-205.7
15:41:50.506	-207.0
15:41:50.518	-203.0
15:41:50.527	-202.4
15:41:50.539	-204.3
15:41:50.551	-201.4
15:41:50.559	-202.6
15:41:50.572	-201.2
15:41:50.584	-201.8
15:41:50.592	-201.3
15:41:50.604	-202.8
15:41:50.617	-201.7
15:41:50.629	-205.1
15:41:50.637	-207.1
15:41:50.649	-207.2
15:41:50.662	-209.0
15:41:50.670	-208.4
15:41:50.682	-208.3
15:41:50.694	-208.0
15:41:50.707	-207.6
15:41:50.715	-207.8
15:41:50.727	-209.4
15:41:50.740	-210.2
15:41:50.748	-209.6
15:41:50.760	-208.3
15:41:50.772	-208.5
15:41:50.781	-210.0
15:41:50.793	-210.9
15:41:50.805	-211.7
15:41:50.813	-213.0
15:41:50.825	-212.7
15:41:50.838	-214.0
15:41:50.846	-214.5
15:41:50.858	-215.5
15:41:50.871	-217.7
15:41:50.883	-217.3
15:41:50.891	-218.6
15:41:50.903	-221.0
15:41:50.916	-219.5
15:41:50.924	-218.2
15:41:50.936	-217.4
15:41:50.948	-215.0
15:41:50.957	-212.7
15:41:50.969	-209.5
15:41:50.981	-206.6
15:41:50.993	-204.9
15:41:51.006	-198.0
15:41:51.014	-194.3
15:41:51.026	-193.1
15:41:51.038	-192.3
15:41:51.047	-190.6
15:41:51.059	-188.4
15:41:51.071	-184.9
15:41:51.079	-180.7
15:41:51.092	-179.6
15:41:51.104	-178.2
15:41:51.112	-178.5
15:41:51.124	-175.4
15:41:51.137	-173.0
15:41:51.145	-169.9
15:41:51.157	-167.4
15:41:51.169	-164.6
15:41:51.182	-163.5
15:41:51.190	-164.4
15:41:51.202	-161.5
15:41:51.214	-157.7
15:41:51.223	-156.5
15:41:51.235	-154.5
15:41:51.247	-152.8
15:41:51.255	-150.7
15:41:51.268	-148.2
15:41:51.280	-147.0
15:41:51.293	-146.4
15:41:51.302	-145.1
15:41:51.314	-141.4
15:41:51.326	-141.0
15:41:51.334	-135.9
15:41:51.347	-132.2
15:41:51.359	-129.0
15:41:51.367	-126.9
15:41:51.379	-125.3
15:41:51.392	-124.3
15:41:51.400	-121.9
15:41:51.412	-119.7
15:41:51.424	-117.7
15:41:51.437	-114.0
15:41:51.445	-115.2
15:41:51.457	-113.4
15:41:51.469	-112.9
15:41:51.478	-108.8
15:41:51.490	-108.8
15:41:51.502	-107.2
15:41:51.510	-104.8
15:41:51.523	-103.0
15:41:51.535	-102.6
15:41:51.543	-103.3
15:41:51.555	-100.1
15:41:51.568	-100.9
15:41:51.576	-99.8
15:41:51.588	-102.2
15:41:51.600	-98.6
15:41:51.613	-94.3
15:41:51.621	-90.9
15:41:51.633	-87.4
15:41:51.645	-85.5
15:41:51.654	-82.0
15:41:51.666	-81.0
15:41:51.678	-76.9
15:41:51.690	-74.6
15:41:51.699	-70.6
15:41:51.711	-68.2
15:41:51.723	-68.2
15:41:51.732	-66.7
15:41:51.744	-65.8
15:41:51.756	-64.7
15:41:51.764	-62.0
15:41:51.776	-59.1
15:41:51.789	-58.8
15:41:51.797	-57.2
15:41:51.809	-57.1
15:41:51.822	-56.9
15:41:51.830	-52.5
15:41:51.842	-49.9
15:41:51.854	-45.5
15:41:51.867	-43.3
15:41:51.875	-41.6
15:41:51.887	-39.4
15:41:51.899	-36.0
15:41:51.907	-31.8
15:41:51.919	-26.9
15:41:51.931	-23.4
15:41:51.944	-21.8
15:41:51.952	-20.2
15:41:51.964	-18.2
15:41:51.976	-14.4
15:41:51.985	-12.8
15:41:51.997	-10.5
15:41:52.009	-7.8
15:41:52.017	-6.6
15:41:52.030	-5.7
15:41:52.042	-2.9
15:41:52.050	-2.0
15:41:52.062	-1.7
15:41:52.075	-2.0
15:41:52.083	-1.8
15:41:52.095	0.7
15:41:52.107	0.6
15:41:52.120	-0.8
15:41:52.128	-0.1
15:41:52.140	1.5
15:41:52.152	1.7
15:41:52.161	1.8
15:41:52.173	2.7
15:41:52.185	3.2
15:41:52.193	3.8
15:41:52.206	4.5
15:41:52.218	5.6
15:41:52.226	7.0
15:41:52.238	6.0
15:41:52.251	7.9
15:41:52.263	8.3
15:41:52.271	11.1
15:41:52.284	11.7
15:41:52.296	13.7
15:41:52.304	14.8
15:41:52.316	15.4
15:41:52.329	16.4
15:41:52.337	16.6
15:41:52.349	20.8
15:41:52.361	20.0
15:41:52.374	21.8
15:41:52.382	20.7
15:41:52.394	23.8
15:41:52.406	24.6
15:41:52.415	28.2
15:41:52.427	30.5
15:41:52.439	32.0
15:41:52.448	34.5
15:41:52.461	35.0
15:41:52.473	36.6
15:41:52.481	37.3
15:41:52.492	40.8
15:41:52.506	41.8
15:41:52.514	43.3
15:41:52.526	43.4
15:41:52.538	45.2
15:41:52.551	47.1
15:41:52.559	47.9
15:41:52.571	49.3
15:41:52.583	50.7
15:41:52.592	51.6
15:41:52.604	51.1
15:41:52.616	52.2
15:41:52.629	53.6
15:41:52.637	54.0
15:41:52.649	55.5
15:41:52.661	58.6
15:41:52.669	62.9
15:41:52.682	67.6
15:41:52.694	72.1
15:41:52.702	77.3
15:41:52.714	83.4
15:41:52.727	88.2
15:41:52.735	93.7
15:41:52.747	98.9
15:41:52.760	102.7
15:41:52.768	105.3
15:41:52.780	109.2
15:41:52.792	109.6
15:41:52.805	110.5
15:41:52.813	112.4
15:41:52.825	114.2
15:41:52.837	115.7
15:41:52.846	117.5
15:41:52.858	120.1
15:41:52.870	120.8
15:41:52.878	121.9
15:41:52.891	121.5
15:41:52.903	121.3
15:41:52.915	123.8
15:41:52.923	122.7
15:41:52.936	122.1
15:41:52.948	122.1
15:41:52.960	121.5
15:41:52.968	119.6
15:41:52.981	118.9
15:41:52.993	119.3
15:41:53.001	118.9
15:41:53.013	120.8
15:41:53.026	121.1
15:41:53.034	124.4
15:41:53.045	125.7
15:41:53.058	125.8
15:41:53.066	124.2
15:41:53.078	124.4
15:41:53.090	124.5
15:41:53.103	124.3
15:41:53.111	123.8
15:41:53.124	125.4
15:41:53.136	124.2
15:41:53.144	121.9
15:41:53.156	121.8
15:41:53.169	122.9
15:41:53.177	124.9
15:41:53.189	126.4
15:41:53.202	129.7
15:41:53.214	129.2
15:41:53.222	130.9
15:41:53.234	131.5
15:41:53.247	130.4
15:41:53.255	131.5
15:41:53.267	133.7
15:41:53.279	134.2
15:41:53.288	133.2
15:41:53.300	132.4
15:41:53.312	131.0
15:41:53.320	133.5
15:41:53.333	134.4
15:41:53.345	135.0
15:41:53.357	138.2
15:41:53.366	139.7
15:41:53.378	141.1
15:41:53.390	144.1
15:41:53.398	147.1
15:41:53.411	150.8
15:41:53.423	154.4
15:41:53.431	158.9
15:41:53.443	164.5
15:41:53.456	167.0
15:41:53.464	171.9
15:41:53.476	176.7
15:41:53.488	178.6
15:41:53.497	182.0
15:41:53.509	186.8
15:41:53.521	190.8
15:41:53.533	194.1
15:41:53.542	193.6
15:41:53.554	192.0
15:41:53.566	196.5
15:41:53.574	200.3
15:41:53.587	206.4
15:41:53.599	216.5
15:41:53.611	224.8
15:41:53.619	232.7
15:41:53.632	242.2
15:41:53.644	250.8
15:41:53.652	261.1
15:41:53.665	270.5
15:41:53.677	276.6
15:41:53.685	282.5
15:41:53.697	283.8
15:41:53.710	285.3
15:41:53.718	286.9
15:41:53.730	287.6
15:41:53.742	287.6
15:41:53.751	286.8
15:41:53.763	287.1
15:41:53.775	288.6
15:41:53.787	288.2
15:41:53.796	286.4
15:41:53.808	285.6
15:41:53.820	281.5
15:41:53.829	276.3
15:41:53.841	271.6
15:41:53.853	269.4
15:41:53.866	266.7
15:41:53.874	261.1
15:41:53.886	255.6
15:41:53.898	250.5
15:41:53.906	247.7
15:41:53.919	244.2
15:41:53.931	239.0
15:41:53.939	232.0
15:41:53.951	224.8
15:41:53.964	214.0
15:41:53.972	204.2
15:41:53.984	195.0
15:41:53.997	185.7
15:41:54.005	175.9
15:41:54.017	164.8
15:41:54.029	153.1
15:41:54.041	141.5
15:41:54.050	134.5
15:41:54.061	126.5
15:41:54.073	119.7
15:41:54.082	113.9
15:41:54.094	107.7
15:41:54.106	100.6
15:41:54.114	98.1
15:41:54.127	90.2
15:41:54.139	86.3
15:41:54.147	82.4
15:41:54.159	76.9
15:41:54.172	73.6
15:41:54.184	68.8
15:41:54.192	61.9
15:41:54.204	55.1
15:41:54.217	41.0
15:41:54.225	19.8
15:41:54.237	4.2
15:41:54.250	-11.8
15:41:54.258	-28.4
15:41:54.270	-44.9
15:41:54.282	-61.3
15:41:54.295	-78.0
15:41:54.303	-95.3
15:41:54.315	-110.4
15:41:54.327	-119.2
15:41:54.336	-123.9
15:41:54.348	-130.2
15:41:54.360	-135.3
15:41:54.368	-141.6
15:41:54.381	-149.6
15:41:54.393	-158.7
15:41:54.401	-164.9
15:41:54.413	-169.6
15:41:54.426	-175.3
15:41:54.434	-178.2
15:41:54.446	-182.2
15:41:54.459	-186.1
15:41:54.471	-192.2
15:41:54.479	-195.5
15:41:54.491	-198.8
15:41:54.504	-199.7
15:41:54.512	-202.6
15:41:54.524	-205.9
15:41:54.536	-207.8
15:41:54.549	-211.0
15:41:54.557	-212.3
15:41:54.569	-212.8
15:41:54.581	-213.7
15:41:54.590	-213.8
15:41:54.602	-213.4
15:41:54.614	-214.7
15:41:54.622	-214.4
15:41:54.635	-213.5
15:41:54.647	-214.5
15:41:54.655	-215.6
15:41:54.667	-215.4
15:41:54.680	-217.7
15:41:54.688	-216.5
15:41:54.700	-217.1
15:41:54.712	-216.6
15:41:54.725	-216.9
15:41:54.733	-218.2
15:41:54.745	-218.4
15:41:54.757	-215.9
15:41:54.766	-213.9
15:41:54.778	-213.5
15:41:54.790	-209.5
15:41:54.798	-209.9
15:41:54.811	-209.3
15:41:54.823	-209.3
15:41:54.835	-206.7
15:41:54.843	-206.9
15:41:54.856	-203.0
15:41:54.868	-203.2
15:41:54.876	-201.7
15:41:54.888	-205.3
15:41:54.901	-207.2
15:41:54.913	-207.0
15:41:54.921	-207.5
15:41:54.933	-205.1
15:41:54.946	-204.4
15:41:54.954	-201.9
15:41:54.966	-205.7
15:41:54.979	-205.1
15:41:54.987	-206.8
15:41:54.999	-202.6
15:41:55.011	-202.0
15:41:55.024	-202.1
15:41:55.032	-202.0
15:41:55.044	-202.9
15:41:55.056	-203.6
15:41:55.065	-204.3
15:41:55.077	-202.1
15:41:55.090	-201.7
15:41:55.098	-200.4
15:41:55.110	-201.4
15:41:55.122	-200.7
15:41:55.135	-200.2
15:41:55.143	-197.9
15:41:55.155	-197.4
15:41:55.167	-196.5
15:41:55.176	-194.3
15:41:55.188	-193.6
15:41:55.200	-192.1
15:41:55.208	-191.9
15:41:55.221	-188.0
15:41:55.233	-187.2
15:41:55.241	-187.4
15:41:55.253	-186.0
15:41:55.266	-185.1
15:41:55.278	-183.6
15:41:55.286	-182.6
15:41:55.298	-181.5
15:41:55.311	-180.9
15:41:55.319	-177.7
15:41:55.331	-176.6
15:41:55.343	-175.3
15:41:55.352	-173.3
15:41:55.364	-173.3
15:41:55.376	-172.2
15:41:55.384	-172.3
15:41:55.397	-171.5
15:41:55.409	-171.6
15:41:55.417	-171.7
15:41:55.430	-171.4
15:41:55.442	-171.6
15:41:55.454	-170.6
15:41:55.462	-168.5
15:41:55.474	-168.1
15:41:55.487	-167.2
15:41:55.495	-164.7
15:41:55.507	-163.4
15:41:55.520	-160.2
15:41:55.532	-157.5
15:41:55.540	-156.1
15:41:55.552	-154.2
15:41:55.565	-152.3
15:41:55.573	-150.4
15:41:55.585	-147.3
15:41:55.597	-145.5
15:41:55.606	-143.5
15:41:55.618	-141.6
15:41:55.630	-141.4
15:41:55.638	-141.1
15:41:55.651	-139.8
15:41:55.663	-140.7
15:41:55.671	-138.9
15:41:55.684	-137.4
15:41:55.696	-135.9
15:41:55.708	-133.5
15:41:55.716	-133.0
15:41:55.729	-131.2
15:41:55.741	-129.5
15:41:55.749	-126.7
15:41:55.761	-126.0
15:41:55.774	-124.4
15:41:55.786	-122.7
15:41:55.794	-121.4
15:41:55.806	-120.5
15:41:55.819	-119.5
15:41:55.827	-117.8
15:41:55.839	-117.1
15:41:55.851	-114.0
15:41:55.860	-114.8
15:41:55.872	-112.9
15:41:55.884	-110.1
15:41:55.893	-110.1
15:41:55.905	-107.5
15:41:55.917	-105.6
15:41:55.925	-103.7
15:41:55.937	-101.7
15:41:55.950	-99.6
15:41:55.962	-98.7
15:41:55.970	-95.5
15:41:55.982	-92.0
15:41:55.995	-89.8
15:41:56.003	-87.2
15:41:56.015	-84.8
15:41:56.027	-83.3
15:41:56.036	-83.0
15:41:56.048	-82.1
15:41:56.060	-82.0
15:41:56.068	-82.0
15:41:56.081	-79.0
15:41:56.093	-77.7
15:41:56.105	-75.6
15:41:56.113	-75.0
15:41:56.126	-76.1
15:41:56.138	-74.8
15:41:56.146	-71.7
15:41:56.159	-70.7
15:41:56.171	-67.9
15:41:56.179	-65.1
15:41:56.191	-65.3
15:41:56.204	-65.2
15:41:56.216	-65.5
15:41:56.224	-64.3
15:41:56.236	-62.5
15:41:56.249	-60.4
15:41:56.257	-60.6
15:41:56.269	-60.0
15:41:56.281	-61.7
15:41:56.290	-59.7
15:41:56.302	-57.0
15:41:56.314	-54.8
15:41:56.322	-53.0
15:41:56.335	-49.6
15:41:56.347	-47.2
15:41:56.355	-44.3
15:41:56.367	-40.7
15:41:56.380	-34.1
15:41:56.392	-28.8
15:41:56.400	-24.8
15:41:56.412	-23.8
15:41:56.425	-21.0
15:41:56.433	-19.4
15:41:56.445	-18.2
15:41:56.457	-17.4
15:41:56.470	-15.6
15:41:56.478	-14.4
15:41:56.490	-15.4
15:41:56.502	-15.6
15:41:56.511	-15.7
15:41:56.523	-12.1
15:41:56.535	-12.8
15:41:56.543	-11.5
15:41:56.556	-9.0
15:41:56.568	-5.9
15:41:56.576	-6.8
15:41:56.588	-4.8
15:41:56.601	-3.2
15:41:56.609	-1.5
15:41:56.621	-3.8
15:41:56.634	-5.9
15:41:56.646	-3.0
15:41:56.654	-2.4
15:41:56.666	-3.1
15:41:56.679	-3.6
15:41:56.687	-2.8
15:41:56.699	-3.6
15:41:56.711	-5.4
15:41:56.719	-3.9
15:41:56.732	-1.2
15:41:56.744	-1.2
15:41:56.756	-2.6
15:41:56.765	-2.2
15:41:56.777	1.1
15:41:56.789	1.8
15:41:56.798	2.6
15:41:56.810	2.4
15:41:56.822	4.3
15:41:56.830	4.0
15:41:56.842	1.9
15:41:56.855	3.8
15:41:56.863	3.8
15:41:56.875	3.3
15:41:56.887	0.4
15:41:56.900	-2.4
15:41:56.908	-3.7
15:41:56.920	-5.0
15:41:56.932	-7.2
15:41:56.941	-7.8
15:41:56.953	-6.8
15:41:56.965	-8.2
15:41:56.973	-8.6
15:41:56.986	-8.3
15:41:56.998	-7.3
15:41:57.006	-6.3
15:41:57.018	-5.4
15:41:57.031	-5.5
15:41:57.043	-3.9
15:41:57.051	-4.2
15:41:57.063	-3.8
15:41:57.076	-2.6
15:41:57.084	-1.8
15:41:57.096	-1.5
15:41:57.109	-3.1
15:41:57.117	-3.0
15:41:57.129	-3.3
15:41:57.141	-2.2
15:41:57.154	-1.4
15:41:57.162	-1.5
15:41:57.174	-2.4
15:41:57.186	-2.3
15:41:57.194	-2.3
15:41:57.207	-2.6
15:41:57.219	-2.7
15:41:57.228	0.2
15:41:57.240	2.2
15:41:57.252	5.7
15:41:57.260	5.2
15:41:57.272	8.7
15:41:57.285	12.3
15:41:57.297	13.3
15:41:57.305	15.6
15:41:57.317	20.1
15:41:57.330	23.2
15:41:57.338	24.7
15:41:57.350	25.8
15:41:57.362	26.8
15:41:57.375	28.2
15:41:57.383	28.5
15:41:57.395	32.0
15:41:57.407	34.6
15:41:57.416	37.0
15:41:57.428	38.2
15:41:57.440	42.4
15:41:57.452	43.1
15:41:57.461	46.0
15:41:57.473	48.0
15:41:57.485	50.7
15:41:57.493	52.3
15:41:57.506	51.5
15:41:57.518	52.1
15:41:57.526	53.1
15:41:57.538	54.2
15:41:57.551	54.8
15:41:57.559	58.3
15:41:57.571	61.6
15:41:57.583	64.1
15:41:57.592	68.8
15:41:57.604	74.9
15:41:57.616	81.4
15:41:57.629	87.1
15:41:57.637	93.8
15:41:57.649	98.4
15:41:57.661	101.4
15:41:57.670	105.2
15:41:57.682	108.0
15:41:57.694	111.3
15:41:57.707	112.3
15:41:57.715	112.0
15:41:57.727	111.9
15:41:57.739	113.8
15:41:57.748	113.6
15:41:57.760	116.4
15:41:57.772	119.0
15:41:57.781	119.0
15:41:57.793	120.4
15:41:57.805	121.1
15:41:57.813	124.7
15:41:57.826	128.0
15:41:57.838	131.6
15:41:57.846	133.1
15:41:57.858	132.8
15:41:57.871	132.4
15:41:57.883	135.1
15:41:57.891	137.6
15:41:57.903	139.5
15:41:57.916	141.1
15:41:57.924	141.7
15:41:57.936	143.7
15:41:57.948	142.8
15:41:57.957	143.8
15:41:57.969	147.1
15:41:57.981	150.8
15:41:57.989	151.6
15:41:58.002	153.2
15:41:58.014	153.2
15:41:58.026	155.0
15:41:58.035	156.0
15:41:58.047	157.7
15:41:58.059	159.5
15:41:58.067	160.9
15:41:58.079	161.2
15:41:58.092	160.4
15:41:58.100	158.5
15:41:58.112	159.3
15:41:58.125	161.8
15:41:58.137	163.1
15:41:58.145	162.9
15:41:58.157	162.2
15:41:58.170	162.0
15:41:58.178	162.4
15:41:58.190	163.4
15:41:58.202	165.8
15:41:58.210	169.1
15:41:58.223	170.0
15:41:58.235	170.9
15:41:58.243	172.1
15:41:58.256	173.9
15:41:58.268	174.1
15:41:58.276	176.3
15:41:58.288	176.2
15:41:58.301	177.3
15:41:58.313	175.3
15:41:58.321	176.4
15:41:58.333	176.8
15:41:58.346	175.7
15:41:58.354	177.0
15:41:58.366	176.0
15:41:58.378	176.4
15:41:58.391	174.8
15:41:58.399	174.8
15:41:58.411	174.1
15:41:58.423	173.6
15:41:58.432	172.3
15:41:58.444	173.8
15:41:58.456	174.0
15:41:58.464	172.7
15:41:58.477	174.5
15:41:58.489	173.8
15:41:58.497	173.1
15:41:58.509	172.3
15:41:58.522	172.4
15:41:58.530	172.5
15:41:58.542	170.6
15:41:58.555	167.5
15:41:58.567	165.6
15:41:58.575	164.0
15:41:58.587	163.3
15:41:58.599	163.1
15:41:58.608	163.7
15:41:58.620	164.3
15:41:58.632	164.0
15:41:58.640	163.8
15:41:58.653	165.2
15:41:58.665	165.0
15:41:58.677	166.3
15:41:58.686	165.5
15:41:58.698	164.9
15:41:58.710	162.5
15:41:58.718	160.1
15:41:58.731	160.4
15:41:58.743	158.3
15:41:58.751	155.6
15:41:58.764	151.4
15:41:58.776	148.4
15:41:58.784	143.4
15:41:58.796	140.9
15:41:58.809	135.4
15:41:58.821	133.7
15:41:58.829	130.3
15:41:58.841	123.4
15:41:58.854	118.7
15:41:58.866	114.6
15:41:58.874	111.1
15:41:58.887	104.5
15:41:58.899	101.0
15:41:58.907	94.1
15:41:58.919	89.8
15:41:58.927	82.4
15:41:58.940	76.5
15:41:58.952	72.5
15:41:58.964	70.0
15:41:58.973	67.8
15:41:58.985	64.4
15:41:58.997	63.4
15:41:59.005	60.4
15:41:59.018	59.3
15:41:59.030	57.7
15:41:59.038	57.6
15:41:59.050	55.8
15:41:59.063	52.6
15:41:59.075	48.8
15:41:59.083	45.7
15:41:59.095	43.4
15:41:59.108	41.9
15:41:59.120	37.8
15:41:59.128	34.3
15:41:59.141	30.4
15:41:59.153	26.1
15:41:59.161	25.0
15:41:59.173	22.8
15:41:59.185	20.6
15:41:59.194	17.7
15:41:59.206	10.9
15:41:59.214	0.8
15:41:59.227	-8.8
15:41:59.239	-17.0
15:41:59.251	-27.1
15:41:59.259	-37.3
15:41:59.272	-48.7
15:41:59.284	-59.0
15:41:59.296	-69.6
15:41:59.304	-80.4
15:41:59.317	-84.4
15:41:59.329	-87.2
15:41:59.337	-86.7
15:41:59.349	-90.3
15:41:59.362	-92.7
15:41:59.374	-92.3
15:41:59.382	-93.3
15:41:59.394	-93.7
15:41:59.407	-95.3
15:41:59.415	-97.3
15:41:59.427	-102.6
15:41:59.440	-103.9
15:41:59.448	-110.6
15:41:59.460	-112.8
15:41:59.472	-114.3
15:41:59.480	-116.4
15:41:59.493	-118.1
15:41:59.505	-120.1
15:41:59.513	-123.3
15:41:59.525	-123.0
15:41:59.538	-120.1
15:41:59.550	-120.9
15:41:59.558	-118.5
15:41:59.571	-117.7
15:41:59.583	-117.6
15:41:59.591	-118.9
15:41:59.603	-119.9
15:41:59.615	-122.1
15:41:59.628	-121.4
15:41:59.636	-121.0
15:41:59.648	-122.5
15:41:59.660	-124.4
15:41:59.669	-124.9
15:41:59.681	-126.8
15:41:59.694	-126.6
15:41:59.701	-125.8
15:41:59.714	-125.7
15:41:59.726	-124.5
15:41:59.734	-124.5
15:41:59.747	-126.9
15:41:59.759	-125.6
15:41:59.767	-125.5
15:41:59.779	-125.5
15:41:59.792	-126.5
15:41:59.804	-125.7
15:41:59.812	-127.0
15:41:59.824	-127.6
15:41:59.837	-127.4
15:41:59.845	-124.8
15:41:59.857	-123.8
15:41:59.869	-124.8
15:41:59.878	-122.2
15:41:59.890	-120.9
15:41:59.902	-119.3
15:41:59.910	-120.4
15:41:59.923	-116.7
15:41:59.935	-114.8
15:41:59.947	-112.8
15:41:59.955	-112.2
15:41:59.968	-108.1
15:41:59.980	-106.4
15:41:59.988	-106.5
15:42:00.000	-105.3
15:42:00.013	-102.3
15:42:00.021	-101.7
15:42:00.033	-102.0
15:42:00.046	-100.7
15:42:00.058	-98.5
15:42:00.066	-96.1
15:42:00.078	-96.8
15:42:00.090	-96.4
15:42:00.099	-94.1
15:42:00.111	-92.0
15:42:00.123	-91.2
15:42:00.132	-84.9
15:42:00.144	-83.0
15:42:00.156	-79.7
15:42:00.165	-77.2
15:42:00.177	-75.2
15:42:00.189	-71.5
15:42:00.197	-67.0
15:42:00.210	-65.8
15:42:00.222	-64.1
15:42:00.234	-61.5
15:42:00.242	-61.7
15:42:00.255	-58.1
15:42:00.267	-54.6
15:42:00.275	-51.3
15:42:00.287	-49.2
15:42:00.300	-45.0
15:42:00.312	-43.8
15:42:00.320	-39.2
15:42:00.332	-34.1
15:42:00.345	-30.0
15:42:00.353	-27.5
15:42:00.365	-24.9
15:42:00.377	-23.2
15:42:00.386	-22.0
15:42:00.398	-18.9
15:42:00.410	-18.0
15:42:00.418	-14.3
15:42:00.431	-13.5
15:42:00.443	-13.1
15:42:00.451	-10.9
15:42:00.463	-8.1
15:42:00.476	-8.1
15:42:00.488	-3.4
15:42:00.496	-0.7
15:42:00.508	0.2
15:42:00.521	2.0
15:42:00.529	3.8
15:42:00.541	7.3
15:42:00.553	11.2
15:42:00.562	12.2
15:42:00.574	16.0
15:42:00.586	19.7
15:42:00.599	19.3
15:42:00.607	21.0
15:42:00.619	23.7
15:42:00.631	26.4
15:42:00.640	27.8
15:42:00.652	29.8
15:42:00.664	30.4
15:42:00.672	35.2
15:42:00.685	37.2
15:42:00.697	42.7
15:42:00.705	46.1
15:42:00.718	49.8
15:42:00.730	52.5
15:42:00.742	56.0
15:42:00.750	57.2
15:42:00.763	59.4
15:42:00.775	61.2
15:42:00.783	59.7
15:42:00.795	60.7
15:42:00.808	59.9
15:42:00.816	61.0
15:42:00.828	61.1
15:42:00.840	63.5
15:42:00.849	62.6
15:42:00.861	68.1
15:42:00.873	70.6
15:42:00.885	74.2
15:42:00.894	79.5
15:42:00.906	82.7
15:42:00.918	87.0
15:42:00.926	90.5
15:42:00.939	95.5
15:42:00.951	98.2
15:42:00.963	102.1
15:42:00.971	103.3
15:42:00.984	104.6
15:42:00.996	106.6
15:42:01.004	107.9
15:42:01.016	108.4
15:42:01.029	107.3
15:42:01.041	108.2
15:42:01.049	107.3
15:42:01.061	107.4
15:42:01.073	107.7
15:42:01.081	109.3
15:42:01.093	115.0
15:42:01.106	116.4
15:42:01.114	120.1
15:42:01.126	123.1
15:42:01.138	125.9
15:42:01.147	128.2
15:42:01.159	132.7
15:42:01.171	135.5
15:42:01.179	139.4
15:42:01.192	140.9
15:42:01.204	140.0
15:42:01.216	140.9
15:42:01.225	142.3
15:42:01.238	145.9
15:42:01.250	149.8
15:42:01.258	153.7
15:42:01.270	157.0
15:42:01.282	164.4
15:42:01.295	168.3
15:42:01.303	172.0
15:42:01.315	175.0
15:42:01.327	179.4
15:42:01.335	182.3
15:42:01.348	185.4
15:42:01.360	187.2
15:42:01.368	188.4
15:42:01.380	187.2
15:42:01.393	184.3
15:42:01.401	185.1
15:42:01.413	184.6
15:42:01.426	186.9
15:42:01.434	187.0
15:42:01.446	186.2
15:42:01.458	186.0
15:42:01.470	186.0
15:42:01.479	185.9
15:42:01.491	187.2
15:42:01.503	186.9
15:42:01.511	186.7
15:42:01.524	187.6
15:42:01.536	186.2
15:42:01.548	187.5
15:42:01.556	188.9
15:42:01.569	187.7
15:42:01.581	190.1
15:42:01.589	191.8
15:42:01.602	194.9
15:42:01.614	197.6
15:42:01.622	197.0
15:42:01.634	199.3
15:42:01.647	199.2
15:42:01.655	201.1
15:42:01.667	203.0
15:42:01.679	208.4
15:42:01.688	207.5
15:42:01.700	208.6
15:42:01.712	210.9
15:42:01.724	212.0
15:42:01.733	215.2
15:42:01.745	215.3
15:42:01.757	220.2
15:42:01.766	222.5
15:42:01.778	224.7
15:42:01.790	225.4
15:42:01.798	227.9
15:42:01.810	231.9
15:42:01.823	232.6
15:42:01.831	235.9
15:42:01.843	239.4
15:42:01.856	243.0
15:42:01.868	243.1
15:42:01.876	245.5
15:42:01.888	246.2
15:42:01.901	245.8
15:42:01.909	247.1
15:42:01.921	247.0
15:42:01.933	246.0
15:42:01.942	246.7
15:42:01.954	243.5
15:42:01.966	241.7
15:42:01.978	243.2
15:42:01.987	240.6
15:42:01.999	239.7
15:42:02.011	239.5
15:42:02.019	239.2
15:42:02.032	236.6
15:42:02.044	235.7
15:42:02.052	232.0
15:42:02.064	233.3
15:42:02.077	236.0
15:42:02.085	238.6
15:42:02.097	242.3
15:42:02.109	246.4
15:42:02.118	251.5
15:42:02.130	253.9
15:42:02.142	258.0
15:42:02.155	259.4
15:42:02.163	263.4
15:42:02.175	264.6
15:42:02.187	262.4
15:42:02.195	258.1
15:42:02.208	254.7
15:42:02.220	250.2
15:42:02.232	245.7
15:42:02.240	243.5
15:42:02.253	240.0
15:42:02.265	238.1
15:42:02.273	234.8
15:42:02.286	231.2
15:42:02.298	226.4
15:42:02.306	221.6
15:42:02.318	214.4
15:42:02.331	206.0
15:42:02.339	195.5
15:42:02.351	183.9
15:42:02.363	170.6
15:42:02.372	156.8
15:42:02.384	143.9
15:42:02.396	132.9
15:42:02.408	122.0
15:42:02.417	110.1
15:42:02.429	99.7
15:42:02.441	89.3
15:42:02.449	78.2
15:42:02.462	70.8
15:42:02.474	62.3
15:42:02.482	55.5
15:42:02.494	49.2
15:42:02.507	43.4
15:42:02.519	38.6
15:42:02.527	34.8
15:42:02.539	32.1
15:42:02.552	28.5
15:42:02.560	25.4
15:42:02.572	19.9
15:42:02.584	17.0
15:42:02.593	17.1
15:42:02.605	12.0
15:42:02.617	8.2
15:42:02.625	3.8
15:42:02.638	-2.0
15:42:02.650	-6.8
15:42:02.662	-9.7
15:42:02.670	-11.9
15:42:02.683	-13.3
15:42:02.695	-15.4
15:42:02.703	-22.4
15:42:02.715	-35.0
15:42:02.728	-51.6
15:42:02.736	-66.2
15:42:02.748	-80.9
15:42:02.761	-96.9
15:42:02.773	-111.7
15:42:02.781	-126.5
15:42:02.793	-142.4
15:42:02.806	-158.8
15:42:02.818	-171.1
15:42:02.826	-177.9
15:42:02.838	-182.3
15:42:02.851	-188.1
15:42:02.859	-191.0
15:42:02.871	-194.5
15:42:02.883	-199.5
15:42:02.892	-205.7
15:42:02.904	-208.8
15:42:02.916	-210.2
15:42:02.924	-213.9
15:42:02.937	-212.4
15:42:02.949	-213.5
15:42:02.961	-212.6
15:42:02.969	-214.2
15:42:02.982	-217.0
15:42:02.994	-219.0
15:42:03.002	-219.2
15:42:03.014	-221.1
15:42:03.027	-223.3
15:42:03.035	-224.0
15:42:03.047	-227.1
15:42:03.059	-226.8
15:42:03.068	-229.3
15:42:03.080	-228.9
15:42:03.092	-228.6
15:42:03.100	-226.7
15:42:03.113	-223.5
15:42:03.125	-222.8
15:42:03.137	-219.2
15:42:03.146	-218.5
15:42:03.158	-216.1
15:42:03.171	-215.1
15:42:03.179	-213.2
15:42:03.191	-211.3
15:42:03.203	-209.3
15:42:03.216	-206.7
15:42:03.224	-205.8
15:42:03.236	-204.4
15:42:03.248	-205.3
15:42:03.257	-203.1
15:42:03.269	-204.6
15:42:03.281	-204.7
15:42:03.289	-205.5
15:42:03.302	-205.6
15:42:03.314	-203.6
15:42:03.322	-203.5
15:42:03.334	-204.8
15:42:03.347	-203.4
15:42:03.355	-203.7
15:42:03.367	-204.1
15:42:03.380	-202.8
15:42:03.392	-201.1
15:42:03.400	-197.6
15:42:03.412	-196.7
15:42:03.425	-198.4
15:42:03.433	-197.1
15:42:03.444	-194.5
15:42:03.457	-191.4
15:42:03.469	-188.6
15:42:03.477	-186.2
15:42:03.489	-183.2
15:42:03.502	-182.6
15:42:03.510	-181.4
15:42:03.522	-179.2
15:42:03.534	-175.2
15:42:03.543	-172.2
15:42:03.555	-169.5
15:42:03.567	-168.0
15:42:03.575	-164.8
15:42:03.588	-163.5
15:42:03.600	-160.2
15:42:03.608	-155.2
15:42:03.620	-152.9
15:42:03.633	-152.8
15:42:03.646	-149.2
15:42:03.654	-148.1
15:42:03.666	-146.0
15:42:03.679	-144.5
15:42:03.687	-143.1
15:42:03.699	-139.2
15:42:03.712	-139.8
15:42:03.720	-141.0
15:42:03.732	-138.1
15:42:03.744	-134.6
15:42:03.752	-131.5
15:42:03.765	-128.6
15:42:03.777	-125.3
15:42:03.789	-121.2
15:42:03.798	-117.0
15:42:03.810	-114.4
15:42:03.822	-108.9
15:42:03.830	-101.1
15:42:03.843	-97.8
15:42:03.855	-92.9
15:42:03.863	-90.1
15:42:03.875	-86.9
15:42:03.888	-84.2
15:42:03.900	-83.8
15:42:03.908	-83.9
15:42:03.920	-81.6
15:42:03.933	-80.4
15:42:03.941	-80.3
15:42:03.953	-77.5
15:42:03.965	-75.9
15:42:03.973	-75.2
15:42:03.985	-71.9
15:42:03.997	-68.7
15:42:04.006	-64.5
15:42:04.018	-58.6
15:42:04.030	-56.1
15:42:04.038	-52.2
15:42:04.051	-49.0
15:42:04.063	-47.3
15:42:04.075	-43.6
15:42:04.083	-40.0
15:42:04.096	-36.1
15:42:04.108	-34.0
15:42:04.116	-32.2
15:42:04.128	-29.9
15:42:04.141	-23.5
15:42:04.153	-18.0
15:42:04.161	-12.5
15:42:04.173	-6.1
15:42:04.186	-1.0
15:42:04.194	4.3
15:42:04.206	7.3
15:42:04.219	13.2
15:42:04.227	17.8
15:42:04.239	20.6
15:42:04.251	20.2
15:42:04.259	20.9
15:42:04.272	20.6
15:42:04.284	21.8
15:42:04.292	23.2
15:42:04.305	23.8
15:42:04.317	26.0
15:42:04.329	26.0
15:42:04.337	27.5
15:42:04.350	29.6
15:42:04.362	32.3
15:42:04.370	33.4
15:42:04.382	35.9
15:42:04.395	37.9
15:42:04.403	36.9
15:42:04.415	41.8
15:42:04.427	41.8
15:42:04.440	42.9
15:42:04.448	46.9
15:42:04.460	48.7
15:42:04.473	49.6
15:42:04.481	51.6
15:42:04.493	52.3
15:42:04.505	54.3
15:42:04.514	58.1
15:42:04.526	56.7
15:42:04.538	58.7
15:42:04.546	61.3
15:42:04.559	60.9
15:42:04.571	62.2
15:42:04.583	64.0
15:42:04.591	64.7
15:42:04.604	67.7
15:42:04.616	68.4
15:42:04.624	69.2
15:42:04.636	71.2
15:42:04.649	72.2
15:42:04.657	71.7
15:42:04.669	72.7
15:42:04.682	74.6
15:42:04.690	75.7
15:42:04.702	77.7
15:42:04.715	77.5
15:42:04.727	79.7
15:42:04.735	81.1
15:42:04.747	81.6
15:42:04.759	82.4
15:42:04.768	84.0
15:42:04.780	83.8
15:42:04.792	84.3
15:42:04.800	88.0
15:42:04.813	90.4
15:42:04.825	91.6
15:42:04.837	93.2
15:42:04.846	96.2
15:42:04.858	98.5
15:42:04.870	102.0
15:42:04.882	104.5
15:42:04.891	107.3
15:42:04.903	109.6
15:42:04.915	108.6
15:42:04.923	109.0
15:42:04.936	111.7
15:42:04.948	109.7
15:42:04.956	109.9
15:42:04.968	111.6
15:42:04.981	110.9
15:42:04.989	113.1
15:42:05.001	114.8
15:42:05.014	116.3
15:42:05.022	117.2
15:42:05.034	119.2
15:42:05.047	119.3
15:42:05.059	123.6
15:42:05.067	125.3
15:42:05.079	126.1
15:42:05.092	128.4
15:42:05.100	129.1
15:42:05.112	130.4
15:42:05.124	131.6
15:42:05.137	136.0
15:42:05.145	138.2
15:42:05.157	142.0
15:42:05.169	143.0
15:42:05.178	145.2
15:42:05.190	146.3
15:42:05.202	149.7
15:42:05.210	150.7
15:42:05.223	151.1
15:42:05.235	152.9
15:42:05.243	151.3
15:42:05.255	150.4
15:42:05.268	150.8
15:42:05.276	152.7
15:42:05.288	153.0
15:42:05.300	154.7
15:42:05.313	151.4
15:42:05.321	152.1
15:42:05.333	153.3
15:42:05.345	152.0
15:42:05.354	151.1
15:42:05.366	152.9
15:42:05.378	153.1
15:42:05.391	152.0
15:42:05.399	150.1
15:42:05.411	149.3
15:42:05.423	150.6
15:42:05.432	150.5
15:42:05.444	149.5
15:42:05.456	149.8
15:42:05.464	149.9
15:42:05.477	150.1
15:42:05.489	150.2
15:42:05.497	148.1
15:42:05.509	149.9
15:42:05.522	148.1
15:42:05.530	147.6
15:42:05.542	145.4
15:42:05.554	144.3
15:42:05.567	142.1
15:42:05.575	142.1
15:42:05.587	138.6
15:42:05.599	134.6
15:42:05.608	134.2
15:42:05.620	130.3
15:42:05.632	130.1
15:42:05.640	126.6
15:42:05.653	126.2
15:42:05.665	125.1
15:42:05.673	124.9
15:42:05.685	124.4
15:42:05.698	123.7
15:42:05.710	123.4
15:42:05.718	123.4
15:42:05.730	122.6
15:42:05.743	120.8
15:42:05.751	119.4
15:42:05.763	115.7
15:42:05.775	113.5
15:42:05.784	109.6
15:42:05.796	107.6
15:42:05.808	102.3
15:42:05.821	97.3
15:42:05.829	92.0
15:42:05.841	86.9
15:42:05.853	80.7
15:42:05.861	72.8
15:42:05.874	67.4
15:42:05.886	60.5
15:42:05.894	53.9
15:42:05.906	43.1
15:42:05.919	38.2
15:42:05.927	33.5
15:42:05.940	27.6
15:42:05.952	22.6
15:42:05.960	16.0
15:42:05.972	15.1
15:42:05.985	11.2
15:42:05.997	8.9
15:42:06.005	5.7
15:42:06.017	6.2
15:42:06.030	0.3
15:42:06.038	-3.0
15:42:06.050	-6.6
15:42:06.062	-8.9
15:42:06.075	-10.3
15:42:06.083	-12.8
15:42:06.095	-14.0
15:42:06.107	-16.8
15:42:06.116	-16.0
15:42:06.128	-19.9
15:42:06.140	-18.9
15:42:06.148	-19.8
15:42:06.161	-22.8
15:42:06.173	-25.2
15:42:06.181	-24.7
15:42:06.193	-26.5
15:42:06.206	-29.7
15:42:06.214	-30.9
15:42:06.226	-33.4
15:42:06.238	-34.0
15:42:06.251	-33.7
15:42:06.259	-35.7
15:42:06.271	-35.4
15:42:06.284	-35.2
15:42:06.292	-41.8
15:42:06.304	-52.4
15:42:06.316	-59.7
15:42:06.324	-69.9
15:42:06.337	-79.7
15:42:06.349	-88.9
15:42:06.361	-99.9
15:42:06.370	-109.3
15:42:06.382	-119.9
15:42:06.394	-130.0
15:42:06.402	-138.4
15:42:06.415	-137.2
15:42:06.427	-141.4
15:42:06.435	-144.4
15:42:06.447	-146.9
15:42:06.460	-150.9
15:42:06.468	-152.6
15:42:06.480	-155.5
15:42:06.492	-156.7
15:42:06.505	-160.3
15:42:06.513	-159.0
15:42:06.525	-161.1
15:42:06.537	-158.5
15:42:06.546	-155.7
15:42:06.558	-156.4
15:42:06.570	-155.5
15:42:06.579	-155.6
15:42:06.591	-156.6
15:42:06.603	-159.9
15:42:06.611	-160.4
15:42:06.624	-163.3
15:42:06.636	-163.6
15:42:06.648	-166.4
15:42:06.660	-168.3
15:42:06.669	-168.5
15:42:06.681	-169.0
15:42:06.693	-170.8
15:42:06.701	-169.3
15:42:06.714	-166.6
15:42:06.726	-164.8
15:42:06.734	-161.5
15:42:06.746	-161.2
15:42:06.759	-159.7
15:42:06.767	-159.1
15:42:06.779	-157.2
15:42:06.791	-156.1
15:42:06.804	-154.7
15:42:06.812	-155.2
15:42:06.824	-154.7
15:42:06.836	-154.4
15:42:06.844	-156.9
15:42:06.856	-159.1
15:42:06.868	-161.6
15:42:06.877	-163.1
15:42:06.889	-165.6
15:42:06.901	-167.2
15:42:06.909	-167.8
15:42:06.922	-167.8
15:42:06.934	-168.2
15:42:06.942	-169.3
15:42:06.955	-166.3
15:42:06.967	-165.5
15:42:06.979	-164.8
15:42:06.987	-164.3
15:42:07.000	-165.3
15:42:07.012	-163.5
15:42:07.020	-164.3
15:42:07.033	-165.4
15:42:07.045	-167.0
15:42:07.057	-166.9
15:42:07.065	-169.3
15:42:07.078	-169.8
15:42:07.090	-170.2
15:42:07.099	-170.5
15:42:07.111	-169.2
15:42:07.123	-170.5
15:42:07.131	-171.4
15:42:07.144	-173.8
15:42:07.156	-172.6
15:42:07.164	-175.0
15:42:07.176	-177.1
15:42:07.189	-179.2
15:42:07.197	-180.5
15:42:07.209	-184.3
15:42:07.221	-187.3
15:42:07.234	-188.7
15:42:07.242	-189.8
15:42:07.254	-186.2
15:42:07.266	-187.5
15:42:07.275	-186.5
15:42:07.287	-185.5
15:42:07.299	-184.2
15:42:07.311	-184.4
15:42:07.320	-183.0
15:42:07.332	-182.0
15:42:07.344	-181.5
15:42:07.352	-180.7
15:42:07.365	-182.3
15:42:07.377	-179.9
15:42:07.385	-179.0
15:42:07.397	-176.9
15:42:07.410	-175.4
15:42:07.418	-174.4
15:42:07.430	-170.7
15:42:07.443	-168.8
15:42:07.451	-167.1
15:42:07.463	-163.5
15:42:07.475	-157.9
15:42:07.487	-157.0
15:42:07.496	-154.0
15:42:07.508	-152.4
15:42:07.520	-150.0
15:42:07.528	-147.0
15:42:07.541	-144.9
15:42:07.553	-141.0
15:42:07.561	-138.7
15:42:07.573	-134.9
15:42:07.586	-135.5
15:42:07.594	-132.6
15:42:07.606	-130.7
15:42:07.618	-127.2
15:42:07.631	-127.2
15:42:07.639	-123.5
15:42:07.651	-123.3
15:42:07.664	-122.3
15:42:07.672	-119.9
15:42:07.684	-119.5
15:42:07.696	-118.4
15:42:07.704	-119.1
15:42:07.717	-117.2
15:42:07.729	-118.9
15:42:07.741	-115.0
15:42:07.749	-116.1
15:42:07.762	-115.0
15:42:07.774	-113.8
15:42:07.782	-113.7
15:42:07.795	-111.9
15:42:07.807	-112.2
15:42:07.815	-111.0
15:42:07.827	-107.8
15:42:07.840	-105.9
15:42:07.848	-105.2
15:42:07.860	-102.8
15:42:07.872	-101.0
15:42:07.881	-98.6
15:42:07.893	-96.8
15:42:07.905	-98.1
15:42:07.917	-94.5
15:42:07.926	-92.7
15:42:07.938	-95.9
15:42:07.950	-92.8
15:42:07.958	-92.5
15:42:07.971	-90.9
15:42:07.983	-89.5
15:42:07.995	-89.0
15:42:08.003	-88.6
15:42:08.016	-85.3
15:42:08.028	-83.5
15:42:08.036	-81.9
15:42:08.048	-78.5
15:42:08.061	-78.0
15:42:08.069	-77.5
15:42:08.081	-78.2
15:42:08.093	-77.0
15:42:08.102	-77.4
15:42:08.114	-76.6
15:42:08.126	-76.0
15:42:08.134	-76.5
15:42:08.147	-74.9
15:42:08.159	-74.9
15:42:08.171	-74.1
15:42:08.179	-71.9
15:42:08.192	-70.3
15:42:08.204	-69.5
15:42:08.212	-69.4
15:42:08.225	-68.1
15:42:08.237	-68.8
15:42:08.245	-69.0
15:42:08.257	-69.0
15:42:08.270	-67.9
15:42:08.282	-66.0
15:42:08.290	-64.8
15:42:08.302	-62.5
15:42:08.315	-62.6
15:42:08.323	-59.4
15:42:08.335	-58.6
15:42:08.347	-57.1
15:42:08.356	-55.1
15:42:08.368	-53.6
15:42:08.380	-52.9
15:42:08.388	-53.4
15:42:08.401	-52.6
15:42:08.413	-51.3
15:42:08.425	-47.8
15:42:08.433	-47.6
15:42:08.446	-46.5
15:42:08.458	-44.1
15:42:08.466	-42.6
15:42:08.478	-41.4
15:42:08.491	-38.9
15:42:08.499	-35.9
15:42:08.511	-34.5
15:42:08.523	-33.9
15:42:08.532	-32.8
15:42:08.544	-30.5
15:42:08.556	-26.3
15:42:08.568	-25.3
15:42:08.577	-24.0
15:42:08.589	-22.5
15:42:08.601	-22.5
15:42:08.609	-22.4
15:42:08.622	-21.3
15:42:08.634	-20.4
15:42:08.642	-21.8
15:42:08.654	-21.5
15:42:08.667	-22.1
15:42:08.679	-21.9
15:42:08.687	-20.7
15:42:08.700	-20.8
15:42:08.712	-19.6
15:42:08.720	-20.6
15:42:08.732	-21.0
15:42:08.745	-20.9
15:42:08.753	-19.4
15:42:08.765	-18.8
15:42:08.777	-19.6
15:42:08.785	-18.2
15:42:08.798	-17.7
15:42:08.810	-15.8
15:42:08.818	-13.9
15:42:08.831	-10.6
15:42:08.843	-7.8
15:42:08.855	-3.2
15:42:08.863	2.1
15:42:08.876	6.2
15:42:08.888	10.1
15:42:08.900	14.1
15:42:08.909	17.4
15:42:08.921	21.5
15:42:08.933	22.6
15:42:08.941	25.2
15:42:08.954	28.3
15:42:08.966	29.4
15:42:08.978	28.7
15:42:08.986	28.8
15:42:08.999	29.9
15:42:09.011	29.9
15:42:09.019	28.5
15:42:09.031	26.8
15:42:09.044	29.1
15:42:09.052	28.7
15:42:09.064	29.0
15:42:09.076	28.1
15:42:09.085	29.3
15:42:09.097	29.4
15:42:09.109	27.6
15:42:09.117	26.0
15:42:09.130	26.9
15:42:09.142	26.7
15:42:09.154	25.0
15:42:09.162	24.9
15:42:09.175	24.8
15:42:09.187	24.6
15:42:09.195	23.8
15:42:09.208	23.3
15:42:09.220	23.6
15:42:09.232	24.9
15:42:09.240	24.0
15:42:09.253	23.3
15:42:09.265	22.4
15:42:09.273	22.0
15:42:09.285	19.9
15:42:09.298	19.8
15:42:09.306	17.6
15:42:09.318	16.5
15:42:09.331	15.1
15:42:09.339	12.6
15:42:09.351	11.3
15:42:09.363	12.3
15:42:09.371	11.6
15:42:09.384	11.9
15:42:09.396	13.8
15:42:09.408	11.2
15:42:09.417	11.6
15:42:09.429	11.6
15:42:09.441	13.4
15:42:09.449	14.0
15:42:09.462	15.3
15:42:09.474	14.3
15:42:09.482	14.8
15:42:09.494	13.8
15:42:09.507	10.4
15:42:09.515	10.6
15:42:09.527	8.9
15:42:09.539	7.0
15:42:09.552	3.3
15:42:09.560	1.7
15:42:09.572	1.5
15:42:09.584	1.0
15:42:09.593	0.7
15:42:09.605	0.6
15:42:09.617	2.2
15:42:09.625	2.2
15:42:09.638	4.6
15:42:09.650	7.6
15:42:09.662	10.0
15:42:09.670	10.9
15:42:09.683	11.6
15:42:09.695	13.4
15:42:09.703	15.4
15:42:09.715	17.4
15:42:09.728	17.7
15:42:09.736	18.9
15:42:09.748	19.2
15:42:09.761	18.1
15:42:09.769	19.8
15:42:09.781	22.8
15:42:09.793	22.8
15:42:09.801	22.8
15:42:09.814	23.0
15:42:09.826	22.1
15:42:09.838	25.5
15:42:09.847	27.3
15:42:09.859	30.0
15:42:09.871	28.5
15:42:09.879	29.2
15:42:09.892	28.4
15:42:09.904	29.0
15:42:09.916	30.4
15:42:09.924	30.0
15:42:09.937	30.2
15:42:09.949	27.6
15:42:09.957	27.7
15:42:09.969	26.8
15:42:09.982	29.6
15:42:09.990	29.7
15:42:10.002	29.4
15:42:10.014	29.6
15:42:10.023	28.5
15:42:10.035	29.0
15:42:10.047	31.3
15:42:10.055	31.1
15:42:10.068	29.4
15:42:10.080	27.9
15:42:10.092	25.9
15:42:10.100	23.8
15:42:10.113	24.4
15:42:10.125	23.5
15:42:10.133	24.0
15:42:10.145	23.3
15:42:10.158	19.6
15:42:10.166	18.0
15:42:10.178	18.5
15:42:10.190	17.9
15:42:10.203	16.9
15:42:10.211	16.2
15:42:10.223	12.8
15:42:10.236	14.2
15:42:10.244	13.8
15:42:10.256	13.2
15:42:10.268	13.0
15:42:10.276	14.5
15:42:10.289	14.7
15:42:10.301	13.7
15:42:10.309	15.8
15:42:10.321	16.0
15:42:10.334	20.6
15:42:10.346	21.6
15:42:10.354	21.3
15:42:10.367	25.1
15:42:10.379	30.5
15:42:10.387	33.3
15:42:10.399	37.1
15:42:10.412	41.9
15:42:10.420	47.6
15:42:10.432	55.0
15:42:10.444	59.0
15:42:10.452	65.8
15:42:10.465	72.6
15:42:10.477	76.3
15:42:10.489	79.0
15:42:10.498	81.7
15:42:10.510	82.9
15:42:10.522	84.6
15:42:10.530	84.1
15:42:10.543	84.4
15:42:10.555	87.4
15:42:10.563	87.3
15:42:10.576	90.4
15:42:10.588	92.3
15:42:10.600	94.4
15:42:10.608	96.7
15:42:10.621	101.9
15:42:10.633	107.0
15:42:10.645	114.3
15:42:10.653	120.7
15:42:10.666	122.9
15:42:10.678	128.4
15:42:10.686	130.9
15:42:10.698	133.1
15:42:10.711	138.3
15:42:10.719	146.3
15:42:10.731	151.2
15:42:10.743	155.2
15:42:10.752	159.2
15:42:10.764	161.7
15:42:10.776	165.4
15:42:10.784	166.0
15:42:10.797	168.8
15:42:10.809	173.4
15:42:10.821	176.7
15:42:10.829	175.1
15:42:10.842	173.2
15:42:10.854	175.5
15:42:10.862	174.3
15:42:10.874	175.0
15:42:10.887	174.8
15:42:10.899	175.7
15:42:10.907	175.2
15:42:10.919	174.9
15:42:10.932	172.5
15:42:10.940	175.3
15:42:10.952	179.4
15:42:10.965	178.5
15:42:10.973	181.7
15:42:10.985	182.6
15:42:10.998	184.3
15:42:11.006	185.0
15:42:11.018	186.7
15:42:11.031	187.6
15:42:11.039	189.4
15:42:11.051	190.0
15:42:11.063	189.2
15:42:11.076	191.5
15:42:11.084	190.5
15:42:11.096	189.9
15:42:11.108	190.0
15:42:11.117	190.6
15:42:11.129	191.8
15:42:11.141	193.8
15:42:11.153	193.5
15:42:11.162	192.3
15:42:11.174	194.2
15:42:11.186	193.1
15:42:11.194	191.9
15:42:11.207	192.9
15:42:11.219	193.0
15:42:11.227	193.0
15:42:11.239	192.7
15:42:11.252	190.2
15:42:11.260	191.5
15:42:11.272	196.2
15:42:11.284	194.0
15:42:11.293	194.3
15:42:11.305	196.3
15:42:11.317	197.0
15:42:11.329	196.8
15:42:11.338	196.4
15:42:11.350	195.1
15:42:11.362	196.0
15:42:11.370	194.2
15:42:11.383	188.5
15:42:11.395	188.5
15:42:11.403	188.5
15:42:11.415	187.5
15:42:11.428	183.4
15:42:11.436	183.7
15:42:11.448	182.8
15:42:11.461	180.3
15:42:11.473	180.5
15:42:11.481	183.0
15:42:11.493	185.7
15:42:11.506	189.0
15:42:11.514	204.7
15:42:11.526	216.5
15:42:11.538	234.0
15:42:11.547	245.3
15:42:11.559	257.2
15:42:11.571	269.1
15:42:11.583	279.3
15:42:11.592	288.3
15:42:11.604	296.0
15:42:11.616	302.5
15:42:11.624	297.2
15:42:11.637	294.9
15:42:11.649	291.4
15:42:11.657	287.5
15:42:11.669	285.8
15:42:11.682	285.5
15:42:11.690	283.5
15:42:11.702	282.0
15:42:11.714	278.0
15:42:11.723	275.1
15:42:11.735	268.2
15:42:11.747	264.5
15:42:11.759	256.6
15:42:11.768	254.1
15:42:11.780	248.5
15:42:11.792	244.7
15:42:11.800	237.6
15:42:11.813	230.4
15:42:11.825	224.7
15:42:11.837	216.3
15:42:11.846	213.3
15:42:11.858	205.1
15:42:11.870	197.9
15:42:11.878	188.9
15:42:11.891	182.2
15:42:11.903	170.4
15:42:11.911	162.6
15:42:11.923	153.8
15:42:11.936	147.0
15:42:11.944	141.3
15:42:11.956	129.7
15:42:11.968	123.2
15:42:11.977	120.1
15:42:11.989	114.4
15:42:12.001	107.2
15:42:12.013	102.8
15:42:12.022	97.2
15:42:12.034	92.1
15:42:12.046	86.8
15:42:12.055	84.6
15:42:12.067	80.4
15:42:12.079	74.3
15:42:12.087	68.0
15:42:12.100	62.3
15:42:12.112	58.3
15:42:12.124	50.4
15:42:12.132	39.7
15:42:12.145	28.9
15:42:12.157	18.1
15:42:12.165	4.1
15:42:12.177	-7.2
15:42:12.190	-17.7
15:42:12.198	-29.2
15:42:12.210	-39.5
15:42:12.222	-52.4
15:42:12.231	-59.9
15:42:12.243	-65.0
15:42:12.255	-71.1
15:42:12.267	-76.9
15:42:12.276	-83.2
15:42:12.288	-86.8
15:42:12.300	-91.3
15:42:12.308	-97.7
15:42:12.321	-104.3
15:42:12.333	-109.1
15:42:12.341	-115.2
15:42:12.353	-123.4
15:42:12.366	-129.7
15:42:12.374	-135.7
15:42:12.386	-138.7
15:42:12.399	-143.3
15:42:12.411	-148.2
15:42:12.419	-151.7
15:42:12.431	-153.1
15:42:12.444	-154.4
15:42:12.452	-154.9
15:42:12.464	-153.5
15:42:12.476	-153.1
15:42:12.484	-151.9
15:42:12.497	-154.0
15:42:12.509	-152.2
15:42:12.521	-151.4
15:42:12.530	-151.1
15:42:12.542	-151.2
15:42:12.554	-150.0
15:42:12.566	-148.6
15:42:12.575	-146.3
15:42:12.587	-143.5
15:42:12.599	-144.1
15:42:12.607	-143.9
15:42:12.620	-145.2
15:42:12.632	-146.8
15:42:12.640	-147.6
15:42:12.652	-148.4
15:42:12.665	-152.0
15:42:12.673	-156.2
15:42:12.685	-160.6
15:42:12.697	-164.5
15:42:12.706	-166.5
15:42:12.718	-167.1
15:42:12.730	-171.5
15:42:12.742	-173.7
15:42:12.751	-174.4
15:42:12.763	-176.6
15:42:12.775	-177.4
15:42:12.783	-175.4
15:42:12.796	-175.5
15:42:12.808	-175.6
15:42:12.820	-176.1
15:42:12.829	-177.6
15:42:12.841	-175.3
15:42:12.853	-173.2
15:42:12.861	-173.2
15:42:12.874	-170.7
15:42:12.886	-169.2
15:42:12.894	-170.0
15:42:12.906	-169.9
15:42:12.919	-171.6
15:42:12.927	-170.3
15:42:12.939	-169.0
15:42:12.951	-169.2
15:42:12.960	-168.7
15:42:12.972	-166.9
15:42:12.984	-169.0
15:42:12.996	-167.9
15:42:13.005	-168.1
15:42:13.017	-165.4
15:42:13.029	-165.6
15:42:13.037	-164.5
15:42:13.050	-164.5
15:42:13.062	-166.0
15:42:13.074	-166.5
15:42:13.083	-166.7
15:42:13.095	-164.0
15:42:13.107	-165.2
15:42:13.115	-165.7
15:42:13.128	-166.7
15:42:13.140	-164.7
15:42:13.148	-165.5
15:42:13.160	-166.2
15:42:13.173	-163.5
15:42:13.181	-162.5
15:42:13.193	-160.8
15:42:13.205	-162.1
15:42:13.214	-160.4
15:42:13.226	-158.3
15:42:13.237	-157.2
15:42:13.250	-156.2
15:42:13.258	-154.8
15:42:13.270	-150.7
15:42:13.282	-147.7
15:42:13.291	-146.1
15:42:13.303	-145.9
15:42:13.315	-141.3
15:42:13.323	-140.2
15:42:13.336	-139.1
15:42:13.348	-138.9
15:42:13.356	-137.9
15:42:13.368	-135.8
15:42:13.381	-137.2
15:42:13.393	-136.8
15:42:13.401	-136.1
15:42:13.413	-134.9
15:42:13.426	-134.4
15:42:13.434	-133.5
15:42:13.446	-131.8
15:42:13.458	-128.4
15:42:13.467	-124.9
15:42:13.479	-120.6
15:42:13.491	-114.3
15:42:13.503	-112.5
15:42:13.512	-110.1
15:42:13.524	-109.1
15:42:13.536	-107.6
15:42:13.544	-104.9
15:42:13.557	-103.7
15:42:13.569	-101.5
15:42:13.577	-101.9
15:42:13.589	-102.8
15:42:13.602	-103.4
15:42:13.610	-101.3
15:42:13.623	-99.7
15:42:13.636	-96.4
15:42:13.644	-96.1
15:42:13.656	-96.4
15:42:13.668	-93.3
15:42:13.681	-93.0
15:42:13.689	-88.6
15:42:13.701	-87.6
15:42:13.713	-84.9
15:42:13.721	-83.2
15:42:13.733	-80.9
15:42:13.745	-77.5
15:42:13.758	-75.8
15:42:13.766	-71.8
15:42:13.778	-70.7
15:42:13.790	-68.2
15:42:13.799	-66.5
15:42:13.811	-62.3
15:42:13.823	-61.4
15:42:13.831	-57.1
15:42:13.844	-58.4
15:42:13.856	-58.7
15:42:13.864	-55.9
15:42:13.876	-55.7
15:42:13.889	-54.5
15:42:13.897	-54.0
15:42:13.909	-52.5
15:42:13.921	-53.9
15:42:13.934	-52.4
15:42:13.942	-54.7
15:42:13.954	-49.9
15:42:13.966	-47.8
15:42:13.975	-46.8
15:42:13.987	-44.5
15:42:13.999	-43.2
15:42:14.007	-40.0
15:42:14.020	-40.7
15:42:14.032	-37.4
15:42:14.044	-37.2
15:42:14.052	-36.1
15:42:14.065	-36.1
15:42:14.077	-35.8
15:42:14.085	-34.2
15:42:14.097	-32.7
15:42:14.110	-29.4
15:42:14.118	-26.6
15:42:14.130	-20.7
15:42:14.142	-18.1
15:42:14.151	-13.1
15:42:14.163	-7.9
15:42:14.175	-3.3
15:42:14.188	1.7
15:42:14.196	6.5
15:42:14.208	12.0
15:42:14.220	15.8
15:42:14.229	18.8
15:42:14.241	20.7
15:42:14.253	21.9
15:42:14.261	23.2
15:42:14.274	25.3
15:42:14.286	28.1
15:42:14.294	29.7
15:42:14.307	29.7
15:42:14.319	31.4
15:42:14.331	34.1
15:42:14.339	35.3
15:42:14.352	37.6
15:42:14.364	41.0
15:42:14.372	44.0
15:42:14.384	47.3
15:42:14.397	47.8
15:42:14.405	46.5
15:42:14.417	48.4
15:42:14.429	48.7
15:42:14.442	48.2
15:42:14.450	49.8
15:42:14.462	49.2
15:42:14.475	48.7
15:42:14.483	48.0
15:42:14.495	46.5
15:42:14.507	46.5
15:42:14.516	48.1
15:42:14.528	47.2
15:42:14.540	46.7
15:42:14.548	47.6
15:42:14.561	47.2
15:42:14.573	45.2
15:42:14.581	46.3
15:42:14.593	45.2
15:42:14.606	44.1
15:42:14.618	46.2
15:42:14.626	45.6
15:42:14.638	49.2
15:42:14.651	49.7
15:42:14.659	48.6
15:42:14.671	47.3
15:42:14.684	48.1
15:42:14.696	47.1
15:42:14.704	48.3
15:42:14.716	47.7
15:42:14.729	46.3
15:42:14.737	47.4
15:42:14.749	46.3
15:42:14.761	46.6
15:42:14.774	46.0
15:42:14.782	45.6
15:42:14.794	48.1
15:42:14.806	48.3
15:42:14.815	50.0
15:42:14.827	51.2
15:42:14.839	51.0
15:42:14.847	51.5
15:42:14.860	52.2
15:42:14.872	53.7
15:42:14.880	55.9
15:42:14.892	57.2
15:42:14.905	57.9
15:42:14.917	57.2
15:42:14.925	57.7
15:42:14.937	57.6
15:42:14.950	58.4
15:42:14.958	59.1
15:42:14.970	59.2
15:42:14.982	57.5
15:42:14.995	54.4
15:42:15.003	55.3
15:42:15.015	54.2
15:42:15.028	56.0
15:42:15.036	57.7
15:42:15.048	61.7
15:42:15.060	66.5
15:42:15.068	68.5
15:42:15.081	71.6
15:42:15.093	74.9
15:42:15.101	79.8
15:42:15.113	81.6
15:42:15.126	84.3
15:42:15.134	86.7
15:42:15.146	87.7
15:42:15.159	87.8
15:42:15.171	86.8
15:42:15.179	87.8
15:42:15.191	86.6
15:42:15.204	87.5
15:42:15.212	88.2
15:42:15.224	88.4
15:42:15.236	88.4
15:42:15.244	87.1
15:42:15.257	84.9
15:42:15.269	82.2
15:42:15.277	80.2
15:42:15.290	80.6
15:42:15.302	80.2
15:42:15.314	80.0
15:42:15.322	78.8
15:42:15.335	77.7
15:42:15.347	77.1
15:42:15.355	78.3
15:42:15.367	79.2
15:42:15.380	81.6
15:42:15.388	80.9
15:42:15.400	79.7
15:42:15.412	80.5
15:42:15.425	78.1
15:42:15.433	77.1
15:42:15.445	77.9
15:42:15.458	81.7
15:42:15.466	80.3
15:42:15.478	78.4
15:42:15.491	80.4
15:42:15.499	80.2
15:42:15.511	80.0
15:42:15.523	77.8
15:42:15.532	77.7
15:42:15.544	78.4
15:42:15.556	79.3
15:42:15.564	74.5
15:42:15.577	76.0
15:42:15.589	76.5
15:42:15.601	73.6
15:42:15.609	75.9
15:42:15.622	76.4
15:42:15.634	77.6
15:42:15.642	78.4
15:42:15.654	79.2
15:42:15.667	80.2
15:42:15.679	81.4
15:42:15.687	82.3
15:42:15.700	85.4
15:42:15.712	87.0
15:42:15.719	88.0
15:42:15.732	90.6
15:42:15.744	92.1
15:42:15.752	94.8
15:42:15.764	96.6
15:42:15.777	97.4
15:42:15.785	99.2
15:42:15.797	100.5
15:42:15.809	100.1
15:42:15.818	99.8
15:42:15.830	100.0
15:42:15.842	97.7
15:42:15.855	97.6
15:42:15.863	98.3
15:42:15.875	98.6
15:42:15.887	96.8
15:42:15.895	95.2
15:42:15.908	93.3
15:42:15.920	92.5
15:42:15.928	94.6
15:42:15.940	95.1
15:42:15.953	97.2
15:42:15.965	97.3
15:42:15.973	98.0
15:42:15.986	100.1
15:42:15.998	103.7
15:42:16.006	110.6
15:42:16.018	115.0
15:42:16.031	119.7
15:42:16.039	119.7
15:42:16.051	122.4
15:42:16.064	125.4
15:42:16.072	128.2
15:42:16.084	128.8
15:42:16.097	128.5
15:42:16.109	127.4
15:42:16.117	123.3
15:42:16.129	122.5
15:42:16.141	119.7
15:42:16.150	121.0
15:42:16.162	119.2
15:42:16.174	115.9
15:42:16.182	114.7
15:42:16.195	113.6
15:42:16.207	111.3
15:42:16.215	111.1
15:42:16.227	109.6
15:42:16.240	107.7
15:42:16.252	104.9
15:42:16.260	99.8
15:42:16.272	94.6
15:42:16.285	91.0
15:42:16.293	86.1
15:42:16.305	81.6
15:42:16.317	79.1
15:42:16.326	74.8
15:42:16.338	70.7
15:42:16.350	67.8
15:42:16.363	63.7
15:42:16.371	62.6
15:42:16.383	61.5
15:42:16.395	56.8
15:42:16.403	55.1
15:42:16.416	50.7
15:42:16.428	48.1
15:42:16.436	44.6
15:42:16.449	42.6
15:42:16.461	37.9
15:42:16.469	39.0
15:42:16.481	34.1
15:42:16.494	31.8
15:42:16.502	32.2
15:42:16.514	29.4
15:42:16.526	29.0
15:42:16.539	25.2
15:42:16.547	24.3
15:42:16.559	24.2
15:42:16.571	24.9
15:42:16.580	22.7
15:42:16.592	22.1
15:42:16.604	19.8
15:42:16.616	17.1
15:42:16.625	9.8
15:42:16.637	1.7
15:42:16.649	-3.6
15:42:16.658	-13.0
15:42:16.670	-23.9
15:42:16.682	-33.8
15:42:16.694	-44.0
15:42:16.702	-53.7
15:42:16.715	-64.1
15:42:16.727	-72.5
15:42:16.735	-77.4
15:42:16.747	-81.1
15:42:16.760	-88.6
15:42:16.768	-93.1
15:42:16.780	-95.7
15:42:16.792	-102.2
15:42:16.801	-106.8
15:42:16.813	-112.7
15:42:16.825	-116.7
15:42:16.838	-121.5
15:42:16.846	-125.3
15:42:16.858	-130.1
15:42:16.870	-132.8
15:42:16.879	-134.8
15:42:16.891	-138.9
15:42:16.903	-140.8
15:42:16.915	-144.0
15:42:16.924	-142.9
15:42:16.936	-143.4
15:42:16.948	-143.5
15:42:16.956	-142.6
15:42:16.969	-143.1
15:42:16.981	-141.3
15:42:16.989	-141.2
15:42:17.001	-141.5
15:42:17.014	-140.9
15:42:17.022	-140.8
15:42:17.034	-141.2
15:42:17.046	-140.9
15:42:17.055	-142.1
15:42:17.067	-143.0
15:42:17.079	-141.4
15:42:17.091	-141.6
15:42:17.100	-142.3
15:42:17.112	-140.3
15:42:17.124	-139.0
15:42:17.132	-139.2
15:42:17.145	-140.4
15:42:17.157	-142.1
15:42:17.165	-142.8
15:42:17.178	-143.1
15:42:17.190	-145.6
15:42:17.199	-147.8
15:42:17.210	-147.5
15:42:17.223	-149.5
15:42:17.235	-151.6
15:42:17.243	-151.3
15:42:17.255	-151.6
15:42:17.268	-150.6
15:42:17.276	-150.1
15:42:17.288	-149.7
15:42:17.300	-147.7
15:42:17.309	-146.9
15:42:17.321	-147.8
15:42:17.334	-148.1
15:42:17.346	-146.6
15:42:17.354	-146.4
15:42:17.366	-144.8
15:42:17.379	-142.0
15:42:17.387	-140.6
15:42:17.399	-140.5
15:42:17.412	-141.4
15:42:17.420	-140.2
15:42:17.432	-136.2
15:42:17.444	-134.6
15:42:17.453	-132.9
15:42:17.465	-129.8
15:42:17.477	-127.8
15:42:17.485	-127.5
15:42:17.498	-125.5
15:42:17.510	-119.7
15:42:17.522	-114.4
15:42:17.530	-108.5
15:42:17.543	-106.4
15:42:17.555	-100.2
15:42:17.563	-93.4
15:42:17.575	-87.0
15:42:17.588	-79.3
15:42:17.600	-71.7
15:42:17.608	-61.4
15:42:17.620	-54.9
15:42:17.633	-45.7
15:42:17.641	-37.4
15:42:17.653	-26.7
15:42:17.666	-18.9
15:42:17.674	-11.7
15:42:17.686	-4.7
15:42:17.698	1.4
15:42:17.706	8.4
15:42:17.719	13.2
15:42:17.731	19.7
15:42:17.739	24.8
15:42:17.752	28.6
15:42:17.764	30.6
15:42:17.776	33.4
15:42:17.784	35.6
15:42:17.797	38.4
15:42:17.809	42.3
15:42:17.817	46.9
15:42:17.829	52.8
15:42:17.842	56.4
15:42:17.850	63.3
15:42:17.862	70.2
15:42:17.874	77.2
15:42:17.887	85.6
15:42:17.895	91.9
15:42:17.907	100.1
15:42:17.919	106.0
15:42:17.928	110.4
15:42:17.940	112.9
15:42:17.952	115.5
15:42:17.960	115.9
15:42:17.973	116.7
15:42:17.985	116.4
15:42:17.993	116.7
15:42:18.005	120.4
15:42:18.018	121.4
15:42:18.030	123.3
15:42:18.038	126.2
15:42:18.051	129.8
15:42:18.063	131.8
15:42:18.071	134.6
15:42:18.083	136.3
15:42:18.096	139.7
15:42:18.104	142.4
15:42:18.116	141.1
15:42:18.128	140.8
15:42:18.137	141.3
15:42:18.149	140.7
15:42:18.161	136.9
15:42:18.173	137.2
15:42:18.182	135.4
15:42:18.194	132.0
15:42:18.206	131.3
15:42:18.214	130.1
15:42:18.227	130.1
15:42:18.239	131.3
15:42:18.247	132.7
15:42:18.260	130.1
15:42:18.272	131.0
15:42:18.284	131.3
15:42:18.292	132.9
15:42:18.304	135.2
15:42:18.317	135.1
15:42:18.325	135.9
15:42:18.337	134.9
15:42:18.350	136.1
15:42:18.358	135.2
15:42:18.370	137.4
15:42:18.382	136.0
15:42:18.390	134.8
15:42:18.403	135.7
15:42:18.415	134.8
15:42:18.427	135.9
15:42:18.435	135.2
15:42:18.448	138.5
15:42:18.460	135.9
15:42:18.468	136.2
15:42:18.481	135.5
15:42:18.493	138.5
15:42:18.505	138.5
15:42:18.513	136.2
15:42:18.526	138.7
15:42:18.538	137.1
15:42:18.546	138.3
15:42:18.558	138.6
15:42:18.571	139.9
15:42:18.583	140.4
15:42:18.591	142.0
15:42:18.603	144.2
15:42:18.616	145.2
15:42:18.624	148.6
15:42:18.636	148.3
15:42:18.648	152.0
15:42:18.657	152.4
15:42:18.669	154.3
15:42:18.681	156.4
15:42:18.689	157.6
15:42:18.702	158.9
15:42:18.714	157.5
15:42:18.722	159.7
15:42:18.734	161.1
15:42:18.747	164.0
15:42:18.759	163.5
15:42:18.767	164.3
15:42:18.780	163.5
15:42:18.792	163.4
15:42:18.800	163.9
15:42:18.812	165.5
15:42:18.825	168.8
15:42:18.837	169.2
15:42:18.845	169.7
15:42:18.857	171.6
15:42:18.870	176.6
15:42:18.878	180.7
15:42:18.890	182.1
15:42:18.902	184.7
15:42:18.911	187.5
15:42:18.923	187.2
15:42:18.935	186.9
15:42:18.943	190.4
15:42:18.956	193.2
15:42:18.968	197.6
15:42:18.976	202.1
15:42:18.988	206.1
15:42:19.001	211.0
15:42:19.013	216.1
15:42:19.021	220.1
15:42:19.033	226.3
15:42:19.046	232.2
15:42:19.054	234.5
15:42:19.066	235.5
15:42:19.078	234.3
15:42:19.087	231.4
15:42:19.099	229.2
15:42:19.111	227.9
15:42:19.119	224.1
15:42:19.132	224.2
15:42:19.144	221.3
15:42:19.156	217.7
15:42:19.165	216.3
15:42:19.177	212.0
15:42:19.189	208.2
15:42:19.197	204.4
15:42:19.210	201.7
15:42:19.222	197.8
15:42:19.230	192.9
15:42:19.242	185.9
15:42:19.255	180.7
15:42:19.267	175.3
15:42:19.275	168.2
15:42:19.287	162.3
15:42:19.300	154.4
15:42:19.308	145.9
15:42:19.320	135.8
15:42:19.332	127.6
15:42:19.340	119.4
15:42:19.353	109.4
15:42:19.365	101.9
15:42:19.373	93.7
15:42:19.386	85.7
15:42:19.398	79.2
15:42:19.406	75.0
15:42:19.418	68.6
15:42:19.431	64.0
15:42:19.443	58.7
15:42:19.451	53.5
15:42:19.463	48.9
15:42:19.476	42.1
15:42:19.484	38.9
15:42:19.496	33.6
15:42:19.508	29.5
15:42:19.521	22.5
15:42:19.529	11.5
15:42:19.541	-2.6
15:42:19.553	-18.8
15:42:19.562	-32.0
15:42:19.574	-46.1
15:42:19.586	-58.8
15:42:19.594	-75.5
15:42:19.607	-87.8
15:42:19.619	-102.6
15:42:19.627	-115.5
15:42:19.639	-122.1
15:42:19.652	-124.5
15:42:19.660	-128.6
15:42:19.672	-134.6
15:42:19.685	-139.5
15:42:19.697	-146.5
15:42:19.705	-151.7
15:42:19.717	-159.7
15:42:19.730	-163.8
15:42:19.738	-169.0
15:42:19.750	-173.5
15:42:19.762	-180.6
15:42:19.770	-182.6
15:42:19.783	-183.2
15:42:19.795	-184.9
15:42:19.807	-184.3
15:42:19.815	-183.5
15:42:19.828	-179.7
15:42:19.840	-181.0
15:42:19.848	-181.0
15:42:19.861	-182.3
15:42:19.873	-183.8
15:42:19.881	-187.5
15:42:19.893	-188.8
15:42:19.906	-191.3
15:42:19.914	-193.8
15:42:19.926	-195.4
15:42:19.938	-199.9
15:42:19.951	-200.6
15:42:19.959	-203.1
15:42:19.971	-206.0
15:42:19.984	-203.7
15:42:19.992	-202.4
15:42:20.004	-202.8
15:42:20.016	-202.3
15:42:20.024	-202.7
15:42:20.037	-204.0
15:42:20.049	-203.7
15:42:20.057	-205.2
15:42:20.069	-207.1
15:42:20.082	-207.1
15:42:20.094	-209.7
15:42:20.102	-210.9
15:42:20.114	-211.9
15:42:20.127	-210.9
15:42:20.135	-211.9
15:42:20.147	-213.2
15:42:20.159	-212.8
15:42:20.168	-212.3
15:42:20.180	-210.8
15:42:20.192	-207.8
15:42:20.205	-209.2
15:42:20.213	-206.7
15:42:20.225	-206.8
15:42:20.237	-207.3
15:42:20.245	-208.0
15:42:20.258	-206.4
15:42:20.270	-204.7
15:42:20.278	-204.8
15:42:20.291	-205.1
15:42:20.303	-206.0
15:42:20.311	-203.6
15:42:20.323	-205.3
15:42:20.336	-203.9
15:42:20.344	-201.4
15:42:20.356	-199.5
15:42:20.368	-200.0
15:42:20.381	-201.5
15:42:20.389	-200.7
15:42:20.401	-200.4
15:42:20.414	-200.6
15:42:20.426	-201.4
15:42:20.434	-200.9
15:42:20.446	-199.4
15:42:20.459	-201.7
15:42:20.467	-198.9
15:42:20.479	-198.4
15:42:20.492	-197.4
15:42:20.504	-196.5
15:42:20.512	-193.7
15:42:20.524	-191.9
15:42:20.537	-190.3
15:42:20.545	-185.8
15:42:20.557	-185.7
15:42:20.569	-183.7
15:42:20.578	-181.6
15:42:20.590	-180.5
15:42:20.602	-177.5
15:42:20.610	-174.0
15:42:20.623	-172.2
15:42:20.635	-169.9
15:42:20.643	-167.1
15:42:20.655	-168.6
15:42:20.668	-165.8
15:42:20.680	-164.0
15:42:20.688	-163.1
15:42:20.700	-158.3
15:42:20.713	-154.8
15:42:20.721	-153.9
15:42:20.733	-150.2
15:42:20.746	-146.0
15:42:20.758	-141.4
15:42:20.766	-136.6
15:42:20.778	-133.9
15:42:20.791	-129.4
15:42:20.798	-125.7
15:42:20.811	-122.7
15:42:20.823	-120.5
15:42:20.831	-117.8
15:42:20.843	-116.0
15:42:20.856	-112.5
15:42:20.864	-109.5
15:42:20.876	-105.0
15:42:20.889	-101.8
15:42:20.897	-101.3
15:42:20.909	-99.4
15:42:20.922	-97.3
15:42:20.934	-95.6
15:42:20.942	-93.0
15:42:20.954	-89.6
15:42:20.967	-87.1
15:42:20.975	-86.0
15:42:20.987	-84.9
15:42:20.999	-83.4
15:42:21.008	-81.0
15:42:21.020	-80.6
15:42:21.032	-79.2
15:42:21.040	-79.1
15:42:21.053	-78.4
15:42:21.065	-77.3
15:42:21.077	-80.0
15:42:21.085	-78.1
15:42:21.098	-80.0
15:42:21.110	-81.3
15:42:21.118	-81.3
15:42:21.130	-80.8
15:42:21.143	-81.5
15:42:21.151	-83.1
15:42:21.163	-82.5
15:42:21.176	-86.0
15:42:21.188	-86.6
15:42:21.196	-92.3
15:42:21.208	-93.6
15:42:21.221	-94.8
15:42:21.229	-96.2
15:42:21.241	-98.2
15:42:21.253	-100.6
15:42:21.262	-100.3
15:42:21.274	-102.4
15:42:21.286	-101.1
15:42:21.294	-101.9
15:42:21.307	-103.5
15:42:21.319	-106.2
15:42:21.327	-109.3
15:42:21.339	-110.9
15:42:21.352	-113.6
15:42:21.364	-114.7
15:42:21.372	-116.5
15:42:21.384	-119.2
15:42:21.397	-121.5
15:42:21.405	-122.3
15:42:21.417	-121.2
15:42:21.429	-121.5
15:42:21.442	-119.9
15:42:21.450	-117.9
15:42:21.462	-115.7
15:42:21.475	-113.3
15:42:21.483	-113.7
15:42:21.495	-111.4
15:42:21.507	-109.3
15:42:21.516	-107.4
15:42:21.528	-104.7
15:42:21.540	-101.1
15:42:21.548	-100.4
15:42:21.561	-101.1
15:42:21.573	-100.6
15:42:21.581	-100.4
15:42:21.593	-97.0
15:42:21.606	-95.8
15:42:21.618	-93.6
15:42:21.626	-92.2
15:42:21.638	-91.6
15:42:21.651	-89.3
15:42:21.659	-85.7
15:42:21.671	-79.5
15:42:21.683	-76.2
15:42:21.692	-74.1
15:42:21.704	-71.2
15:42:21.716	-67.1
15:42:21.728	-67.8
15:42:21.737	-65.7
15:42:21.749	-62.7
15:42:21.761	-61.5
15:42:21.769	-61.7
15:42:21.782	-64.6
15:42:21.794	-63.0
15:42:21.802	-60.4
15:42:21.814	-59.3
15:42:21.827	-58.9
15:42:21.835	-57.3
15:42:21.847	-56.1
15:42:21.859	-57.0
15:42:21.872	-56.1
15:42:21.880	-54.4
15:42:21.892	-52.8
15:42:21.904	-51.7
15:42:21.913	-51.6
15:42:21.925	-50.6
15:42:21.937	-50.0
15:42:21.945	-47.5
15:42:21.958	-49.0
15:42:21.970	-47.6
15:42:21.978	-47.1
15:42:21.990	-46.8
15:42:22.003	-44.7
15:42:22.015	-45.2
15:42:22.023	-44.7
15:42:22.036	-45.9
15:42:22.048	-43.5
15:42:22.056	-42.7
15:42:22.068	-42.8
15:42:22.081	-42.2
15:42:22.089	-41.7
15:42:22.101	-40.7
15:42:22.113	-41.0
15:42:22.126	-39.3
15:42:22.134	-39.3
15:42:22.146	-37.1
15:42:22.158	-39.4
15:42:22.167	-40.2
15:42:22.179	-37.3
15:42:22.191	-36.5
15:42:22.199	-35.6
15:42:22.212	-36.8
15:42:22.224	-36.5
15:42:22.232	-35.9
15:42:22.244	-34.4
15:42:22.257	-34.7
15:42:22.265	-31.9
15:42:22.277	-31.9
15:42:22.289	-31.1
15:42:22.302	-30.0
15:42:22.310	-29.9
15:42:22.322	-27.9
15:42:22.334	-27.5
15:42:22.343	-25.7
15:42:22.355	-26.9
15:42:22.367	-27.4
15:42:22.380	-28.1
15:42:22.388	-26.3
15:42:22.400	-25.0
15:42:22.412	-24.2
15:42:22.420	-22.9
15:42:22.433	-21.0
15:42:22.445	-19.2
15:42:22.453	-19.5
15:42:22.465	-16.6
15:42:22.478	-14.6
15:42:22.486	-13.6
15:42:22.498	-13.6
15:42:22.511	-11.8
15:42:22.519	-10.1
15:42:22.531	-7.3
15:42:22.543	-4.5
15:42:22.556	-2.9
15:42:22.564	-0.7
15:42:22.576	1.2
15:42:22.588	4.1
15:42:22.596	6.6
15:42:22.609	8.8
15:42:22.621	10.4
15:42:22.633	12.6
15:42:22.642	14.1
15:42:22.654	15.2
15:42:22.666	16.2
15:42:22.678	18.0
15:42:22.687	20.2
15:42:22.699	20.3
15:42:22.711	21.8
15:42:22.719	23.8
15:42:22.732	22.9
15:42:22.744	22.9
15:42:22.752	20.9
15:42:22.764	21.0
15:42:22.777	22.2
15:42:22.785	22.0
15:42:22.797	19.9
15:42:22.809	19.3
15:42:22.818	18.5
15:42:22.830	20.4
15:42:22.842	22.0
15:42:22.854	22.5
15:42:22.863	26.1
15:42:22.875	26.1
15:42:22.887	28.5
15:42:22.896	28.7
15:42:22.908	31.0
15:42:22.920	34.0
15:42:22.928	35.1
15:42:22.941	34.1
15:42:22.953	33.9
15:42:22.961	36.1
15:42:22.973	35.9
15:42:22.986	36.1
15:42:22.998	33.1
15:42:23.006	33.3
15:42:23.018	34.3
15:42:23.031	33.4
15:42:23.039	34.8
15:42:23.051	36.2
15:42:23.064	37.9
15:42:23.072	37.8
15:42:23.084	37.8
15:42:23.096	40.1
15:42:23.109	43.4
15:42:23.117	44.8
15:42:23.129	45.4
15:42:23.141	46.9
15:42:23.149	46.7
15:42:23.162	47.0
15:42:23.174	47.8
15:42:23.182	48.9
15:42:23.195	50.4
15:42:23.207	51.4
15:42:23.215	51.4
15:42:23.227	53.0
15:42:23.240	52.3
15:42:23.248	53.8
15:42:23.260	54.4
15:42:23.272	54.5
15:42:23.285	55.7
15:42:23.293	54.1
15:42:23.305	54.1
15:42:23.317	52.1
15:42:23.326	53.9
15:42:23.338	52.8
15:42:23.350	52.3
15:42:23.362	51.2
15:42:23.371	51.4
15:42:23.383	53.0
15:42:23.395	51.4
15:42:23.403	51.6
15:42:23.416	51.3
15:42:23.428	53.7
15:42:23.436	52.3
15:42:23.448	55.9
15:42:23.461	58.1
15:42:23.469	59.2
15:42:23.481	61.0
15:42:23.493	61.9
15:42:23.502	64.1
15:42:23.514	66.0
15:42:23.527	66.4
15:42:23.539	66.6
15:42:23.547	69.8
15:42:23.559	67.0
15:42:23.572	67.3
15:42:23.580	67.9
15:42:23.592	67.5
15:42:23.604	67.8
15:42:23.613	67.4
15:42:23.625	66.7
15:42:23.637	68.6
15:42:23.649	66.3
15:42:23.658	63.6
15:42:23.670	62.3
15:42:23.682	61.4
15:42:23.690	60.7
15:42:23.703	60.5
15:42:23.715	59.2
15:42:23.723	58.1
15:42:23.735	59.1
15:42:23.748	58.7
15:42:23.756	62.6
15:42:23.768	62.5
15:42:23.780	65.3
15:42:23.793	66.8
15:42:23.801	70.0
15:42:23.813	71.7
15:42:23.825	72.9
15:42:23.834	75.7
15:42:23.846	77.8
15:42:23.858	79.4
15:42:23.866	78.5
15:42:23.879	81.0
15:42:23.891	82.3
15:42:23.899	82.6
15:42:23.911	84.3
15:42:23.924	87.1
15:42:23.936	90.8
15:42:23.944	92.3
15:42:23.957	94.6
15:42:23.969	96.3
15:42:23.977	99.8
15:42:23.989	102.4
15:42:24.002	106.0
15:42:24.010	110.7
15:42:24.022	111.9
15:42:24.034	112.7
15:42:24.047	111.8
15:42:24.055	112.8
15:42:24.067	113.1
15:42:24.079	114.6
15:42:24.088	116.1
15:42:24.100	115.6
15:42:24.112	113.4
15:42:24.120	115.6
15:42:24.133	118.2
15:42:24.145	121.8
15:42:24.153	124.0
15:42:24.165	127.9
15:42:24.178	130.2
15:42:24.186	132.0
15:42:24.198	134.2
15:42:24.210	136.6
15:42:24.223	141.1
15:42:24.231	142.9
15:42:24.243	144.3
15:42:24.255	142.5
15:42:24.264	146.7
15:42:24.276	144.6
15:42:24.288	146.8
15:42:24.300	147.8
15:42:24.309	149.8
15:42:24.321	153.0
15:42:24.333	154.5
15:42:24.345	153.0
15:42:24.354	153.0
15:42:24.366	159.4
15:42:24.378	160.9
15:42:24.386	168.8
15:42:24.399	173.1
15:42:24.411	176.8
15:42:24.419	180.5
15:42:24.431	183.7
15:42:24.444	186.5
15:42:24.452	192.1
15:42:24.464	194.7
15:42:24.477	193.8
15:42:24.485	194.9
15:42:24.497	195.4
15:42:24.509	195.8
15:42:24.521	199.0
15:42:24.530	200.9
15:42:24.542	203.0
15:42:24.554	205.1
15:42:24.563	206.5
15:42:24.575	209.3
15:42:24.587	210.9
15:42:24.599	211.5
15:42:24.608	210.8
15:42:24.620	211.2
15:42:24.632	210.9
15:42:24.640	209.9
15:42:24.653	208.5
15:42:24.665	208.0
15:42:24.673	207.4
15:42:24.685	205.0
15:42:24.698	206.5
15:42:24.706	204.8
15:42:24.718	205.2
15:42:24.730	204.0
15:42:24.739	201.3
15:42:24.751	201.0
15:42:24.763	200.8
15:42:24.775	198.6
15:42:24.784	197.6
15:42:24.796	196.7
15:42:24.808	194.0
15:42:24.816	193.5
15:42:24.829	190.2
15:42:24.841	189.9
15:42:24.849	189.4
15:42:24.861	185.5
15:42:24.874	184.2
15:42:24.882	185.7
15:42:24.894	185.4
15:42:24.906	185.6
15:42:24.919	182.2
15:42:24.927	181.7
15:42:24.939	181.8
15:42:24.951	177.1
15:42:24.960	175.5
15:42:24.972	175.6
15:42:24.984	174.6
15:42:24.992	168.6
15:42:25.005	167.0
15:42:25.017	164.0
15:42:25.029	163.1
15:42:25.038	160.8
15:42:25.050	156.9
15:42:25.062	157.4
15:42:25.070	156.2
15:42:25.083	153.6
15:42:25.095	148.4
15:42:25.103	148.8
15:42:25.115	140.1
15:42:25.128	138.0
15:42:25.136	134.1
15:42:25.148	128.2
15:42:25.160	124.3
15:42:25.169	119.6
15:42:25.181	113.8
15:42:25.193	105.2
15:42:25.205	98.7
15:42:25.214	88.6
15:42:25.226	84.2
15:42:25.238	75.0
15:42:25.246	66.3
15:42:25.259	60.0
15:42:25.271	52.0
15:42:25.283	46.2
15:42:25.291	42.4
15:42:25.304	38.9
15:42:25.316	34.9
15:42:25.324	33.5
15:42:25.336	29.8
15:42:25.349	27.4
15:42:25.357	24.7
15:42:25.369	23.0
15:42:25.381	22.9
15:42:25.390	19.1
15:42:25.402	18.8
15:42:25.414	17.0
15:42:25.422	12.8
15:42:25.435	9.4
15:42:25.447	6.9
15:42:25.459	4.9
15:42:25.467	3.2
15:42:25.480	0.3
15:42:25.492	-2.9
15:42:25.500	-5.2
15:42:25.513	-11.7
15:42:25.525	-12.9
15:42:25.533	-12.5
15:42:25.545	-12.9
15:42:25.558	-11.7
15:42:25.570	-13.0
15:42:25.578	-14.2
15:42:25.590	-13.8
15:42:25.603	-14.2
15:42:25.611	-13.3
15:42:25.623	-14.0
15:42:25.635	-16.2
15:42:25.644	-18.9
15:42:25.656	-24.4
15:42:25.668	-35.8
15:42:25.676	-44.9
15:42:25.689	-50.0
15:42:25.701	-57.7
15:42:25.713	-67.3
15:42:25.721	-76.9
15:42:25.734	-87.4
15:42:25.746	-96.5
15:42:25.754	-104.6
15:42:25.766	-109.5
15:42:25.779	-109.8
15:42:25.787	-112.6
15:42:25.799	-116.9
15:42:25.811	-122.1
15:42:25.820	-123.2
15:42:25.832	-126.7
15:42:25.844	-126.7
15:42:25.857	-129.6
15:42:25.865	-131.5
15:42:25.877	-135.1
15:42:25.889	-139.7
15:42:25.897	-140.8
15:42:25.910	-143.5
15:42:25.922	-141.5
15:42:25.930	-145.4
15:42:25.942	-148.9
15:42:25.955	-152.3
15:42:25.967	-154.5
15:42:25.975	-157.4
15:42:25.988	-156.7
15:42:26.000	-158.5
15:42:26.008	-161.1
15:42:26.020	-162.6
15:42:26.033	-168.0
15:42:26.041	-168.5
15:42:26.053	-167.6
15:42:26.065	-169.9
15:42:26.074	-170.8
15:42:26.086	-170.3
15:42:26.098	-175.1
15:42:26.106	-177.6
15:42:26.119	-179.6
15:42:26.131	-181.2
15:42:26.143	-181.0
15:42:26.151	-182.1
15:42:26.164	-185.2
15:42:26.176	-185.1
15:42:26.184	-184.0
15:42:26.196	-186.6
15:42:26.209	-187.2
15:42:26.221	-182.1
15:42:26.229	-180.6
15:42:26.241	-180.7
15:42:26.254	-179.7
15:42:26.266	-179.2
15:42:26.274	-177.2
15:42:26.286	-175.4
15:42:26.299	-175.6
15:42:26.307	-173.3
15:42:26.319	-168.8
15:42:26.331	-169.8
15:42:26.340	-168.3
15:42:26.352	-167.0
15:42:26.364	-167.2
15:42:26.372	-164.4
15:42:26.385	-164.0
15:42:26.397	-163.1
15:42:26.405	-158.5
15:42:26.417	-153.2
15:42:26.430	-152.8
15:42:26.442	-149.4
15:42:26.450	-147.4
15:42:26.463	-144.0
15:42:26.475	-141.1
15:42:26.483	-140.4
15:42:26.495	-137.1
15:42:26.508	-133.9
15:42:26.520	-133.9
15:42:26.528	-134.4
15:42:26.540	-129.5
15:42:26.553	-129.3
15:42:26.561	-126.4
15:42:26.573	-124.9
15:42:26.585	-120.9
15:42:26.594	-119.2
15:42:26.606	-116.9
15:42:26.618	-115.7
15:42:26.626	-114.0
15:42:26.639	-112.7
15:42:26.651	-113.0
15:42:26.659	-111.2
15:42:26.671	-110.5
15:42:26.684	-106.3
15:42:26.696	-107.8
15:42:26.704	-105.1
15:42:26.716	-103.0
15:42:26.729	-102.5
15:42:26.737	-101.0
15:42:26.749	-99.8
15:42:26.761	-99.2
15:42:26.770	-98.2
15:42:26.782	-94.1
15:42:26.794	-94.1
15:42:26.802	-88.7
15:42:26.815	-86.5
15:42:26.827	-86.0
15:42:26.839	-84.0
15:42:26.847	-81.1
15:42:26.860	-77.9
15:42:26.872	-74.6
15:42:26.880	-71.2
15:42:26.893	-69.1
15:42:26.905	-65.9
15:42:26.913	-65.1
15:42:26.925	-62.2
15:42:26.938	-56.7
15:42:26.950	-51.4
15:42:26.958	-47.6
15:42:26.971	-43.8
15:42:26.983	-39.7
15:42:26.991	-37.2
15:42:27.003	-34.7
15:42:27.016	-33.2
15:42:27.024	-31.0
15:42:27.036	-29.7
15:42:27.048	-28.4
15:42:27.056	-27.8
15:42:27.069	-27.0
15:42:27.081	-24.3
15:42:27.089	-22.0
15:42:27.102	-16.6
15:42:27.114	-12.6
15:42:27.126	-8.7
15:42:27.134	-5.3
15:42:27.147	2.1
15:42:27.159	5.6
15:42:27.167	8.3
15:42:27.179	13.8
15:42:27.192	15.9
15:42:27.204	18.7
15:42:27.212	19.0
15:42:27.224	19.7
15:42:27.237	21.9
15:42:27.245	26.2
15:42:27.257	25.7
15:42:27.269	26.6
15:42:27.278	31.9
15:42:27.290	33.1
15:42:27.302	37.6
15:42:27.311	40.6
15:42:27.323	44.7
15:42:27.335	46.5
15:42:27.343	47.7
15:42:27.356	46.8
15:42:27.368	48.6
15:42:27.380	53.2
15:42:27.389	53.1
15:42:27.401	52.9
15:42:27.413	50.7
15:42:27.421	49.9
15:42:27.434	49.8
15:42:27.446	50.0
15:42:27.454	51.6
15:42:27.466	52.9
15:42:27.479	53.9
15:42:27.491	52.4
15:42:27.499	53.4
15:42:27.511	55.0
15:42:27.524	57.1
15:42:27.532	58.7
15:42:27.544	57.7
15:42:27.557	59.4
15:42:27.565	57.7
15:42:27.577	59.9
15:42:27.589	60.4
15:42:27.597	62.7
15:42:27.610	62.3
15:42:27.622	64.2
15:42:27.634	64.9
15:42:27.643	66.7
15:42:27.655	71.2
15:42:27.667	71.8
15:42:27.675	75.4
15:42:27.687	74.4
15:42:27.700	76.2
15:42:27.708	76.7
15:42:27.720	80.1
15:42:27.733	78.4
15:42:27.741	80.7
15:42:27.753	81.0
15:42:27.765	80.7
15:42:27.778	83.0
15:42:27.786	85.2
15:42:27.798	86.7
15:42:27.810	88.0
15:42:27.819	90.3
15:42:27.831	91.5
15:42:27.843	95.0
15:42:27.851	96.2
15:42:27.864	98.1
15:42:27.876	100.0
15:42:27.888	99.0
15:42:27.896	101.1
15:42:27.909	104.3
15:42:27.921	106.5
15:42:27.929	104.7
15:42:27.941	104.2
15:42:27.954	104.2
15:42:27.962	103.6
15:42:27.974	103.1
15:42:27.986	104.0
15:42:27.995	106.2
15:42:28.007	104.9
15:42:28.019	107.1
15:42:28.027	109.1
15:42:28.040	115.7
15:42:28.052	119.7
15:42:28.064	123.7
15:42:28.072	128.5
15:42:28.085	132.8
15:42:28.097	136.1
15:42:28.105	140.5
15:42:28.118	144.8
15:42:28.130	143.6
15:42:28.142	144.3
15:42:28.150	144.5
15:42:28.163	144.9
15:42:28.175	145.1
15:42:28.183	144.5
15:42:28.195	145.9
15:42:28.208	145.1
15:42:28.216	146.7
15:42:28.228	148.2
15:42:28.240	152.8
15:42:28.253	151.5
15:42:28.261	150.9
15:42:28.273	150.9
15:42:28.285	152.9
15:42:28.294	153.1
15:42:28.306	150.7
15:42:28.318	152.7
15:42:28.326	150.9
15:42:28.339	150.4
15:42:28.351	146.5
15:42:28.363	147.5
15:42:28.371	147.3
15:42:28.384	146.8
15:42:28.396	145.8
15:42:28.404	145.1
15:42:28.416	147.0
15:42:28.429	145.3
15:42:28.441	143.7
15:42:28.449	141.9
15:42:28.461	142.1
15:42:28.474	139.7
15:42:28.482	137.3
15:42:28.494	136.6
15:42:28.506	133.7
15:42:28.515	134.7
15:42:28.527	131.3
15:42:28.539	130.7
15:42:28.547	130.7
15:42:28.560	129.1
15:42:28.572	126.4
15:42:28.580	126.2
15:42:28.592	125.7
15:42:28.605	123.5
15:42:28.617	123.1
15:42:28.625	121.0
15:42:28.638	119.6
15:42:28.650	117.6
15:42:28.658	115.9
15:42:28.670	115.4
15:42:28.683	115.7
15:42:28.691	114.2
15:42:28.703	112.6
15:42:28.715	112.1
15:42:28.724	112.1
15:42:28.736	111.2
15:42:28.748	112.1
15:42:28.760	112.1
15:42:28.769	110.7
15:42:28.781	108.9
15:42:28.793	109.9
15:42:28.801	109.1
15:42:28.814	107.7
15:42:28.826	109.9
15:42:28.834	109.9
15:42:28.847	108.5
15:42:28.859	108.0
15:42:28.871	106.3
15:42:28.879	107.4
15:42:28.892	107.2
15:42:28.904	105.6
15:42:28.912	104.5
15:42:28.924	105.3
15:42:28.937	102.8
15:42:28.945	100.6
15:42:28.957	101.9
15:42:28.969	101.4
15:42:28.978	101.6
15:42:28.990	99.6
15:42:29.002	98.2
15:42:29.010	95.2
15:42:29.023	95.0
15:42:29.035	92.0
15:42:29.047	87.8
15:42:29.056	86.4
15:42:29.068	78.4
15:42:29.080	72.4
15:42:29.088	65.9
15:42:29.101	59.6
15:42:29.113	54.1
15:42:29.125	50.4
15:42:29.133	45.4
15:42:29.146	39.7
15:42:29.158	36.4
15:42:29.166	28.7
15:42:29.178	28.8
15:42:29.191	25.2
15:42:29.199	22.4
15:42:29.211	20.6
15:42:29.223	15.6
15:42:29.232	11.1
15:42:29.244	5.8
15:42:29.256	5.9
15:42:29.264	1.6
15:42:29.277	-0.8
15:42:29.289	-6.7
15:42:29.301	-6.6
15:42:29.309	-9.8
15:42:29.322	-13.8
15:42:29.334	-14.9
15:42:29.342	-16.1
15:42:29.355	-16.7
15:42:29.367	-20.9
15:42:29.375	-21.3
15:42:29.387	-22.5
15:42:29.400	-22.5
15:42:29.412	-26.9
15:42:29.420	-28.1
15:42:29.432	-34.4
15:42:29.445	-41.6
15:42:29.453	-49.7
15:42:29.465	-55.0
15:42:29.477	-62.7
15:42:29.486	-71.0
15:42:29.498	-76.3
15:42:29.510	-82.6
15:42:29.518	-90.1
15:42:29.531	-98.6
15:42:29.543	-100.4
15:42:29.555	-102.4
15:42:29.563	-105.4
15:42:29.576	-110.5
15:42:29.588	-112.7
15:42:29.596	-114.1
15:42:29.608	-118.7
15:42:29.621	-122.9
15:42:29.629	-125.2
15:42:29.641	-127.5
15:42:29.653	-131.8
15:42:29.662	-134.5
15:42:29.674	-135.2
15:42:29.686	-137.2
15:42:29.698	-140.0
15:42:29.707	-142.3
15:42:29.719	-145.4
15:42:29.731	-147.4
15:42:29.739	-149.6
15:42:29.752	-151.2
15:42:29.764	-151.2
15:42:29.772	-151.6
15:42:29.784	-153.4
15:42:29.797	-153.2
15:42:29.809	-153.6
15:42:29.817	-155.7
15:42:29.829	-156.2
15:42:29.842	-157.8
15:42:29.850	-160.4
15:42:29.862	-162.6
15:42:29.875	-165.2
15:42:29.883	-168.0
15:42:29.895	-168.4
15:42:29.908	-169.8
15:42:29.916	-170.7
15:42:29.928	-171.3
15:42:29.940	-172.2
15:42:29.948	-172.0
15:42:29.961	-171.2
15:42:29.973	-169.6
15:42:29.985	-167.0
15:42:29.994	-163.8
15:42:30.006	-163.8
15:42:30.018	-163.2
15:42:30.026	-161.2
15:42:30.039	-158.1
15:42:30.051	-156.3
15:42:30.063	-155.3
15:42:30.071	-154.4
15:42:30.084	-152.4
15:42:30.096	-153.2
15:42:30.104	-153.6
15:42:30.116	-152.8
15:42:30.129	-151.6
15:42:30.137	-151.9
15:42:30.149	-153.0
15:42:30.161	-151.0
15:42:30.170	-149.2
15:42:30.182	-147.3
15:42:30.194	-145.1
15:42:30.206	-143.4
15:42:30.215	-141.8
15:42:30.227	-141.8
15:42:30.239	-141.6
15:42:30.247	-139.4
15:42:30.259	-140.6
15:42:30.272	-142.4
15:42:30.284	-143.7
15:42:30.293	-143.9
15:42:30.305	-146.4
15:42:30.317	-147.3
15:42:30.325	-148.2
15:42:30.338	-145.8
15:42:30.350	-146.3
15:42:30.362	-146.3
15:42:30.370	-143.7
15:42:30.383	-142.3
15:42:30.395	-140.3
15:42:30.403	-139.7
15:42:30.415	-136.6
15:42:30.428	-134.4
15:42:30.436	-131.4
15:42:30.448	-131.3
15:42:30.460	-128.4
15:42:30.469	-126.7
15:42:30.481	-125.4
15:42:30.493	-123.4
15:42:30.501	-122.9
15:42:30.514	-121.2
15:42:30.526	-119.0
15:42:30.538	-116.7
15:42:30.547	-115.7
15:42:30.559	-111.7
15:42:30.571	-110.6
15:42:30.579	-106.4
15:42:30.592	-104.6
15:42:30.604	-101.6
15:42:30.612	-99.5
15:42:30.625	-96.7
15:42:30.637	-95.3
15:42:30.645	-95.1
15:42:30.657	-91.8
15:42:30.669	-95.3
15:42:30.682	-94.5
15:42:30.690	-95.2
15:42:30.702	-92.0
15:42:30.714	-91.5
15:42:30.723	-87.0
15:42:30.735	-84.8
15:42:30.747	-82.5
15:42:30.756	-77.7
15:42:30.768	-76.0
15:42:30.780	-71.3
15:42:30.792	-67.5
15:42:30.801	-64.6
15:42:30.813	-61.7
15:42:30.825	-56.4
15:42:30.833	-54.0
15:42:30.846	-49.5
15:42:30.858	-45.6
15:42:30.866	-42.9
15:42:30.878	-40.8
15:42:30.891	-35.1
15:42:30.899	-30.5
15:42:30.911	-25.0
15:42:30.923	-22.3
15:42:30.932	-18.5
15:42:30.944	-13.3
15:42:30.956	-10.9
15:42:30.968	-8.4
15:42:30.977	-3.6
15:42:30.989	2.1
15:42:31.001	5.1
15:42:31.009	9.0
15:42:31.022	9.4
15:42:31.034	12.5
15:42:31.046	15.3
15:42:31.055	15.3
15:42:31.067	18.6
15:42:31.079	19.4
15:42:31.087	20.1
15:42:31.100	19.5
15:42:31.112	21.6
15:42:31.120	20.8
15:42:31.132	22.5
15:42:31.145	24.3
15:42:31.153	23.9
15:42:31.165	24.8
15:42:31.177	26.7
15:42:31.186	26.9
15:42:31.198	28.1
15:42:31.210	29.9
15:42:31.222	28.5
15:42:31.231	28.7
15:42:31.243	30.3
15:42:31.255	28.1
15:42:31.263	28.1
15:42:31.276	28.7
15:42:31.288	26.2
15:42:31.296	28.8
15:42:31.308	28.8
15:42:31.321	29.4
15:42:31.333	29.7
15:42:31.341	31.3
15:42:31.353	30.6
15:42:31.366	33.7
15:42:31.374	35.2
15:42:31.386	35.5
15:42:31.398	38.5
15:42:31.407	37.9
15:42:31.419	39.2
15:42:31.431	39.6
15:42:31.440	42.6
15:42:31.452	43.1
15:42:31.464	43.8
15:42:31.476	44.7
15:42:31.485	43.3
15:42:31.497	44.2
15:42:31.509	43.7
15:42:31.517	45.0
15:42:31.530	46.1
15:42:31.542	48.6
15:42:31.550	50.6
15:42:31.562	54.2
15:42:31.575	57.8
15:42:31.583	60.0
15:42:31.595	65.2
15:42:31.607	69.4
15:42:31.620	76.5
15:42:31.628	79.4
15:42:31.640	82.5
15:42:31.652	82.7
15:42:31.661	84.9
15:42:31.673	87.4
15:42:31.685	88.1
15:42:31.693	89.7
15:42:31.706	89.0
15:42:31.718	88.9
15:42:31.730	83.8
15:42:31.738	84.6
15:42:31.751	84.4
15:42:31.763	85.3
15:42:31.771	85.3
15:42:31.784	84.7
15:42:31.796	86.6
15:42:31.804	87.5
15:42:31.816	89.2
15:42:31.829	91.1
15:42:31.837	92.0
15:42:31.849	92.9
15:42:31.861	95.3
15:42:31.870	101.3
15:42:31.882	109.5
15:42:31.894	119.6
15:42:31.906	129.3
15:42:31.915	140.9
15:42:31.927	149.9
15:42:31.939	158.0
15:42:31.947	166.8
15:42:31.960	174.2
15:42:31.972	181.0
15:42:31.984	182.8
15:42:31.992	181.8
15:42:32.005	178.8
15:42:32.017	176.6
15:42:32.025	170.6
15:42:32.037	167.5
15:42:32.050	164.1
15:42:32.058	162.9
15:42:32.070	162.5
15:42:32.082	159.5
15:42:32.091	161.2
15:42:32.103	162.0
15:42:32.115	162.2
15:42:32.123	160.9
15:42:32.136	161.4
15:42:32.148	159.4
15:42:32.160	157.6
15:42:32.168	155.1
15:42:32.181	151.8
15:42:32.193	149.8
15:42:32.205	145.1
15:42:32.214	140.3
15:42:32.226	136.3
15:42:32.238	134.8
15:42:32.246	131.9
15:42:32.259	131.6
15:42:32.271	130.4
15:42:32.283	129.0
15:42:32.291	130.2
15:42:32.304	128.8
15:42:32.316	132.8
15:42:32.324	137.5
15:42:32.336	149.5
15:42:32.349	161.4
15:42:32.357	173.6
15:42:32.369	187.2
15:42:32.381	202.3
15:42:32.390	215.2
15:42:32.402	225.1
15:42:32.414	238.2
15:42:32.422	246.1
15:42:32.435	253.5
15:42:32.447	253.6
15:42:32.459	252.4
15:42:32.468	251.2
15:42:32.480	248.3
15:42:32.492	245.6
15:42:32.500	244.3
15:42:32.513	242.3
15:42:32.525	242.2
15:42:32.533	242.8
15:42:32.545	243.0
15:42:32.558	242.3
15:42:32.566	241.5
15:42:32.578	239.1
15:42:32.590	238.9
15:42:32.603	236.6
15:42:32.611	237.5
15:42:32.623	238.6
15:42:32.635	240.1
15:42:32.644	239.2
15:42:32.656	239.8
15:42:32.668	243.1
15:42:32.676	246.8
15:42:32.689	254.5
15:42:32.701	258.3
15:42:32.713	264.3
15:42:32.721	268.3
15:42:32.734	271.7
15:42:32.746	271.4
15:42:32.754	272.4
15:42:32.766	272.0
15:42:32.779	269.6
15:42:32.787	265.7
15:42:32.799	264.6
15:42:32.812	262.3
15:42:32.820	259.2
15:42:32.832	255.9
15:42:32.844	253.9
15:42:32.852	255.7
15:42:32.865	256.2
15:42:32.877	255.8
15:42:32.889	255.9
15:42:32.898	256.6
15:42:32.910	252.2
15:42:32.922	252.4
15:42:32.930	251.9
15:42:32.943	251.3
15:42:32.955	252.9
15:42:32.967	250.3
15:42:32.975	248.8
15:42:32.988	248.1
15:42:33.000	247.0
15:42:33.008	244.7
15:42:33.020	245.0
15:42:33.033	243.5
15:42:33.041	242.2
15:42:33.053	241.6
15:42:33.065	237.8
15:42:33.074	236.0
15:42:33.086	232.4
15:42:33.098	230.3
15:42:33.106	226.6
15:42:33.119	223.4
15:42:33.131	218.1
15:42:33.143	214.4
15:42:33.151	209.5
15:42:33.164	205.1
15:42:33.176	201.9
15:42:33.184	199.1
15:42:33.196	198.1
15:42:33.209	197.6
15:42:33.217	196.9
15:42:33.229	197.8
15:42:33.241	200.1
15:42:33.254	204.8
15:42:33.262	209.1
15:42:33.274	215.9
15:42:33.286	231.8
15:42:33.295	244.9
15:42:33.307	259.9
15:42:33.319	272.7
15:42:33.327	288.3
15:42:33.340	301.6
15:42:33.352	315.9
15:42:33.360	325.9
15:42:33.372	341.8
15:42:33.385	351.7
15:42:33.397	354.2
15:42:33.405	356.7
15:42:33.418	355.0
15:42:33.430	355.4
15:42:33.438	353.9
15:42:33.450	353.4
15:42:33.463	351.4
15:42:33.471	352.3
15:42:33.483	349.7
15:42:33.496	351.5
15:42:33.504	347.8
15:42:33.516	346.1
15:42:33.528	344.7
15:42:33.541	343.0
15:42:33.549	340.3
15:42:33.561	338.2
15:42:33.573	335.9
15:42:33.582	331.6
15:42:33.594	325.1
15:42:33.606	317.0
15:42:33.614	313.6
15:42:33.627	310.6
15:42:33.639	308.8
15:42:33.651	305.8
15:42:33.659	302.7
15:42:33.672	301.5
15:42:33.684	299.4
15:42:33.692	299.2
15:42:33.704	298.3
15:42:33.717	297.6
15:42:33.725	294.6
15:42:33.737	291.0
15:42:33.749	288.3
15:42:33.758	284.0
15:42:33.770	281.8
15:42:33.782	276.2
15:42:33.790	274.3
15:42:33.803	267.9
15:42:33.815	263.6
15:42:33.827	258.3
15:42:33.835	253.1
15:42:33.848	248.5
15:42:33.860	242.3
15:42:33.868	239.3
15:42:33.880	234.5
15:42:33.893	233.8
15:42:33.905	228.1
15:42:33.913	226.3
15:42:33.926	220.2
15:42:33.938	215.5
15:42:33.946	210.4
15:42:33.958	201.9
15:42:33.971	195.0
15:42:33.979	187.5
15:42:33.991	182.0
15:42:34.003	170.5
15:42:34.011	161.8
15:42:34.024	148.6
15:42:34.036	139.5
15:42:34.044	130.2
15:42:34.057	119.6
15:42:34.069	113.9
15:42:34.081	108.4
15:42:34.089	99.6
15:42:34.102	89.3
15:42:34.114	83.3
15:42:34.122	74.4
15:42:34.134	67.8
15:42:34.147	60.7
15:42:34.155	53.5
15:42:34.167	46.2
15:42:34.179	36.9
15:42:34.192	25.1
15:42:34.200	6.2
15:42:34.212	-12.0
15:42:34.225	-35.5
15:42:34.233	-56.0
15:42:34.245	-78.8
15:42:34.257	-100.3
15:42:34.270	-122.5
15:42:34.278	-142.7
15:42:34.290	-164.2
15:42:34.302	-183.9
15:42:34.311	-195.0
15:42:34.323	-206.1
15:42:34.335	-214.5
15:42:34.343	-226.1
15:42:34.356	-235.8
15:42:34.368	-246.9
15:42:34.380	-259.3
15:42:34.389	-270.3
15:42:34.401	-279.6
15:42:34.413	-289.7
15:42:34.421	-298.5
15:42:34.434	-306.5
15:42:34.446	-315.4
15:42:34.454	-321.4
15:42:34.466	-325.1
15:42:34.479	-330.0
15:42:34.487	-330.7
15:42:34.499	-332.1
15:42:34.511	-334.9
15:42:34.523	-335.8
15:42:34.531	-339.0
15:42:34.543	-341.0
15:42:34.556	-342.9
15:42:34.564	-342.3
15:42:34.576	-345.0
15:42:34.588	-344.4
15:42:34.597	-346.9
15:42:34.609	-348.6
15:42:34.621	-348.6
15:42:34.633	-346.1
15:42:34.642	-343.5
15:42:34.654	-341.2
15:42:34.666	-335.9
15:42:34.674	-334.9
15:42:34.687	-331.5
15:42:34.699	-329.3
15:42:34.707	-327.0
15:42:34.719	-323.5
15:42:34.732	-323.7
15:42:34.740	-327.1
15:42:34.752	-328.7
15:42:34.765	-329.7
15:42:34.773	-333.2
15:42:34.785	-333.1
15:42:34.797	-333.2
15:42:34.809	-333.2
15:42:34.818	-332.7
15:42:34.830	-333.2
15:42:34.842	-331.2
15:42:34.850	-328.8
15:42:34.863	-327.4
15:42:34.875	-327.4
15:42:34.888	-327.3
15:42:34.897	-328.9
15:42:34.909	-329.1
15:42:34.921	-329.6
15:42:34.929	-328.2
15:42:34.941	-329.4
15:42:34.954	-329.8
15:42:34.962	-329.5
15:42:34.974	-330.9
15:42:34.986	-330.4
15:42:34.995	-329.6
15:42:35.007	-329.3
15:42:35.019	-327.8
15:42:35.028	-327.9
15:42:35.040	-328.3
15:42:35.052	-325.6
15:42:35.065	-323.3
15:42:35.073	-322.1
15:42:35.085	-318.4
15:42:35.097	-317.6
15:42:35.105	-315.5
15:42:35.118	-314.3
15:42:35.130	-313.7
15:42:35.138	-311.5
15:42:35.150	-310.3
15:42:35.163	-310.9
15:42:35.175	-312.6
15:42:35.183	-313.3
15:42:35.195	-313.1
15:42:35.208	-313.3
15:42:35.216	-312.4
15:42:35.228	-311.8
15:42:35.240	-311.1
15:42:35.249	-310.3
15:42:35.261	-311.6
15:42:35.273	-310.4
15:42:35.281	-309.0
15:42:35.293	-309.2
15:42:35.305	-309.0
15:42:35.317	-308.5
15:42:35.326	-307.9
15:42:35.338	-305.6
15:42:35.350	-304.2
15:42:35.358	-302.6
15:42:35.371	-298.4
15:42:35.383	-297.1
15:42:35.391	-293.8
15:42:35.403	-290.9
15:42:35.416	-287.7
15:42:35.424	-283.6
15:42:35.436	-280.8
15:42:35.448	-278.3
15:42:35.461	-276.4
15:42:35.469	-274.7
15:42:35.481	-271.1
15:42:35.493	-269.1
15:42:35.502	-267.8
15:42:35.514	-263.4
15:42:35.526	-260.5
15:42:35.534	-257.3
15:42:35.547	-253.5
15:42:35.560	-249.9
15:42:35.572	-245.3
15:42:35.580	-240.5
15:42:35.593	-237.8
15:42:35.605	-232.7
15:42:35.613	-227.5
15:42:35.625	-223.9
15:42:35.638	-220.0
15:42:35.646	-216.5
15:42:35.658	-213.0
15:42:35.671	-209.0
15:42:35.679	-205.1
15:42:35.691	-200.2
15:42:35.703	-197.3
15:42:35.711	-193.7
15:42:35.724	-190.5
15:42:35.736	-188.2
15:42:35.748	-185.5
15:42:35.757	-183.2
15:42:35.769	-180.8
15:42:35.781	-178.6
15:42:35.789	-175.6
15:42:35.802	-173.8
15:42:35.814	-171.1
15:42:35.826	-169.8
15:42:35.834	-170.6
15:42:35.847	-169.3
15:42:35.859	-168.3
15:42:35.867	-165.3
15:42:35.879	-162.0
15:42:35.892	-157.9
15:42:35.900	-157.7
15:42:35.912	-155.8
15:42:35.924	-154.4
15:42:35.933	-153.4
15:42:35.945	-149.3
15:42:35.957	-145.5
15:42:35.965	-143.4
15:42:35.978	-141.5
15:42:35.990	-141.0
15:42:36.002	-141.1
15:42:36.010	-138.9
15:42:36.022	-137.9
15:42:36.034	-137.3
15:42:36.043	-136.1
15:42:36.055	-135.6
15:42:36.067	-135.2
15:42:36.079	-132.8
15:42:36.088	-131.6
15:42:36.100	-131.6
15:42:36.112	-129.9
15:42:36.124	-130.6
15:42:36.133	-129.6
15:42:36.145	-128.2
15:42:36.157	-127.4
15:42:36.165	-126.5
15:42:36.178	-125.4
15:42:36.190	-125.0
15:42:36.198	-125.2
15:42:36.210	-124.1
15:42:36.223	-124.8
15:42:36.231	-123.1
15:42:36.243	-123.4
15:42:36.255	-122.9
15:42:36.264	-121.2
15:42:36.276	-120.5
15:42:36.288	-121.0
15:42:36.300	-121.2
15:42:36.309	-121.2
15:42:36.321	-120.5
15:42:36.333	-119.5
15:42:36.342	-118.3
15:42:36.354	-118.4
15:42:36.366	-116.7
15:42:36.374	-117.2
15:42:36.387	-115.3
15:42:36.399	-116.0
15:42:36.407	-114.3
15:42:36.419	-112.6
15:42:36.432	-110.5
15:42:36.444	-107.6
15:42:36.452	-106.6
15:42:36.464	-103.2
15:42:36.476	-101.5
15:42:36.485	-98.3
15:42:36.497	-97.7
15:42:36.509	-92.9
15:42:36.517	-91.1
15:42:36.530	-88.2
15:42:36.542	-85.7
15:42:36.554	-86.2
15:42:36.562	-84.2
15:42:36.575	-84.1
15:42:36.587	-82.8
15:42:36.595	-80.2
15:42:36.607	-78.9
15:42:36.620	-76.7
15:42:36.628	-71.9
15:42:36.640	-70.7
15:42:36.653	-70.0
15:42:36.661	-66.4
15:42:36.673	-64.9
15:42:36.685	-62.6
15:42:36.694	-60.3
15:42:36.706	-59.1
15:42:36.718	-57.4
15:42:36.731	-55.4
15:42:36.739	-56.9
15:42:36.751	-55.0
15:42:36.763	-54.3
15:42:36.771	-52.5
15:42:36.784	-52.0
15:42:36.796	-50.1
15:42:36.808	-49.7
15:42:36.817	-48.3
15:42:36.829	-44.6
15:42:36.841	-43.2
15:42:36.849	-40.9
15:42:36.862	-37.7
15:42:36.874	-34.2
15:42:36.882	-33.0
15:42:36.894	-31.0
15:42:36.907	-28.4
15:42:36.915	-27.3
15:42:36.927	-23.2
15:42:36.939	-21.0
15:42:36.948	-17.5
15:42:36.960	-15.1
15:42:36.972	-14.2
15:42:36.984	-11.4
15:42:36.993	-8.2
15:42:37.005	-3.9
15:42:37.017	-0.9
15:42:37.025	2.9
15:42:37.038	2.7
15:42:37.050	5.4
15:42:37.058	6.8
15:42:37.070	10.3
15:42:37.083	15.1
15:42:37.095	18.5
15:42:37.103	21.7
15:42:37.115	24.0
15:42:37.128	27.2
15:42:37.136	31.2
15:42:37.148	35.4
15:42:37.160	35.8
15:42:37.169	37.7
15:42:37.181	39.7
15:42:37.193	40.5
15:42:37.201	41.2
15:42:37.214	42.3
15:42:37.226	45.5
15:42:37.238	45.1
15:42:37.247	48.4
15:42:37.259	50.4
15:42:37.271	54.3
15:42:37.280	56.3
15:42:37.292	59.7
15:42:37.304	62.1
15:42:37.312	63.3
15:42:37.325	66.4
15:42:37.337	65.0
15:42:37.345	67.6
15:42:37.357	65.9
15:42:37.370	66.2
15:42:37.382	65.2
15:42:37.390	65.7
15:42:37.402	65.0
15:42:37.415	64.2
15:42:37.423	63.8
15:42:37.435	62.8
15:42:37.447	64.7
15:42:37.456	63.2
15:42:37.468	65.1
15:42:37.480	64.1
15:42:37.492	67.3
15:42:37.501	67.2
15:42:37.513	67.6
15:42:37.525	67.3
15:42:37.533	70.0
15:42:37.546	70.1
15:42:37.558	70.0
15:42:37.566	71.7
15:42:37.578	71.0
15:42:37.591	73.6
15:42:37.599	72.2
15:42:37.611	72.3
15:42:37.623	72.5
15:42:37.632	74.5
15:42:37.644	73.9
15:42:37.656	74.5
15:42:37.669	76.0
15:42:37.677	76.3
15:42:37.689	77.1
15:42:37.701	76.0
15:42:37.709	76.8
15:42:37.722	78.0
15:42:37.734	77.5
15:42:37.746	76.1
15:42:37.755	74.5
15:42:37.767	74.2
15:42:37.779	75.6
15:42:37.787	77.6
15:42:37.800	80.0
15:42:37.812	84.4
15:42:37.820	88.1
15:42:37.832	91.2
15:42:37.845	94.8
15:42:37.853	96.3
15:42:37.865	101.1
15:42:37.877	105.0
15:42:37.886	105.9
15:42:37.898	108.4
15:42:37.910	108.0
15:42:37.923	107.0
15:42:37.931	106.2
15:42:37.943	106.5
15:42:37.955	107.3
15:42:37.964	110.2
15:42:37.976	110.8
15:42:37.988	111.9
15:42:37.996	112.6
15:42:38.009	110.7
15:42:38.021	112.2
15:42:38.033	113.1
15:42:38.046	113.4
15:42:38.054	112.7
15:42:38.066	111.4
15:42:38.078	112.2
15:42:38.086	114.3
15:42:38.099	113.4
15:42:38.111	114.5
15:42:38.119	116.0
15:42:38.132	115.0
15:42:38.144	117.3
15:42:38.152	116.2
15:42:38.164	117.7
15:42:38.177	118.2
15:42:38.185	117.7
15:42:38.197	116.0
15:42:38.209	117.4
15:42:38.222	117.1
15:42:38.230	115.8
15:42:38.242	116.2
15:42:38.254	112.5
15:42:38.263	112.6
15:42:38.275	110.3
15:42:38.287	110.9
15:42:38.295	110.4
15:42:38.308	109.2
15:42:38.320	107.2
15:42:38.328	106.8
15:42:38.340	108.9
15:42:38.353	109.7
15:42:38.365	110.9
15:42:38.373	112.5
15:42:38.385	114.9
15:42:38.398	113.6
15:42:38.406	115.4
15:42:38.418	117.2
15:42:38.430	118.0
15:42:38.439	118.1
15:42:38.451	119.3
15:42:38.463	120.2
15:42:38.475	121.4
15:42:38.484	122.9
15:42:38.496	125.5
15:42:38.508	134.3
15:42:38.517	139.1
15:42:38.529	146.7
15:42:38.541	150.8
15:42:38.549	155.7
15:42:38.561	159.7
15:42:38.574	164.7
15:42:38.582	168.3
15:42:38.594	172.5
15:42:38.607	175.3
15:42:38.615	173.3
15:42:38.627	173.8
15:42:38.639	169.4
15:42:38.652	168.9
15:42:38.660	168.2
15:42:38.672	168.2
15:42:38.684	167.2
15:42:38.693	166.2
15:42:38.705	164.8
15:42:38.717	161.9
15:42:38.730	160.9
15:42:38.738	159.0
15:42:38.750	163.2
15:42:38.762	167.6
15:42:38.771	172.9
15:42:38.783	175.6
15:42:38.795	179.9
15:42:38.803	185.8
15:42:38.816	191.1
15:42:38.828	199.3
15:42:38.836	205.6
15:42:38.849	211.4
15:42:38.861	215.7
15:42:38.869	222.1
15:42:38.881	229.7
15:42:38.894	242.6
15:42:38.906	257.1
15:42:38.914	275.8
15:42:38.927	295.3
15:42:38.939	322.8
15:42:38.947	351.3
15:42:38.959	385.4
15:42:38.972	418.3
15:42:38.980	450.7
15:42:38.992	486.6
15:42:39.004	522.5
15:42:39.017	559.8
15:42:39.025	600.8
15:42:39.037	639.1
15:42:39.049	672.2
15:42:39.058	703.6
15:42:39.070	729.0
15:42:39.082	755.8
15:42:39.090	778.8
15:42:39.103	798.2
15:42:39.115	818.6
15:42:39.123	838.9
15:42:39.135	853.1
15:42:39.148	871.4
15:42:39.160	885.4
15:42:39.168	904.7
15:42:39.180	924.1
15:42:39.193	941.2
15:42:39.201	961.1
15:42:39.213	976.7
15:42:39.225	983.7
15:42:39.234	987.7
15:42:39.246	990.1
15:42:39.258	986.8
15:42:39.266	980.8
15:42:39.279	967.3
15:42:39.291	951.2
15:42:39.303	932.4
15:42:39.311	911.9
15:42:39.324	891.5
15:42:39.336	871.8
15:42:39.344	851.7
15:42:39.357	827.3
15:42:39.369	804.4
15:42:39.377	781.5
15:42:39.389	760.1
15:42:39.402	742.1
15:42:39.414	723.2
15:42:39.422	703.4
15:42:39.434	686.7
15:42:39.447	668.6
15:42:39.455	650.5
15:42:39.467	635.9
15:42:39.479	620.8
15:42:39.488	602.8
15:42:39.500	585.4
15:42:39.512	565.8
15:42:39.520	549.3
15:42:39.533	533.0
15:42:39.545	513.2
15:42:39.553	493.2
15:42:39.565	473.8
15:42:39.578	442.6
15:42:39.590	411.9
15:42:39.598	386.1
15:42:39.610	357.6
15:42:39.623	331.0
15:42:39.631	301.7
15:42:39.643	273.3
15:42:39.656	245.4
15:42:39.668	220.8
15:42:39.676	194.2
15:42:39.688	179.8
15:42:39.700	165.4
15:42:39.709	149.5
15:42:39.721	136.9
15:42:39.733	122.9
15:42:39.741	111.6
15:42:39.754	99.4
15:42:39.766	89.8
15:42:39.774	80.3
15:42:39.786	71.2
15:42:39.799	60.1
15:42:39.807	49.3
15:42:39.819	39.3
15:42:39.831	24.6
15:42:39.844	-2.3
15:42:39.852	-30.9
15:42:39.864	-55.6
15:42:39.877	-81.1
15:42:39.885	-106.8
15:42:39.897	-131.4
15:42:39.909	-153.3
15:42:39.918	-175.4
15:42:39.930	-196.3
15:42:39.942	-213.1
15:42:39.954	-214.5
15:42:39.963	-216.9
15:42:39.975	-223.6
15:42:39.987	-232.2
15:42:39.999	-244.1
15:42:40.008	-256.8
15:42:40.020	-271.8
15:42:40.032	-286.4
15:42:40.040	-303.6
15:42:40.053	-321.5
15:42:40.065	-342.0
15:42:40.073	-359.9
15:42:40.085	-375.8
15:42:40.098	-391.9
15:42:40.106	-404.2
15:42:40.118	-415.4
15:42:40.130	-424.0
15:42:40.143	-434.4
15:42:40.151	-442.0
15:42:40.163	-447.2
15:42:40.175	-452.0
15:42:40.184	-456.0
15:42:40.196	-460.8
15:42:40.208	-463.8
15:42:40.216	-464.8
15:42:40.229	-467.3
15:42:40.241	-470.9
15:42:40.249	-470.7
15:42:40.262	-472.4
15:42:40.274	-472.1
15:42:40.286	-472.2
15:42:40.294	-472.6
15:42:40.307	-471.6
15:42:40.319	-469.9
15:42:40.327	-472.4
15:42:40.339	-471.1
15:42:40.352	-469.3
15:42:40.360	-468.8
15:42:40.372	-467.5
15:42:40.384	-469.2
15:42:40.397	-469.3
15:42:40.405	-468.1
15:42:40.417	-468.7
15:42:40.429	-468.6
15:42:40.438	-466.3
15:42:40.450	-466.7
15:42:40.463	-468.3
15:42:40.470	-466.9
15:42:40.483	-464.3
15:42:40.495	-461.4
15:42:40.503	-458.6
15:42:40.516	-456.4
15:42:40.528	-450.3
15:42:40.536	-447.3
15:42:40.548	-442.9
15:42:40.561	-441.4
15:42:40.573	-436.5
15:42:40.581	-435.5
15:42:40.594	-435.0
15:42:40.606	-433.1
15:42:40.614	-432.4
15:42:40.626	-431.9
15:42:40.639	-433.1
15:42:40.651	-432.9
15:42:40.659	-432.8
15:42:40.671	-428.5
15:42:40.684	-427.0
15:42:40.692	-424.4
15:42:40.704	-420.1
15:42:40.716	-416.7
15:42:40.725	-411.5
15:42:40.737	-405.4
15:42:40.749	-402.2
15:42:40.757	-397.2
15:42:40.770	-392.5
15:42:40.782	-389.0
15:42:40.790	-382.5
15:42:40.802	-376.6
15:42:40.815	-371.7
15:42:40.827	-367.0
15:42:40.835	-364.3
15:42:40.847	-360.2
15:42:40.860	-354.2
15:42:40.868	-348.1
15:42:40.880	-343.9
15:42:40.892	-338.7
15:42:40.901	-336.2
15:42:40.913	-330.5
15:42:40.925	-326.4
15:42:40.937	-321.5
15:42:40.946	-316.5
15:42:40.958	-311.7
15:42:40.970	-308.5
15:42:40.978	-305.4
15:42:40.991	-299.8
15:42:41.003	-294.8
15:42:41.011	-290.9
15:42:41.023	-287.8
15:42:41.036	-284.9
15:42:41.044	-281.0
15:42:41.056	-278.4
15:42:41.069	-277.4
15:42:41.081	-274.4
15:42:41.089	-273.3
15:42:41.101	-272.1
15:42:41.114	-270.7
15:42:41.122	-268.6
15:42:41.134	-268.7
15:42:41.146	-264.3
15:42:41.154	-262.4
15:42:41.167	-259.6
15:42:41.179	-255.5
15:42:41.187	-252.7
15:42:41.200	-248.4
15:42:41.212	-245.4
15:42:41.224	-242.5
15:42:41.232	-238.2
15:42:41.245	-234.1
15:42:41.257	-232.0
15:42:41.265	-231.0
15:42:41.277	-228.0
15:42:41.290	-224.1
15:42:41.298	-220.7
15:42:41.310	-219.0
15:42:41.322	-214.7
15:42:41.335	-212.8
15:42:41.343	-208.6
15:42:41.355	-207.2
15:42:41.367	-206.0
15:42:41.376	-203.4
15:42:41.388	-202.9
15:42:41.400	-204.8
15:42:41.408	-204.1
15:42:41.421	-204.6
15:42:41.433	-206.9
15:42:41.441	-208.9
15:42:41.453	-214.0
15:42:41.466	-214.4
15:42:41.474	-216.6
15:42:41.486	-218.3
15:42:41.499	-217.9
15:42:41.511	-219.3
15:42:41.519	-220.2
15:42:41.531	-218.8
15:42:41.543	-218.1
15:42:41.552	-216.1
15:42:41.564	-213.4
15:42:41.576	-211.9
15:42:41.589	-209.7
15:42:41.597	-209.7
15:42:41.609	-209.2
15:42:41.621	-207.6
15:42:41.630	-208.2
15:42:41.642	-207.4
15:42:41.654	-208.8
15:42:41.662	-208.6
15:42:41.675	-210.4
15:42:41.687	-210.5
15:42:41.695	-210.7
15:42:41.707	-209.2
15:42:41.720	-210.4
15:42:41.728	-209.5
15:42:41.740	-208.6
15:42:41.752	-210.9
15:42:41.765	-208.8
15:42:41.773	-208.5
15:42:41.785	-204.5
15:42:41.797	-203.8
15:42:41.806	-204.0
15:42:41.818	-203.6
15:42:41.830	-202.0
15:42:41.839	-202.3
15:42:41.851	-201.7
15:42:41.863	-198.6
15:42:41.875	-198.9
15:42:41.884	-198.6
15:42:41.896	-199.6
15:42:41.908	-198.9
15:42:41.916	-196.9
15:42:41.929	-195.2
15:42:41.941	-193.3
15:42:41.953	-192.4
15:42:41.962	-187.6
15:42:41.974	-186.7
15:42:41.986	-183.5
15:42:41.994	-180.9
15:42:42.007	-178.5
15:42:42.019	-177.2
15:42:42.027	-171.9
15:42:42.039	-170.4
15:42:42.052	-166.9
15:42:42.064	-163.1
15:42:42.072	-164.7
15:42:42.084	-161.3
15:42:42.097	-158.8
15:42:42.105	-156.9
15:42:42.117	-154.8
15:42:42.129	-151.5
15:42:42.138	-152.0
15:42:42.150	-148.3
15:42:42.162	-147.4
15:42:42.170	-144.6
15:42:42.183	-140.2
15:42:42.195	-138.2
15:42:42.207	-137.9
15:42:42.215	-134.2
15:42:42.228	-132.2
15:42:42.240	-130.3
15:42:42.248	-129.1
15:42:42.260	-128.2
15:42:42.273	-124.8
15:42:42.281	-123.1
15:42:42.293	-122.8
15:42:42.306	-121.5
15:42:42.318	-119.7
15:42:42.326	-119.5
15:42:42.338	-118.6
15:42:42.351	-117.5
15:42:42.359	-115.8
15:42:42.371	-113.9
15:42:42.383	-113.4
15:42:42.392	-114.0
15:42:42.404	-112.3
15:42:42.416	-110.1
15:42:42.424	-107.5
15:42:42.437	-104.3
15:42:42.449	-103.6
15:42:42.457	-103.2
15:42:42.469	-103.0
15:42:42.482	-102.5
15:42:42.494	-99.3
15:42:42.502	-96.3
15:42:42.515	-94.7
15:42:42.527	-89.8
15:42:42.535	-88.5
15:42:42.547	-88.0
15:42:42.560	-85.2
15:42:42.572	-82.4
15:42:42.580	-76.9
15:42:42.592	-76.0
15:42:42.604	-74.6
15:42:42.613	-72.3
15:42:42.625	-69.0
15:42:42.637	-72.0
15:42:42.646	-71.0
15:42:42.658	-69.4
15:42:42.670	-68.8
15:42:42.678	-67.8
15:42:42.691	-69.1
15:42:42.703	-65.8
15:42:42.711	-66.6
15:42:42.723	-65.4
15:42:42.736	-66.4
15:42:42.748	-64.6
15:42:42.756	-63.1
15:42:42.768	-63.8
15:42:42.781	-61.7
15:42:42.789	-61.2
15:42:42.801	-60.2
15:42:42.813	-60.2
15:42:42.822	-59.2
15:42:42.834	-59.3
15:42:42.846	-58.7
15:42:42.858	-59.7
15:42:42.867	-59.4
15:42:42.879	-57.8
15:42:42.891	-58.5
15:42:42.899	-54.7
15:42:42.912	-53.3
15:42:42.924	-51.4
15:42:42.932	-50.3
15:42:42.944	-49.9
15:42:42.957	-48.8
15:42:42.965	-47.7
15:42:42.977	-45.8
15:42:42.989	-47.0
15:42:43.002	-46.3
15:42:43.010	-48.8
15:42:43.022	-46.3
15:42:43.034	-45.6
15:42:43.043	-44.5
15:42:43.055	-44.1
15:42:43.067	-41.9
15:42:43.075	-40.1
15:42:43.088	-37.3
15:42:43.100	-34.8
15:42:43.108	-32.5
15:42:43.121	-31.5
15:42:43.133	-34.2
15:42:43.145	-33.6
15:42:43.153	-33.7
15:42:43.166	-31.6
15:42:43.178	-32.5
15:42:43.186	-30.8
15:42:43.198	-32.6
15:42:43.211	-30.3
15:42:43.219	-29.1
15:42:43.231	-26.4
15:42:43.243	-22.5
15:42:43.256	-23.5
15:42:43.264	-23.3
15:42:43.276	-22.5
15:42:43.288	-22.3
15:42:43.297	-22.5
15:42:43.309	-22.1
15:42:43.321	-22.3
15:42:43.329	-22.5
15:42:43.342	-23.9
15:42:43.354	-27.6
15:42:43.362	-28.0
15:42:43.374	-29.9
15:42:43.387	-31.7
15:42:43.395	-33.9
15:42:43.407	-32.5
15:42:43.420	-33.4
15:42:43.432	-35.5
15:42:43.440	-36.6
15:42:43.452	-38.2
15:42:43.465	-37.5
15:42:43.473	-36.3
15:42:43.485	-34.0
15:42:43.497	-34.6
15:42:43.510	-31.4
15:42:43.518	-32.0
15:42:43.530	-30.2
15:42:43.542	-24.4
15:42:43.551	-22.8
15:42:43.563	-19.3
15:42:43.575	-15.6
15:42:43.583	-13.7
15:42:43.596	-11.7
15:42:43.608	-7.5
15:42:43.616	-4.6
15:42:43.628	-3.3
15:42:43.641	-0.3
15:42:43.649	-0.6
15:42:43.661	3.0
15:42:43.673	5.3
15:42:43.686	6.7
15:42:43.694	10.2
15:42:43.706	12.4
15:42:43.718	15.2
15:42:43.727	17.6
15:42:43.739	20.6
15:42:43.751	21.3
15:42:43.759	21.6
15:42:43.772	23.0
15:42:43.784	22.8
15:42:43.796	24.4
15:42:43.804	24.9
15:42:43.817	25.5
15:42:43.829	24.9
15:42:43.837	26.7
15:42:43.850	27.7
15:42:43.862	29.8
15:42:43.870	31.1
15:42:43.882	31.8
15:42:43.895	35.9
15:42:43.903	38.1
15:42:43.915	41.7
15:42:43.927	45.5
15:42:43.940	51.7
15:42:43.948	52.8
15:42:43.960	54.8
15:42:43.973	54.1
15:42:43.981	56.9
15:42:43.993	58.4
15:42:44.005	58.7
15:42:44.013	60.1
15:42:44.026	62.6
15:42:44.038	65.5
15:42:44.046	66.4
15:42:44.058	72.3
15:42:44.071	76.0
15:42:44.079	81.7
15:42:44.091	86.9
15:42:44.103	91.1
15:42:44.116	94.3
15:42:44.124	96.7
15:42:44.136	96.5
15:42:44.149	98.2
15:42:44.161	99.9
15:42:44.169	97.9
15:42:44.181	101.3
15:42:44.194	102.0
15:42:44.202	101.4
15:42:44.214	101.7
15:42:44.226	102.9
15:42:44.239	103.3
15:42:44.247	104.9
15:42:44.259	104.7
15:42:44.271	104.2
15:42:44.280	104.7
15:42:44.292	102.3
15:42:44.304	103.3
15:42:44.312	102.7
15:42:44.325	105.3
15:42:44.337	106.3
15:42:44.345	106.9
15:42:44.357	107.9
15:42:44.370	109.0
15:42:44.378	108.6
15:42:44.390	110.0
15:42:44.402	110.1
15:42:44.415	110.5
15:42:44.423	112.2
15:42:44.435	110.1
15:42:44.448	111.1
15:42:44.456	111.7
15:42:44.468	110.5
15:42:44.480	110.5
15:42:44.492	110.1
15:42:44.501	107.7
15:42:44.513	107.8
15:42:44.525	107.9
15:42:44.533	105.2
15:42:44.546	104.8
15:42:44.558	102.9
15:42:44.566	102.7
15:42:44.578	102.5
15:42:44.591	100.8
15:42:44.599	102.7
15:42:44.611	104.2
15:42:44.624	103.8
15:42:44.632	103.1
15:42:44.644	105.5
15:42:44.656	105.4
15:42:44.669	103.5
15:42:44.677	103.8
15:42:44.689	107.6
15:42:44.701	113.3
15:42:44.710	115.8
15:42:44.722	119.1
15:42:44.734	124.9
15:42:44.742	129.2
15:42:44.755	130.9
15:42:44.767	132.9
15:42:44.779	138.8
15:42:44.787	141.3
15:42:44.800	141.0
15:42:44.812	137.9
15:42:44.820	136.7
15:42:44.832	134.8
15:42:44.845	131.2
15:42:44.853	128.1
15:42:44.865	127.7
15:42:44.877	128.8
15:42:44.886	126.3
15:42:44.898	124.8
15:42:44.910	125.2
15:42:44.922	127.3
15:42:44.931	128.8
15:42:44.943	129.4
15:42:44.955	129.1
15:42:44.963	129.8
15:42:44.976	130.3
15:42:44.988	129.6
15:42:44.996	133.7
15:42:45.008	135.5
15:42:45.021	137.8
15:42:45.029	137.9
15:42:45.041	140.8
15:42:45.053	142.4
15:42:45.066	143.6
15:42:45.074	145.0
15:42:45.086	146.0
15:42:45.098	149.3
15:42:45.107	148.2
15:42:45.119	150.6
15:42:45.131	148.7
15:42:45.139	149.7
15:42:45.152	148.1
15:42:45.164	151.9
15:42:45.176	152.4
15:42:45.184	152.2
15:42:45.197	152.7
15:42:45.209	151.3
15:42:45.217	151.1
15:42:45.230	148.9
15:42:45.242	149.1
15:42:45.250	148.8
15:42:45.262	146.1
15:42:45.275	142.5
15:42:45.283	143.7
15:42:45.295	144.4
15:42:45.308	145.4
15:42:45.316	145.2
15:42:45.328	144.3
15:42:45.340	145.5
15:42:45.353	143.3
15:42:45.361	141.7
15:42:45.373	143.0
15:42:45.385	143.1
15:42:45.394	141.6
15:42:45.406	140.0
15:42:45.418	141.2
15:42:45.431	141.1
15:42:45.439	142.1
15:42:45.451	141.8
15:42:45.463	145.1
15:42:45.472	145.1
15:42:45.484	145.1
15:42:45.496	143.1
15:42:45.504	143.1
15:42:45.517	142.8
15:42:45.529	137.7
15:42:45.537	138.9
15:42:45.549	137.6
15:42:45.562	137.0
15:42:45.570	133.8
15:42:45.582	131.8
15:42:45.594	131.3
15:42:45.607	131.2
15:42:45.615	130.1
15:42:45.627	130.0
15:42:45.639	131.8
15:42:45.648	129.9
15:42:45.660	130.7
15:42:45.672	127.5
15:42:45.680	125.5
15:42:45.693	125.1
15:42:45.705	121.0
15:42:45.717	120.0
15:42:45.725	117.3
15:42:45.738	116.0
15:42:45.750	111.5
15:42:45.758	106.8
15:42:45.770	101.7
15:42:45.783	96.8
15:42:45.791	93.2
15:42:45.803	88.2
15:42:45.815	83.8
15:42:45.824	77.1
15:42:45.836	72.9
15:42:45.848	66.7
15:42:45.861	64.2
15:42:45.869	60.0
15:42:45.881	55.3
15:42:45.893	53.1
15:42:45.901	49.1
15:42:45.914	45.2
15:42:45.926	41.0
15:42:45.934	38.6
15:42:45.947	34.8
15:42:45.959	31.7
15:42:45.967	25.7
15:42:45.979	23.4
15:42:45.992	21.3
15:42:46.000	16.9
15:42:46.012	14.5
15:42:46.024	12.6
15:42:46.037	12.5
15:42:46.045	9.2
15:42:46.057	7.4
15:42:46.069	5.1
15:42:46.078	2.5
15:42:46.090	-1.1
15:42:46.102	-5.3
15:42:46.114	-8.2
15:42:46.123	-11.6
15:42:46.135	-14.3
15:42:46.147	-15.4
15:42:46.159	-16.4
15:42:46.168	-19.3
15:42:46.180	-20.3
15:42:46.192	-21.2
15:42:46.200	-21.4
15:42:46.213	-22.6
15:42:46.225	-23.5
15:42:46.233	-22.2
15:42:46.245	-22.3
15:42:46.258	-25.9
15:42:46.266	-27.8
15:42:46.278	-26.9
15:42:46.290	-29.4
15:42:46.299	-30.4
15:42:46.311	-33.1
15:42:46.323	-34.8
15:42:46.335	-36.6
15:42:46.343	-43.1
15:42:46.355	-46.5
15:42:46.368	-48.0
15:42:46.376	-51.4
15:42:46.388	-58.5
15:42:46.400	-62.5
15:42:46.413	-66.8
15:42:46.421	-71.1
15:42:46.433	-74.6
15:42:46.445	-77.6
15:42:46.454	-76.5
15:42:46.466	-79.1
15:42:46.478	-83.7
15:42:46.486	-86.4
15:42:46.499	-85.3
15:42:46.511	-89.0
15:42:46.519	-93.2
15:42:46.531	-95.6
15:42:46.544	-100.6
15:42:46.552	-104.8
15:42:46.564	-109.1
15:42:46.577	-112.5
15:42:46.589	-115.2
15:42:46.597	-116.1
15:42:46.609	-120.3
15:42:46.622	-121.3
15:42:46.630	-120.9
15:42:46.642	-124.2
15:42:46.654	-123.6
15:42:46.663	-122.3
15:42:46.675	-124.7
15:42:46.687	-127.0
15:42:46.699	-128.6
15:42:46.708	-131.1
15:42:46.720	-133.5
15:42:46.732	-133.6
15:42:46.740	-133.8
15:42:46.753	-133.2
15:42:46.765	-134.0
15:42:46.773	-134.7
15:42:46.786	-135.4
15:42:46.798	-135.5
15:42:46.806	-135.3
15:42:46.818	-134.2
15:42:46.831	-132.5
15:42:46.843	-134.1
15:42:46.851	-133.6
15:42:46.863	-133.6
15:42:46.876	-132.5
15:42:46.884	-131.6
15:42:46.896	-129.1
15:42:46.908	-127.2
15:42:46.917	-124.4
15:42:46.929	-124.5
15:42:46.941	-121.6
15:42:46.949	-117.5
15:42:46.962	-116.5
15:42:46.974	-113.6
15:42:46.986	-112.2
15:42:46.994	-111.0
15:42:47.007	-109.8
15:42:47.019	-107.4
15:42:47.027	-106.5
15:42:47.039	-104.6
15:42:47.052	-105.2
15:42:47.060	-106.8
15:42:47.072	-105.1
15:42:47.085	-103.5
15:42:47.097	-99.9
15:42:47.105	-99.4
15:42:47.117	-97.8
15:42:47.129	-96.8
15:42:47.138	-95.2
15:42:47.150	-93.6
15:42:47.162	-92.5
15:42:47.170	-89.7
15:42:47.183	-88.0
15:42:47.195	-87.4
15:42:47.203	-87.9
15:42:47.216	-84.7
15:42:47.228	-83.8
15:42:47.236	-84.6
15:42:47.248	-83.2
15:42:47.261	-82.5
15:42:47.273	-80.2
15:42:47.281	-79.7
15:42:47.293	-79.9
15:42:47.306	-78.8
15:42:47.314	-79.7
15:42:47.326	-78.8
15:42:47.338	-76.2
15:42:47.351	-73.5
15:42:47.359	-70.4
15:42:47.371	-69.6
15:42:47.383	-69.3
15:42:47.392	-67.8
15:42:47.404	-66.9
15:42:47.416	-63.3
15:42:47.424	-58.9
15:42:47.437	-56.5
15:42:47.449	-55.6
15:42:47.457	-54.4
15:42:47.469	-54.2
15:42:47.482	-52.6
15:42:47.490	-49.5
15:42:47.502	-46.8
15:42:47.515	-44.0
15:42:47.527	-44.0
15:42:47.536	-44.5
15:42:47.547	-43.4
15:42:47.560	-41.7
15:42:47.569	-39.2
15:42:47.581	-38.0
15:42:47.593	-34.5
15:42:47.601	-32.9
15:42:47.614	-29.3
15:42:47.626	-26.0
15:42:47.638	-24.7
15:42:47.646	-21.6
15:42:47.659	-19.3
15:42:47.671	-18.1
15:42:47.679	-13.7
15:42:47.691	-13.2
15:42:47.703	-12.0
15:42:47.712	-10.2
15:42:47.724	-9.0
15:42:47.736	-7.7
15:42:47.744	-5.0
15:42:47.757	-2.6
15:42:47.769	-3.7
15:42:47.781	-0.8
15:42:47.789	-1.3
15:42:47.802	0.0
15:42:47.814	0.4
15:42:47.823	1.4
15:42:47.835	1.6
15:42:47.847	1.4
15:42:47.854	3.8
15:42:47.867	3.6
15:42:47.879	5.4
15:42:47.887	3.2
15:42:47.900	0.7
15:42:47.912	2.6
15:42:47.920	3.4
15:42:47.932	1.7
15:42:47.945	1.3
15:42:47.957	2.2
15:42:47.965	1.3
15:42:47.977	-0.3
15:42:47.990	0.4
15:42:47.998	2.1
15:42:48.010	5.2
15:42:48.022	5.2
15:42:48.035	6.6
15:42:48.043	9.6
15:42:48.055	12.7
15:42:48.067	13.0
15:42:48.080	14.9
15:42:48.088	17.8
15:42:48.100	18.0
15:42:48.112	19.1
15:42:48.121	18.3
15:42:48.133	19.8
15:42:48.145	20.5
15:42:48.153	21.9
15:42:48.166	21.0
15:42:48.178	22.1
15:42:48.186	21.1
15:42:48.198	22.8
15:42:48.211	23.5
15:42:48.219	25.0
15:42:48.231	28.9
15:42:48.244	30.9
15:42:48.256	33.5
15:42:48.264	35.7
15:42:48.276	40.2
15:42:48.289	44.4
15:42:48.297	48.8
15:42:48.309	51.1
15:42:48.321	52.3
15:42:48.334	54.9
15:42:48.342	54.4
15:42:48.354	55.8
15:42:48.366	56.8
15:42:48.375	58.0
15:42:48.387	55.6
15:42:48.399	55.7
15:42:48.407	53.9
15:42:48.420	54.0
15:42:48.432	56.3
15:42:48.440	56.7
15:42:48.452	56.9
15:42:48.465	57.7
15:42:48.473	59.4
15:42:48.485	62.0
15:42:48.497	64.7
15:42:48.510	67.1
15:42:48.518	70.7
15:42:48.530	73.2
15:42:48.542	77.0
15:42:48.551	80.6
15:42:48.563	86.6
15:42:48.575	88.5
15:42:48.583	91.0
15:42:48.596	91.2
15:42:48.609	94.1
15:42:48.621	93.8
15:42:48.629	95.5
15:42:48.642	96.6
15:42:48.654	96.9
15:42:48.662	96.9
15:42:48.674	97.1
15:42:48.687	98.3
15:42:48.695	99.2
15:42:48.707	100.8
15:42:48.720	99.2
15:42:48.728	98.8
15:42:48.740	97.5
15:42:48.752	97.7
15:42:48.765	97.4
15:42:48.773	96.4
15:42:48.785	95.5
15:42:48.797	95.1
15:42:48.806	94.3
15:42:48.818	92.1
15:42:48.830	92.2
15:42:48.838	90.8
15:42:48.851	90.0
15:42:48.863	90.5
15:42:48.871	90.9
15:42:48.884	92.7
15:42:48.896	92.6
15:42:48.908	92.5
15:42:48.916	92.2
15:42:48.928	93.3
15:42:48.941	96.2
15:42:48.949	99.5
15:42:48.961	100.8
15:42:48.973	104.3
15:42:48.982	104.2
15:42:48.994	107.6
15:42:49.006	110.5
15:42:49.018	113.2
15:42:49.027	116.1
15:42:49.039	116.7
15:42:49.051	115.4
15:42:49.059	115.5
15:42:49.072	116.3
15:42:49.084	116.6
15:42:49.092	120.2
15:42:49.104	119.8
15:42:49.117	120.5
15:42:49.125	120.6
15:42:49.137	119.2
15:42:49.149	119.7
15:42:49.158	123.3
15:42:49.170	125.0
15:42:49.182	127.5
15:42:49.195	128.2
15:42:49.203	128.8
15:42:49.215	131.4
15:42:49.227	134.1
15:42:49.235	137.0
15:42:49.248	139.8
15:42:49.260	144.2
15:42:49.272	146.0
15:42:49.281	149.6
15:42:49.293	152.7
15:42:49.305	155.0
15:42:49.313	160.4
15:42:49.326	161.6
15:42:49.338	164.5
15:42:49.346	167.6
15:42:49.358	169.4
15:42:49.371	169.7
15:42:49.379	169.6
15:42:49.391	170.9
15:42:49.403	172.0
15:42:49.412	170.4
15:42:49.423	168.6
15:42:49.435	166.6
15:42:49.448	164.9
15:42:49.456	165.3
15:42:49.468	167.3
15:42:49.480	168.8
15:42:49.489	169.2
15:42:49.501	168.8
15:42:49.513	169.5
15:42:49.521	171.8
15:42:49.534	171.2
15:42:49.546	171.6
15:42:49.558	170.7
15:42:49.566	167.1
15:42:49.579	164.8
15:42:49.592	163.7
15:42:49.599	163.1
15:42:49.611	159.6
15:42:49.624	155.1
15:42:49.632	150.8
15:42:49.644	145.8
15:42:49.657	140.4
15:42:49.666	133.4
15:42:49.678	126.1
15:42:49.690	118.0
15:42:49.703	109.5
15:42:49.711	101.1
15:42:49.723	93.2
15:42:49.735	84.1
15:42:49.743	74.6
15:42:49.756	65.5
15:42:49.768	58.0
15:42:49.776	51.7
15:42:49.788	47.2
15:42:49.801	39.0
15:42:49.809	33.1
15:42:49.821	26.4
15:42:49.834	23.0
15:42:49.842	20.1
15:42:49.854	15.9
15:42:49.866	13.5
15:42:49.879	8.6
15:42:49.887	-0.9
15:42:49.899	-11.8
15:42:49.911	-16.7
15:42:49.920	-25.8
15:42:49.932	-33.8
15:42:49.944	-44.3
15:42:49.956	-54.1
15:42:49.965	-64.3
15:42:49.977	-74.7
15:42:49.989	-82.1
15:42:49.997	-86.5
15:42:50.010	-90.1
15:42:50.022	-96.3
15:42:50.034	-100.9
15:42:50.042	-104.2
15:42:50.055	-106.8
15:42:50.067	-111.4
15:42:50.075	-114.1
15:42:50.087	-118.0
15:42:50.100	-122.1
15:42:50.108	-126.8
15:42:50.120	-129.7
15:42:50.132	-130.5
15:42:50.141	-134.3
15:42:50.153	-138.0
15:42:50.165	-143.8
15:42:50.177	-146.6
15:42:50.186	-150.0
15:42:50.198	-153.8
15:42:50.210	-158.1
15:42:50.218	-159.4
15:42:50.231	-161.2
15:42:50.243	-165.8
15:42:50.255	-165.6
15:42:50.264	-167.0
15:42:50.276	-169.7
15:42:50.288	-172.7
15:42:50.296	-176.1
15:42:50.309	-177.6
15:42:50.321	-179.7
15:42:50.329	-182.8
15:42:50.341	-186.4
15:42:50.354	-188.9
15:42:50.362	-193.5
15:42:50.374	-196.6
15:42:50.386	-196.5
15:42:50.395	-198.7
15:42:50.407	-197.4
15:42:50.419	-196.4
15:42:50.431	-195.4
15:42:50.440	-194.4
15:42:50.452	-193.7
15:42:50.464	-192.6
15:42:50.472	-190.4
15:42:50.485	-187.7
15:42:50.497	-186.0
15:42:50.505	-181.3
15:42:50.517	-178.9
15:42:50.530	-177.8
15:42:50.542	-175.3
15:42:50.550	-171.4
15:42:50.562	-167.8
15:42:50.575	-164.9
15:42:50.583	-162.3
15:42:50.595	-161.9
15:42:50.607	-158.7
15:42:50.616	-156.7
15:42:50.628	-154.6
15:42:50.640	-151.5
15:42:50.648	-150.4
15:42:50.661	-149.0
15:42:50.673	-146.9
15:42:50.685	-145.8
15:42:50.694	-141.8
15:42:50.706	-139.0
15:42:50.718	-136.9
15:42:50.726	-135.7
15:42:50.739	-132.5
15:42:50.751	-130.4
15:42:50.759	-126.7
15:42:50.771	-123.1
15:42:50.784	-122.0
15:42:50.792	-119.6
15:42:50.804	-118.2
15:42:50.816	-115.1
15:42:50.829	-113.4
15:42:50.837	-110.8
15:42:50.849	-109.7
15:42:50.861	-109.9
15:42:50.870	-108.3
15:42:50.882	-108.5
15:42:50.894	-106.3
15:42:50.902	-102.8
15:42:50.915	-101.7
15:42:50.927	-100.7
15:42:50.939	-100.2
15:42:50.947	-98.3
15:42:50.960	-97.5
15:42:50.972	-92.4
15:42:50.980	-89.6
15:42:50.992	-88.6
15:42:51.005	-85.9
15:42:51.013	-84.4
15:42:51.025	-82.6
15:42:51.038	-78.8
15:42:51.046	-75.5
15:42:51.058	-71.5
15:42:51.070	-67.4
15:42:51.078	-64.9
15:42:51.091	-62.3
15:42:51.103	-57.2
15:42:51.115	-54.2
15:42:51.124	-50.8
15:42:51.136	-46.6
15:42:51.148	-45.6
15:42:51.156	-41.5
15:42:51.169	-40.7
15:42:51.181	-37.9
15:42:51.193	-36.1
15:42:51.201	-34.1
15:42:51.214	-31.9
15:42:51.226	-31.6
15:42:51.234	-29.4
15:42:51.246	-29.4
15:42:51.259	-27.5
15:42:51.267	-25.9
15:42:51.279	-24.2
15:42:51.291	-23.2
15:42:51.300	-18.7
15:42:51.312	-16.0
15:42:51.324	-11.5
15:42:51.332	-6.1
15:42:51.345	-3.3
15:42:51.357	1.6
15:42:51.369	5.5
15:42:51.377	8.4
15:42:51.390	12.9
15:42:51.402	16.6
15:42:51.410	17.8
15:42:51.423	20.1
15:42:51.435	19.9
15:42:51.443	21.5
15:42:51.455	23.1
15:42:51.468	24.5
15:42:51.480	26.2
15:42:51.488	30.2
15:42:51.500	31.1
15:42:51.513	36.8
15:42:51.521	37.2
15:42:51.533	38.0
15:42:51.545	41.7
15:42:51.554	42.5
15:42:51.566	43.4
15:42:51.578	42.2
15:42:51.586	44.1
15:42:51.599	42.3
15:42:51.611	44.3
15:42:51.623	40.8
15:42:51.631	41.8
15:42:51.644	43.9
15:42:51.656	42.4
15:42:51.664	44.6
15:42:51.676	45.2
15:42:51.689	46.4
15:42:51.697	45.9
15:42:51.709	47.4
15:42:51.721	47.8
15:42:51.730	48.2
15:42:51.742	48.3
15:42:51.754	48.0
15:42:51.762	48.6
15:42:51.775	46.0
15:42:51.787	47.8
15:42:51.799	51.1
15:42:51.807	53.1
15:42:51.820	54.9
15:42:51.832	56.0
15:42:51.840	57.5
15:42:51.853	59.9
15:42:51.865	62.8
15:42:51.877	64.4
15:42:51.885	68.5
15:42:51.898	69.1
15:42:51.910	69.8
15:42:51.918	71.9
15:42:51.930	73.5
15:42:51.943	75.6
15:42:51.951	78.5
15:42:51.963	80.1
15:42:51.975	81.1
15:42:51.988	84.0
15:42:51.996	86.5
15:42:52.008	89.5
15:42:52.020	93.2
15:42:52.029	96.5
15:42:52.041	99.5
15:42:52.053	101.2
15:42:52.061	104.0
15:42:52.074	106.3
15:42:52.086	109.0
15:42:52.098	111.6
15:42:52.106	114.1
15:42:52.119	116.3
15:42:52.131	119.0
15:42:52.139	119.5
15:42:52.152	119.9
15:42:52.164	120.5
15:42:52.176	120.2
15:42:52.184	120.6
15:42:52.197	120.9
15:42:52.209	123.0
15:42:52.217	123.0
15:42:52.229	124.8
15:42:52.242	126.4
15:42:52.250	130.9
15:42:52.262	134.2
15:42:52.274	137.2
15:42:52.283	142.3
15:42:52.295	147.9
15:42:52.307	152.4
15:42:52.315	155.0
15:42:52.328	159.6
15:42:52.340	161.5
15:42:52.352	163.7
15:42:52.360	163.6
15:42:52.373	166.2
15:42:52.385	169.8
15:42:52.393	168.9
15:42:52.405	170.1
15:42:52.418	172.2
15:42:52.426	173.2
15:42:52.438	174.2
15:42:52.450	177.1
15:42:52.463	176.7
15:42:52.471	178.6
15:42:52.483	178.8
15:42:52.495	177.8
15:42:52.504	180.4
15:42:52.516	180.2
15:42:52.528	178.5
15:42:52.536	177.9
15:42:52.549	178.5
15:42:52.561	177.6
15:42:52.569	179.0
15:42:52.581	176.5
15:42:52.594	176.5
15:42:52.606	176.0
15:42:52.614	174.0
15:42:52.626	172.6
15:42:52.639	170.3
15:42:52.647	170.6
15:42:52.659	168.8
15:42:52.672	166.4
15:42:52.680	164.4
15:42:52.692	164.3
15:42:52.704	161.4
15:42:52.712	159.4
15:42:52.725	159.4
15:42:52.737	157.1
15:42:52.749	157.8
15:42:52.757	154.0
15:42:52.770	150.4
15:42:52.782	146.8
15:42:52.790	140.2
15:42:52.803	134.1
15:42:52.815	127.0
15:42:52.823	121.1
15:42:52.835	111.3
15:42:52.848	105.9
15:42:52.860	96.8
15:42:52.868	90.6
15:42:52.880	82.9
15:42:52.893	76.3
15:42:52.901	69.8
15:42:52.913	61.8
15:42:52.925	55.9
15:42:52.934	49.6
15:42:52.946	45.4
15:42:52.958	37.4
15:42:52.966	33.2
15:42:52.979	27.0
15:42:52.991	22.2
15:42:52.999	17.5
15:42:53.011	14.6
15:42:53.024	11.3
15:42:53.036	8.5
15:42:53.044	5.3
15:42:53.056	2.4
15:42:53.069	0.5
15:42:53.077	-2.9
15:42:53.089	-4.5
15:42:53.101	-10.3
15:42:53.114	-18.2
15:42:53.122	-25.3
15:42:53.134	-32.8
15:42:53.147	-40.4
15:42:53.155	-47.5
15:42:53.167	-56.0
15:42:53.179	-62.5
15:42:53.187	-68.6
15:42:53.200	-76.3
15:42:53.212	-78.9
15:42:53.220	-78.5
15:42:53.232	-78.7
15:42:53.245	-76.1
15:42:53.253	-76.0
15:42:53.265	-74.1
15:42:53.278	-70.8
15:42:53.290	-67.3
15:42:53.298	-65.1
15:42:53.310	-63.5
15:42:53.323	-61.6
15:42:53.331	-60.1
15:42:53.343	-58.6
15:42:53.355	-58.0
15:42:53.364	-53.0
15:42:53.376	-52.9
15:42:53.388	-51.0
15:42:53.400	-50.4
15:42:53.409	-49.1
15:42:53.421	-47.5
15:42:53.433	-45.2
15:42:53.441	-42.6
15:42:53.454	-41.7
15:42:53.466	-40.7
15:42:53.474	-42.9
15:42:53.486	-38.9
15:42:53.499	-39.3
15:42:53.507	-39.4
15:42:53.519	-37.9
15:42:53.532	-34.6
15:42:53.544	-34.9
15:42:53.552	-34.3
15:42:53.564	-32.4
15:42:53.577	-33.4
15:42:53.585	-30.5
15:42:53.597	-30.8
15:42:53.609	-29.3
15:42:53.618	-28.0
15:42:53.630	-27.3
15:42:53.642	-29.7
15:42:53.650	-29.8
15:42:53.663	-29.4
15:42:53.675	-29.4
15:42:53.683	-25.8
15:42:53.695	-26.5
15:42:53.708	-27.1
15:42:53.720	-27.8
15:42:53.728	-26.8
15:42:53.740	-26.6
15:42:53.753	-25.8
15:42:53.761	-25.2
15:42:53.773	-26.9
15:42:53.785	-27.7
15:42:53.798	-28.4
15:42:53.806	-27.0
15:42:53.818	-25.6
15:42:53.830	-23.9
15:42:53.839	-25.5
15:42:53.851	-26.1
15:42:53.863	-23.8
15:42:53.871	-23.3
15:42:53.884	-20.7
15:42:53.896	-18.7
15:42:53.904	-19.0
15:42:53.917	-21.2
15:42:53.929	-22.0
15:42:53.941	-23.6
15:42:53.949	-22.7
15:42:53.961	-21.7
15:42:53.974	-20.2
15:42:53.982	-19.3
15:42:53.994	-21.3
15:42:54.007	-21.9
15:42:54.019	-20.1
15:42:54.027	-16.6
15:42:54.039	-15.6
15:42:54.052	-14.0
15:42:54.060	-14.8
15:42:54.072	-15.5
15:42:54.085	-18.3
15:42:54.097	-18.2
15:42:54.105	-15.5
15:42:54.117	-14.7
15:42:54.130	-14.6
15:42:54.138	-13.5
15:42:54.150	-9.0
15:42:54.162	-3.8
15:42:54.171	5.6
15:42:54.183	13.3
15:42:54.195	21.2
15:42:54.203	28.9
15:42:54.216	35.3
15:42:54.228	41.6
15:42:54.236	49.2
15:42:54.248	53.3
15:42:54.261	54.0
15:42:54.273	52.8
15:42:54.281	51.2
15:42:54.293	47.4
15:42:54.306	46.4
15:42:54.314	42.6
15:42:54.326	40.5
15:42:54.338	38.1
15:42:54.347	34.4
15:42:54.359	31.0
15:42:54.371	27.6
15:42:54.383	26.3
15:42:54.392	21.8
15:42:54.404	22.5
15:42:54.417	18.1
15:42:54.425	19.1
15:42:54.437	15.5
15:42:54.449	14.6
15:42:54.457	11.7
15:42:54.470	10.8
15:42:54.482	9.9
15:42:54.490	9.7
15:42:54.503	10.4
15:42:54.515	8.1
15:42:54.527	11.6
15:42:54.535	10.3
15:42:54.548	12.2
15:42:54.560	11.3
15:42:54.568	11.2
15:42:54.580	10.4
15:42:54.593	9.6
15:42:54.601	11.9
15:42:54.613	11.6
15:42:54.625	11.9
15:42:54.634	10.4
15:42:54.646	12.1
15:42:54.658	9.9
15:42:54.670	10.1
15:42:54.679	8.5
15:42:54.691	8.0
15:42:54.703	7.6
15:42:54.711	2.7
15:42:54.724	2.8
15:42:54.736	0.2
15:42:54.744	-4.5
15:42:54.756	-9.6
15:42:54.769	-10.8
15:42:54.781	-13.6
15:42:54.789	-13.0
15:42:54.801	-14.5
15:42:54.814	-12.3
15:42:54.822	-12.0
15:42:54.834	-14.4
15:42:54.846	-11.6
15:42:54.855	-12.0
15:42:54.867	-12.2
15:42:54.879	-12.3
15:42:54.887	-13.0
15:42:54.900	-12.9
15:42:54.912	-11.6
15:42:54.920	-14.1
15:42:54.932	-13.9
15:42:54.945	-12.2
15:42:54.957	-11.2
15:42:54.965	-7.3
15:42:54.977	-3.3
15:42:54.990	0.6
15:42:54.998	4.4
15:42:55.010	8.0
15:42:55.023	12.1
15:42:55.035	17.1
15:42:55.043	20.6
15:42:55.055	23.5
15:42:55.068	25.5
15:42:55.076	28.1
15:42:55.088	29.5
15:42:55.100	31.8
15:42:55.109	32.8
15:42:55.121	35.8
15:42:55.133	37.7
15:42:55.141	40.7
15:42:55.154	43.9
15:42:55.166	48.5
15:42:55.174	53.3
15:42:55.186	58.7
15:42:55.199	63.0
15:42:55.211	65.9
15:42:55.219	70.2
15:42:55.231	74.9
15:42:55.244	80.4
15:42:55.252	84.6
15:42:55.264	91.3
15:42:55.276	96.4
15:42:55.285	102.0
15:42:55.297	106.2
15:42:55.309	113.4
15:42:55.322	121.0
15:42:55.330	128.8
15:42:55.342	137.4
15:42:55.354	146.3
15:42:55.363	156.9
15:42:55.375	166.7
15:42:55.387	178.2
15:42:55.395	188.1
15:42:55.408	200.6
15:42:55.420	210.4
15:42:55.428	217.8
15:42:55.440	225.4
15:42:55.453	227.1
15:42:55.465	230.7
15:42:55.473	231.2
15:42:55.485	230.1
15:42:55.498	224.6
15:42:55.506	217.8
15:42:55.518	208.4
15:42:55.531	199.6
15:42:55.539	190.7
15:42:55.551	179.9
15:42:55.563	173.8
15:42:55.572	164.7
15:42:55.584	158.5
15:42:55.596	149.0
15:42:55.604	143.7
15:42:55.617	138.9
15:42:55.629	134.6
15:42:55.641	129.6
15:42:55.649	125.9
15:42:55.662	125.7
15:42:55.674	122.3
15:42:55.686	120.1
15:42:55.695	116.1
15:42:55.707	114.2
15:42:55.719	111.5
15:42:55.727	108.6
15:42:55.740	105.0
15:42:55.752	101.8
15:42:55.764	101.3
15:42:55.772	99.2
15:42:55.785	96.0
15:42:55.793	90.5
15:42:55.805	84.7
15:42:55.817	77.8
15:42:55.826	68.3
15:42:55.838	62.1
15:42:55.850	54.9
15:42:55.858	46.4
15:42:55.871	37.1
15:42:55.883	28.2
15:42:55.895	17.7
15:42:55.903	9.4
15:42:55.916	2.1
15:42:55.928	-4.2
15:42:55.936	-8.5
15:42:55.948	-15.2
15:42:55.961	-19.2
15:42:55.973	-21.3
15:42:55.981	-25.4
15:42:55.993	-27.8
15:42:56.006	-28.3
15:42:56.018	-30.9
15:42:56.026	-29.7
15:42:56.038	-29.8
15:42:56.051	-30.5
15:42:56.059	-31.7
15:42:56.071	-32.0
15:42:56.083	-33.9
15:42:56.092	-34.9
15:42:56.104	-35.4
15:42:56.116	-36.2
15:42:56.124	-34.6
15:42:56.137	-37.8
15:42:56.149	-37.9
15:42:56.157	-38.8
15:42:56.170	-38.7
15:42:56.182	-39.3
15:42:56.194	-38.2
15:42:56.202	-35.3
15:42:56.215	-36.2
15:42:56.227	-36.1
15:42:56.235	-36.8
15:42:56.247	-35.2
15:42:56.260	-34.0
15:42:56.268	-31.5
15:42:56.280	-32.0
15:42:56.292	-31.7
15:42:56.305	-29.5
15:42:56.313	-30.3
15:42:56.325	-28.7
15:42:56.337	-27.3
15:42:56.346	-26.5
15:42:56.358	-27.5
15:42:56.370	-27.2
15:42:56.378	-27.0
15:42:56.391	-25.1
15:42:56.403	-24.9
15:42:56.411	-27.6
15:42:56.423	-26.2
15:42:56.436	-26.4
15:42:56.448	-26.1
15:42:56.456	-25.5
15:42:56.469	-25.0
15:42:56.481	-25.0
15:42:56.489	-26.7
15:42:56.501	-27.5
15:42:56.513	-26.5
15:42:56.522	-22.6
15:42:56.534	-22.3
15:42:56.546	-22.4
15:42:56.554	-20.6
15:42:56.567	-16.7
15:42:56.579	-14.5
15:42:56.591	-14.9
15:42:56.599	-11.7
15:42:56.612	-8.7
15:42:56.624	-4.9
15:42:56.632	-5.4
15:42:56.645	-4.7
15:42:56.657	-4.2
15:42:56.665	-3.0
15:42:56.677	-5.4
15:42:56.690	-2.8
15:42:56.702	-0.3
15:42:56.710	1.8
15:42:56.722	3.4
15:42:56.735	2.6
15:42:56.743	4.7
15:42:56.755	5.6
15:42:56.767	9.8
15:42:56.776	9.4
15:42:56.788	12.8
15:42:56.800	11.5
15:42:56.808	12.8
15:42:56.821	12.5
15:42:56.833	14.6
15:42:56.841	18.0
15:42:56.853	19.6
15:42:56.866	23.2
15:42:56.878	24.0
15:42:56.886	26.8
15:42:56.898	26.8
15:42:56.911	28.5
15:42:56.919	32.3
15:42:56.931	36.0
15:42:56.944	39.3
15:42:56.956	39.8
15:42:56.964	41.4
15:42:56.976	40.4
15:42:56.988	41.2
15:42:56.997	42.9
15:42:57.009	46.2
15:42:57.021	48.5
15:42:57.029	49.8
15:42:57.042	51.0
15:42:57.054	52.0
15:42:57.062	55.0
15:42:57.074	54.3
15:42:57.087	55.6
15:42:57.095	56.3
15:42:57.107	56.0
15:42:57.120	56.3
15:42:57.132	57.6
15:42:57.140	56.6
15:42:57.152	56.1
15:42:57.165	53.5
15:42:57.173	52.0
15:42:57.185	54.3
15:42:57.197	54.5
15:42:57.206	56.3
15:42:57.218	57.5
15:42:57.230	56.1
15:42:57.242	56.0
15:42:57.251	56.2
15:42:57.263	55.0
15:42:57.275	54.6
15:42:57.283	55.5
15:42:57.296	53.8
15:42:57.308	57.2
15:42:57.316	55.1
15:42:57.328	53.6
15:42:57.341	52.8
15:42:57.349	51.5
15:42:57.361	53.3
15:42:57.373	53.0
15:42:57.386	53.5
15:42:57.394	50.0
15:42:57.406	49.7
15:42:57.418	43.8
15:42:57.427	43.1
15:42:57.439	41.6
15:42:57.451	41.0
15:42:57.459	36.7
15:42:57.472	30.2
15:42:57.484	25.7
15:42:57.492	19.6
15:42:57.504	17.0
15:42:57.517	9.6
15:42:57.525	4.6
15:42:57.537	-1.8
15:42:57.549	-8.8
15:42:57.562	-14.9
15:42:57.570	-18.8
15:42:57.582	-21.8
15:42:57.595	-24.5
15:42:57.603	-25.8
15:42:57.615	-30.4
15:42:57.627	-33.7
15:42:57.640	-35.2
15:42:57.648	-38.8
15:42:57.660	-38.5
15:42:57.672	-41.0
15:42:57.681	-40.4
15:42:57.693	-43.3
15:42:57.705	-48.0
15:42:57.713	-50.7
15:42:57.726	-52.4
15:42:57.738	-51.8
15:42:57.746	-55.4
15:42:57.758	-54.9
15:42:57.771	-56.3
15:42:57.779	-57.5
15:42:57.791	-60.7
15:42:57.803	-66.7
15:42:57.816	-70.1
15:42:57.824	-76.1
15:42:57.836	-82.6
15:42:57.848	-88.1
15:42:57.861	-90.0
15:42:57.869	-95.6
15:42:57.881	-99.1
15:42:57.893	-103.4
15:42:57.902	-106.8
15:42:57.914	-107.3
15:42:57.926	-111.3
15:42:57.938	-111.9
15:42:57.947	-111.7
15:42:57.959	-114.7
15:42:57.971	-119.2
15:42:57.979	-121.0
15:42:57.992	-125.6
15:42:58.004	-130.7
15:42:58.012	-137.2
15:42:58.024	-140.7
15:42:58.037	-140.2
15:42:58.045	-142.9
15:42:58.057	-147.1
15:42:58.070	-148.4
15:42:58.078	-150.9
15:42:58.090	-153.2
15:42:58.103	-155.7
15:42:58.115	-157.2
15:42:58.123	-158.5
15:42:58.135	-160.7
15:42:58.148	-164.5
15:42:58.156	-166.5
15:42:58.168	-168.5
15:42:58.180	-171.1
15:42:58.188	-172.3
15:42:58.201	-174.5
15:42:58.213	-177.8
15:42:58.226	-180.2
15:42:58.234	-182.0
15:42:58.246	-182.4
15:42:58.258	-182.4
15:42:58.266	-185.0
15:42:58.278	-187.4
15:42:58.290	-188.3
15:42:58.299	-189.1
15:42:58.311	-188.5
15:42:58.323	-189.0
15:42:58.331	-188.5
15:42:58.344	-189.4
15:42:58.356	-191.7
15:42:58.368	-194.1
15:42:58.376	-194.4
15:42:58.389	-193.3
15:42:58.401	-196.0
15:42:58.409	-196.1
15:42:58.421	-199.2
15:42:58.434	-197.2
15:42:58.442	-198.6
15:42:58.454	-197.6
15:42:58.466	-196.8
15:42:58.475	-194.7
15:42:58.487	-195.6
15:42:58.499	-194.6
15:42:58.511	-191.9
15:42:58.520	-193.0
15:42:58.532	-193.5
15:42:58.544	-195.9
15:42:58.553	-195.1
15:42:58.566	-195.3
15:42:58.578	-193.3
15:42:58.586	-193.4
15:42:58.599	-192.5
15:42:58.611	-191.8
15:42:58.623	-189.6
15:42:58.631	-187.2
15:42:58.643	-184.7
15:42:58.656	-182.9
15:42:58.664	-180.4
15:42:58.676	-179.6
15:42:58.689	-180.8
15:42:58.697	-180.1
15:42:58.709	-178.6
15:42:58.721	-179.8
15:42:58.729	-181.9
15:42:58.742	-181.6
15:42:58.754	-181.5
15:42:58.762	-180.0
15:42:58.774	-179.7
15:42:58.787	-177.3
15:42:58.799	-175.3
15:42:58.807	-173.2
15:42:58.820	-169.8
15:42:58.832	-167.3
15:42:58.840	-165.2
15:42:58.852	-163.6
15:42:58.865	-159.7
15:42:58.877	-159.6
15:42:58.885	-158.5
15:42:58.897	-157.4
15:42:58.909	-156.9
15:42:58.917	-154.9
15:42:58.929	-154.2
15:42:58.942	-153.2
15:42:58.950	-150.2
15:42:58.962	-147.9
15:42:58.974	-145.9
15:42:58.983	-144.4
15:42:58.995	-141.0
15:42:59.007	-139.4
15:42:59.015	-137.2
15:42:59.028	-135.8
15:42:59.040	-134.8
15:42:59.052	-132.1
15:42:59.060	-132.6
15:42:59.073	-129.9
15:42:59.085	-130.2
15:42:59.093	-125.3
15:42:59.105	-125.6
15:42:59.118	-124.4
15:42:59.126	-123.1
15:42:59.138	-120.8
15:42:59.150	-118.5
15:42:59.163	-116.4
15:42:59.171	-113.5
15:42:59.183	-111.7
15:42:59.196	-108.3
15:42:59.204	-107.8
15:42:59.216	-103.9
15:42:59.228	-97.9
15:42:59.236	-92.7
15:42:59.249	-88.4
15:42:59.261	-85.4
15:42:59.269	-81.9
15:42:59.281	-78.3
15:42:59.294	-76.2
15:42:59.306	-75.5
15:42:59.314	-72.6
15:42:59.327	-67.8
15:42:59.339	-65.9
15:42:59.347	-62.3
15:42:59.359	-59.4
15:42:59.372	-55.3
15:42:59.380	-53.2
15:42:59.392	-49.8
15:42:59.404	-44.1
15:42:59.413	-39.3
15:42:59.425	-35.6
15:42:59.437	-33.5
15:42:59.445	-31.8
15:42:59.458	-27.7
15:42:59.470	-26.2
15:42:59.482	-23.1
15:42:59.491	-20.2
15:42:59.503	-19.5
15:42:59.515	-20.4
15:42:59.523	-16.3
15:42:59.536	-13.3
15:42:59.548	-11.3
15:42:59.560	-10.1
15:42:59.568	-12.1
15:42:59.581	-11.2
15:42:59.593	-12.2
15:42:59.601	-11.3
15:42:59.613	-8.5
15:42:59.626	-6.4
15:42:59.634	-6.2
15:42:59.646	-4.0
15:42:59.659	-3.0
15:42:59.667	-0.3
15:42:59.679	0.5
15:42:59.691	3.0
15:42:59.699	5.0
15:42:59.712	7.7
15:42:59.724	11.2
15:42:59.736	12.8
15:42:59.744	12.8
15:42:59.757	12.9
15:42:59.769	13.7
15:42:59.777	16.0
15:42:59.789	19.8
15:42:59.802	19.7
15:42:59.814	20.9
15:42:59.822	20.6
15:42:59.835	20.7
15:42:59.847	19.3
15:42:59.859	20.2
15:42:59.867	20.6
15:42:59.880	22.3
15:42:59.892	24.6
15:42:59.900	26.9
15:42:59.912	30.4
15:42:59.925	33.7
15:42:59.933	37.5
15:42:59.945	38.6
15:42:59.957	43.4
15:42:59.966	46.7
15:42:59.978	50.0
15:42:59.990	50.3
15:42:59.998	49.0
15:43:00.011	49.1
15:43:00.023	49.9
15:43:00.035	50.1
15:43:00.043	52.0
15:43:00.056	55.7
15:43:00.068	57.9
15:43:00.076	61.8
15:43:00.088	66.4
15:43:00.101	70.2
15:43:00.109	74.2
15:43:00.121	79.1
15:43:00.133	81.7
15:43:00.146	86.2
15:43:00.154	88.3
15:43:00.166	89.8
15:43:00.178	95.8
15:43:00.187	97.3
15:43:00.199	96.3
15:43:00.211	100.4
15:43:00.219	102.8
15:43:00.232	102.8
15:43:00.244	104.6
15:43:00.252	107.4
15:43:00.264	109.4
15:43:00.277	111.5
15:43:00.289	108.4
15:43:00.297	111.3
15:43:00.310	113.3
15:43:00.322	114.3
15:43:00.330	113.7
15:43:00.342	113.6
15:43:00.355	113.7
15:43:00.363	111.0
15:43:00.375	111.2
15:43:00.387	110.6
15:43:00.396	112.1
15:43:00.408	109.4
15:43:00.420	111.3
15:43:00.432	110.9
15:43:00.441	113.2
15:43:00.453	115.6
15:43:00.465	117.9
15:43:00.473	120.9
15:43:00.486	121.8
15:43:00.498	125.3
15:43:00.506	127.2
15:43:00.518	128.9
15:43:00.531	129.3
15:43:00.543	130.0
15:43:00.551	130.0
15:43:00.564	130.9
15:43:00.577	131.8
15:43:00.585	132.9
15:43:00.597	135.1
15:43:00.609	135.9
15:43:00.618	137.4
15:43:00.630	138.7
15:43:00.642	139.7
15:43:00.650	141.3
15:43:00.663	144.2
15:43:00.675	146.3
15:43:00.683	147.1
15:43:00.695	148.6
15:43:00.708	147.9
15:43:00.720	147.6
15:43:00.728	146.0
15:43:00.740	145.2
15:43:00.753	145.8
15:43:00.761	143.9
15:43:00.773	143.3
15:43:00.786	141.8
15:43:00.798	140.6
15:43:00.806	140.7
15:43:00.818	142.7
15:43:00.831	143.0
15:43:00.839	144.7
15:43:00.851	146.1
15:43:00.863	142.3
15:43:00.871	143.9
15:43:00.884	140.4
15:43:00.896	137.2
15:43:00.904	136.0
15:43:00.917	134.3
15:43:00.929	129.0
15:43:00.937	124.2
15:43:00.949	118.6
15:43:00.962	113.6
15:43:00.974	109.3
15:43:00.982	105.4
15:43:00.994	102.3
15:43:01.007	101.2
15:43:01.015	97.8
15:43:01.027	91.1
15:43:01.039	86.5
15:43:01.048	82.6
15:43:01.060	77.7
15:43:01.072	73.3
15:43:01.084	69.9
15:43:01.093	64.0
15:43:01.105	60.7
15:43:01.117	54.1
15:43:01.125	48.7
15:43:01.138	45.2
15:43:01.150	41.2
15:43:01.158	37.5
15:43:01.170	36.0
15:43:01.183	31.9
15:43:01.191	30.5
15:43:01.203	28.4
15:43:01.215	26.4
15:43:01.228	25.3
15:43:01.236	26.0
15:43:01.248	23.8
15:43:01.261	24.0
15:43:01.269	22.4
15:43:01.281	21.5
15:43:01.294	22.6
15:43:01.301	22.9
15:43:01.314	22.4
15:43:01.326	21.0
15:43:01.334	23.8
15:43:01.347	22.4
15:43:01.359	22.8
15:43:01.367	21.8
15:43:01.379	22.6
15:43:01.392	22.7
15:43:01.404	22.6
15:43:01.412	20.9
15:43:01.425	20.2
15:43:01.437	20.8
15:43:01.445	15.6
15:43:01.457	14.9
15:43:01.469	15.2
15:43:01.482	16.8
15:43:01.490	16.9
15:43:01.502	15.1
15:43:01.514	15.7
15:43:01.523	15.1
15:43:01.535	15.5
15:43:01.547	15.8
15:43:01.555	17.5
15:43:01.568	16.4
15:43:01.580	14.3
15:43:01.588	13.0
15:43:01.600	11.6
15:43:01.613	12.0
15:43:01.621	11.4
15:43:01.633	12.5
15:43:01.645	11.4
15:43:01.658	11.2
15:43:01.666	9.9
15:43:01.678	10.9
15:43:01.691	11.0
15:43:01.699	10.1
15:43:01.711	11.3
15:43:01.723	10.8
15:43:01.736	11.6
15:43:01.744	12.1
15:43:01.756	13.3
15:43:01.768	11.4
15:43:01.781	12.4
15:43:01.789	12.1
15:43:01.801	14.0
15:43:01.813	15.5
15:43:01.822	16.4
15:43:01.834	19.0
15:43:01.846	18.3
15:43:01.854	20.5
15:43:01.867	22.9
15:43:01.879	27.4
15:43:01.887	31.6
15:43:01.899	34.8
15:43:01.912	39.5
15:43:01.920	41.5
15:43:01.932	45.2
15:43:01.944	48.5
15:43:01.957	53.8
15:43:01.965	54.5
15:43:01.977	57.3
15:43:01.989	60.2
15:43:01.998	62.6
15:43:02.010	66.3
15:43:02.022	80.2
15:43:02.030	96.3
15:43:02.043	111.4
15:43:02.055	125.5
15:43:02.067	139.2
15:43:02.075	156.5
15:43:02.088	174.7
15:43:02.100	189.9
15:43:02.108	205.0
15:43:02.120	218.8
15:43:02.133	219.8
15:43:02.141	222.4
15:43:02.153	224.3
15:43:02.166	226.4
15:43:02.174	228.9
15:43:02.186	231.9
15:43:02.198	231.8
15:43:02.211	235.3
15:43:02.219	239.6
15:43:02.231	243.6
15:43:02.243	248.2
15:43:02.251	251.6
15:43:02.264	253.4
15:43:02.276	257.9
15:43:02.284	262.4
15:43:02.297	265.1
15:43:02.309	265.3
15:43:02.317	263.2
15:43:02.330	261.2
15:43:02.342	259.9
15:43:02.354	259.3
15:43:02.362	257.4
15:43:02.375	257.7
15:43:02.387	254.2
15:43:02.395	250.3
15:43:02.407	244.1
15:43:02.420	242.6
15:43:02.428	243.6
15:43:02.440	244.2
15:43:02.452	241.1
15:43:02.465	236.5
15:43:02.473	235.6
15:43:02.485	232.6
15:43:02.497	231.7
15:43:02.506	229.2
15:43:02.518	230.2
15:43:02.530	227.1
15:43:02.538	222.7
15:43:02.551	218.9
15:43:02.563	218.2
15:43:02.571	216.2
15:43:02.583	213.4
15:43:02.596	210.7
15:43:02.604	206.7
15:43:02.616	204.1
15:43:02.628	200.4
15:43:02.641	198.1
15:43:02.649	194.4
15:43:02.661	189.9
15:43:02.674	184.2
15:43:02.682	178.3
15:43:02.694	171.3
15:43:02.706	162.8
15:43:02.719	155.3
15:43:02.727	145.8
15:43:02.739	135.4
15:43:02.751	123.4
15:43:02.760	111.5
15:43:02.772	100.1
15:43:02.784	88.7
15:43:02.792	82.1
15:43:02.805	71.2
15:43:02.817	62.7
15:43:02.825	55.3
15:43:02.837	50.1
15:43:02.850	45.7
15:43:02.858	42.5
15:43:02.870	39.6
15:43:02.883	37.1
15:43:02.895	36.0
15:43:02.903	30.1
15:43:02.915	20.9
15:43:02.928	8.5
15:43:02.936	-3.9
15:43:02.948	-20.7
15:43:02.960	-35.3
15:43:02.969	-50.6
15:43:02.981	-63.9
15:43:02.993	-77.1
15:43:03.005	-91.3
15:43:03.014	-103.0
15:43:03.026	-109.0
15:43:03.038	-112.5
15:43:03.046	-118.8
15:43:03.059	-119.1
15:43:03.071	-122.6
15:43:03.079	-125.6
15:43:03.091	-128.6
15:43:03.104	-132.0
15:43:03.112	-133.8
15:43:03.124	-135.0
15:43:03.136	-135.6
15:43:03.149	-137.4
15:43:03.157	-136.2
15:43:03.169	-136.3
15:43:03.181	-136.2
15:43:03.190	-135.0
15:43:03.202	-134.2
15:43:03.214	-133.2
15:43:03.222	-131.2
15:43:03.235	-129.0
15:43:03.247	-127.4
15:43:03.255	-122.7
15:43:03.267	-119.1
15:43:03.280	-116.6
15:43:03.288	-112.3
15:43:03.300	-107.0
15:43:03.313	-103.9
15:43:03.325	-101.3
15:43:03.333	-96.2
15:43:03.345	-93.8
15:43:03.358	-91.6
15:43:03.366	-88.1
15:43:03.378	-85.1
15:43:03.390	-82.6
15:43:03.403	-81.5
15:43:03.411	-81.5
15:43:03.423	-78.8
15:43:03.435	-77.4
15:43:03.444	-79.7
15:43:03.456	-78.8
15:43:03.468	-74.8
15:43:03.476	-76.0
15:43:03.489	-77.5
15:43:03.501	-73.5
15:43:03.509	-70.8
15:43:03.521	-68.2
15:43:03.534	-67.0
15:43:03.542	-65.1
15:43:03.554	-60.5
15:43:03.566	-57.4
15:43:03.579	-58.6
15:43:03.587	-55.9
15:43:03.599	-53.7
15:43:03.611	-55.3
15:43:03.620	-55.3
15:43:03.632	-52.7
15:43:03.644	-50.0
15:43:03.656	-47.1
15:43:03.665	-47.2
15:43:03.677	-47.1
15:43:03.689	-44.3
15:43:03.697	-39.9
15:43:03.710	-34.1
15:43:03.722	-24.2
15:43:03.730	-9.3
15:43:03.742	8.0
15:43:03.755	26.0
15:43:03.767	45.6
15:43:03.775	68.2
15:43:03.787	92.0
15:43:03.800	117.7
15:43:03.808	140.2
15:43:03.820	164.7
15:43:03.833	182.9
15:43:03.841	197.6
15:43:03.853	212.1
15:43:03.865	222.5
15:43:03.878	232.6
15:43:03.886	240.4
15:43:03.898	246.1
15:43:03.910	250.7
15:43:03.919	256.7
15:43:03.931	259.0
15:43:03.943	265.0
15:43:03.951	269.8
15:43:03.964	269.9
15:43:03.976	273.5
15:43:03.988	274.2
15:43:03.996	272.6
15:43:04.009	271.9
15:43:04.021	270.1
15:43:04.029	267.2
15:43:04.041	266.2
15:43:04.054	263.0
15:43:04.062	258.7
15:43:04.074	255.1
15:43:04.086	251.3
15:43:04.095	247.1
15:43:04.107	244.9
15:43:04.119	242.1
15:43:04.132	240.6
15:43:04.140	238.8
15:43:04.152	234.7
15:43:04.164	232.6
15:43:04.173	231.0
15:43:04.185	228.6
15:43:04.197	224.2
15:43:04.205	220.7
15:43:04.218	218.0
15:43:04.230	214.7
15:43:04.238	209.4
15:43:04.250	206.4
15:43:04.263	205.0
15:43:04.275	200.4
15:43:04.283	197.2
15:43:04.296	193.4
15:43:04.308	190.5
15:43:04.316	188.6
15:43:04.328	186.2
15:43:04.340	183.6
15:43:04.349	182.9
15:43:04.361	181.7
15:43:04.373	179.4
15:43:04.385	177.8
15:43:04.394	176.0
15:43:04.406	172.7
15:43:04.418	170.5
15:43:04.426	169.2
15:43:04.439	166.8
15:43:04.451	170.2
15:43:04.459	205.6
15:43:04.471	242.8
15:43:04.484	287.3
15:43:04.492	336.9
15:43:04.504	390.3
15:43:04.516	451.3
15:43:04.525	516.7
15:43:04.537	579.3
15:43:04.549	643.1
15:43:04.562	698.3
15:43:04.570	722.9
15:43:04.582	745.3
15:43:04.594	761.1
15:43:04.602	767.5
15:43:04.615	766.0
15:43:04.627	759.0
15:43:04.639	747.1
15:43:04.647	736.4
15:43:04.660	721.9
15:43:04.672	712.7
15:43:04.680	700.6
15:43:04.693	688.4
15:43:04.705	671.9
15:43:04.713	659.2
15:43:04.725	651.1
15:43:04.738	638.3
15:43:04.746	627.5
15:43:04.758	614.8
15:43:04.770	607.0
15:43:04.779	599.5
15:43:04.791	591.6
15:43:04.803	581.2
15:43:04.815	577.3
15:43:04.824	571.9
15:43:04.836	566.1
15:43:04.848	565.3
15:43:04.857	563.6
15:43:04.869	564.2
15:43:04.881	561.5
15:43:04.889	558.4
15:43:04.902	554.2
15:43:04.914	551.4
15:43:04.926	544.0
15:43:04.934	540.3
15:43:04.947	533.9
15:43:04.959	528.3
15:43:04.967	518.4
15:43:04.979	510.4
15:43:04.992	502.9
15:43:05.000	495.0
15:43:05.012	489.4
15:43:05.025	480.3
15:43:05.033	476.4
15:43:05.045	469.3
15:43:05.057	465.0
15:43:05.070	457.9
15:43:05.078	455.1
15:43:05.090	450.6
15:43:05.102	445.8
15:43:05.111	443.6
15:43:05.123	437.8
15:43:05.135	435.1
15:43:05.143	428.9
15:43:05.156	425.1
15:43:05.168	420.0
15:43:05.176	417.7
15:43:05.188	416.8
15:43:05.201	430.4
15:43:05.209	456.6
15:43:05.221	486.0
15:43:05.233	524.3
15:43:05.246	566.7
15:43:05.254	616.3
15:43:05.266	664.5
15:43:05.278	715.6
15:43:05.287	766.5
15:43:05.299	818.8
15:43:05.311	868.9
15:43:05.323	905.1
15:43:05.332	932.5
15:43:05.344	957.7
15:43:05.356	978.6
15:43:05.364	994.3
15:43:05.377	1008.5
15:43:05.389	1015.9
15:43:05.401	1021.2
15:43:05.410	1028.6
15:43:05.422	1016.2
15:43:05.434	1007.8
15:43:05.442	1000.7
15:43:05.454	987.0
15:43:05.467	976.4
15:43:05.475	971.0
15:43:05.487	966.0
15:43:05.500	965.9
15:43:05.508	965.1
15:43:05.520	949.4
15:43:05.532	942.0
15:43:05.544	929.8
15:43:05.553	917.6
15:43:05.565	908.0
15:43:05.577	894.1
15:43:05.585	872.5
15:43:05.598	851.7
15:43:05.610	830.5
15:43:05.622	808.8
15:43:05.630	794.4
15:43:05.643	774.2
15:43:05.655	759.0
15:43:05.663	741.6
15:43:05.676	726.8
15:43:05.688	711.6
15:43:05.696	695.9
15:43:05.708	681.5
15:43:05.721	667.7
15:43:05.729	654.9
15:43:05.741	634.5
15:43:05.753	615.1
15:43:05.762	591.4
15:43:05.774	567.6
15:43:05.786	539.3
15:43:05.798	507.9
15:43:05.807	473.8
15:43:05.819	436.9
15:43:05.831	395.4
15:43:05.839	349.8
15:43:05.852	311.0
15:43:05.864	273.8
15:43:05.872	238.3
15:43:05.884	205.6
15:43:05.897	171.8
15:43:05.909	139.6
15:43:05.917	108.0
15:43:05.930	78.7
15:43:05.942	42.2
15:43:05.950	-10.9
15:43:05.962	-69.1
15:43:05.975	-125.6
15:43:05.983	-182.6
15:43:05.995	-241.1
15:43:06.008	-296.7
15:43:06.016	-346.5
15:43:06.028	-393.4
15:43:06.040	-439.6
15:43:06.053	-475.5
15:43:06.061	-491.0
15:43:06.073	-499.0
15:43:06.085	-507.4
15:43:06.093	-520.1
15:43:06.106	-538.7
15:43:06.118	-557.0
15:43:06.126	-578.8
15:43:06.139	-597.2
15:43:06.151	-617.8
15:43:06.159	-642.6
15:43:06.171	-666.5
15:43:06.184	-690.4
15:43:06.196	-714.8
15:43:06.204	-733.3
15:43:06.216	-743.0
15:43:06.229	-751.9
15:43:06.237	-762.4
15:43:06.249	-771.2
15:43:06.261	-779.5
15:43:06.270	-781.6
15:43:06.282	-785.5
15:43:06.294	-790.9
15:43:06.306	-797.5
15:43:06.315	-804.5
15:43:06.327	-814.0
15:43:06.339	-825.0
15:43:06.347	-833.5
15:43:06.360	-844.7
15:43:06.372	-853.3
15:43:06.380	-863.9
15:43:06.392	-870.7
15:43:06.405	-873.4
15:43:06.413	-872.3
15:43:06.425	-869.7
15:43:06.438	-865.4
15:43:06.446	-857.9
15:43:06.458	-848.8
15:43:06.470	-838.8
15:43:06.482	-830.4
15:43:06.491	-820.6
15:43:06.503	-809.9
15:43:06.515	-802.3
15:43:06.523	-794.8
15:43:06.536	-787.5
15:43:06.548	-782.7
15:43:06.560	-775.9
15:43:06.568	-771.1
15:43:06.581	-766.6
15:43:06.593	-762.2
15:43:06.601	-757.5
15:43:06.614	-753.2
15:43:06.626	-747.5
15:43:06.634	-741.7
15:43:06.646	-735.2
15:43:06.659	-727.9
15:43:06.667	-721.7
15:43:06.679	-715.6
15:43:06.691	-708.1
15:43:06.699	-703.2
15:43:06.712	-698.6
15:43:06.724	-694.6
15:43:06.737	-690.6
15:43:06.745	-685.8
15:43:06.757	-682.5
15:43:06.769	-678.5
15:43:06.777	-674.7
15:43:06.790	-669.1
15:43:06.802	-667.7
15:43:06.810	-661.8
15:43:06.823	-656.1
15:43:06.835	-650.3
15:43:06.847	-644.9
15:43:06.855	-641.9
15:43:06.868	-636.6
15:43:06.880	-630.3
15:43:06.888	-624.9
15:43:06.900	-622.2
15:43:06.913	-617.5
15:43:06.921	-613.0
15:43:06.933	-608.3
15:43:06.945	-604.2
15:43:06.954	-601.5
15:43:06.966	-596.5
15:43:06.978	-593.6
15:43:06.990	-589.4
15:43:06.999	-584.0
15:43:07.011	-577.2
15:43:07.023	-573.2
15:43:07.031	-570.0
15:43:07.043	-566.5
15:43:07.055	-563.0
15:43:07.063	-557.7
15:43:07.076	-552.7
15:43:07.088	-547.6
15:43:07.096	-544.2
15:43:07.108	-542.9
15:43:07.122	-540.0
15:43:07.129	-536.4
15:43:07.142	-533.3
15:43:07.154	-529.2
15:43:07.167	-526.4
15:43:07.175	-522.8
15:43:07.187	-520.2
15:43:07.199	-516.5
15:43:07.208	-512.1
15:43:07.220	-507.9
15:43:07.232	-503.8
15:43:07.244	-498.0
15:43:07.253	-491.5
15:43:07.265	-487.3
15:43:07.277	-481.7
15:43:07.286	-477.9
15:43:07.298	-472.4
15:43:07.310	-466.9
15:43:07.318	-461.8
15:43:07.330	-453.9
15:43:07.343	-448.2
15:43:07.351	-444.3
15:43:07.363	-438.8
15:43:07.376	-433.0
15:43:07.384	-427.4
15:43:07.395	-420.3
15:43:07.408	-414.1
15:43:07.420	-409.1
15:43:07.428	-405.7
15:43:07.440	-402.1
15:43:07.453	-399.2
15:43:07.465	-393.2
15:43:07.473	-388.8
15:43:07.485	-385.4
15:43:07.498	-379.5
15:43:07.506	-374.3
15:43:07.518	-370.6
15:43:07.530	-366.6
15:43:07.543	-360.9
15:43:07.551	-357.1
15:43:07.563	-351.2
15:43:07.575	-348.1
15:43:07.584	-345.2
15:43:07.596	-340.4
15:43:07.608	-338.0
15:43:07.616	-337.0
15:43:07.629	-334.4
15:43:07.641	-331.8
15:43:07.649	-329.2
15:43:07.661	-326.9
15:43:07.674	-324.4
15:43:07.682	-321.7
15:43:07.694	-318.4
15:43:07.706	-314.6
15:43:07.719	-311.6
15:43:07.727	-306.8
15:43:07.739	-303.4
15:43:07.751	-299.5
15:43:07.760	-294.3
15:43:07.772	-292.2
15:43:07.784	-288.9
15:43:07.792	-284.0
15:43:07.805	-281.1
15:43:07.817	-280.1
15:43:07.830	-277.3
15:43:07.838	-274.6
15:43:07.850	-271.6
15:43:07.862	-269.6
15:43:07.871	-268.0
15:43:07.883	-264.4
15:43:07.895	-263.6
15:43:07.903	-260.7
15:43:07.916	-258.1
15:43:07.928	-253.8
15:43:07.936	-250.6
15:43:07.948	-247.7
15:43:07.961	-244.9
15:43:07.973	-240.0
15:43:07.981	-236.2
15:43:07.993	-233.2
15:43:08.006	-228.4
15:43:08.014	-227.2
15:43:08.026	-222.1
15:43:08.038	-219.7
15:43:08.047	-215.9
15:43:08.059	-212.3
15:43:08.071	-207.0
15:43:08.079	-205.0
15:43:08.092	-201.8
15:43:08.104	-199.4
15:43:08.116	-196.2
15:43:08.124	-191.1
15:43:08.137	-186.9
15:43:08.149	-182.2
15:43:08.157	-179.6
15:43:08.170	-176.9
15:43:08.182	-174.5
15:43:08.190	-172.1
15:43:08.202	-171.2
15:43:08.215	-165.4
15:43:08.227	-162.9
15:43:08.235	-160.7
15:43:08.247	-159.9
15:43:08.260	-158.1
15:43:08.268	-155.5
15:43:08.280	-152.3
15:43:08.292	-151.5
15:43:08.301	-147.3
15:43:08.313	-142.8
15:43:08.325	-143.3
15:43:08.333	-140.0
15:43:08.346	-138.6
15:43:08.358	-136.0
15:43:08.366	-134.2
15:43:08.378	-132.0
15:43:08.391	-129.5
15:43:08.403	-126.9
15:43:08.411	-127.3
15:43:08.423	-125.6
15:43:08.436	-123.5
15:43:08.444	-122.9
15:43:08.456	-122.5
15:43:08.468	-119.9
15:43:08.481	-120.3
15:43:08.489	-120.3
15:43:08.501	-120.9
15:43:08.514	-120.4
15:43:08.522	-117.7
15:43:08.534	-116.0
15:43:08.546	-113.1
15:43:08.555	-112.5
15:43:08.567	-108.6
15:43:08.579	-109.1
15:43:08.588	-105.3
15:43:08.600	-100.7
15:43:08.612	-98.0
15:43:08.620	-95.1
15:43:08.633	-93.0
15:43:08.645	-91.7
15:43:08.657	-90.3
15:43:08.665	-87.3
15:43:08.678	-86.8
15:43:08.690	-82.5
15:43:08.698	-81.5
15:43:08.710	-83.4
15:43:08.723	-80.5
15:43:08.731	-78.9
15:43:08.743	-76.7
15:43:08.755	-74.4
15:43:08.768	-73.2
15:43:08.776	-70.5
15:43:08.788	-68.3
15:43:08.800	-68.7
15:43:08.809	-64.5
15:43:08.821	-61.1
15:43:08.833	-59.1
15:43:08.842	-57.0
15:43:08.854	-56.0
15:43:08.866	-55.2
15:43:08.874	-52.2
15:43:08.887	-50.1
15:43:08.899	-48.9
15:43:08.911	-45.0
15:43:08.919	-44.1
15:43:08.932	-40.2
15:43:08.944	-38.7
15:43:08.952	-36.3
15:43:08.964	-35.4
15:43:08.977	-35.6
15:43:08.985	-34.7
15:43:08.997	-34.6
15:43:09.009	-31.9
15:43:09.018	-32.4
15:43:09.030	-30.9
15:43:09.042	-31.6
15:43:09.050	-31.8
15:43:09.063	-30.6
15:43:09.075	-29.2
15:43:09.087	-25.9
15:43:09.096	-25.5
15:43:09.108	-23.8
15:43:09.120	-23.6
15:43:09.128	-22.9
15:43:09.141	-21.8
15:43:09.153	-19.5
15:43:09.165	-19.3
15:43:09.174	-20.7
15:43:09.186	-18.5
15:43:09.198	-19.1
15:43:09.206	-17.6
15:43:09.219	-16.7
15:43:09.231	-14.7
15:43:09.238	-12.9
15:43:09.250	-11.1
15:43:09.263	-8.6
15:43:09.271	-3.6
15:43:09.283	3.4
15:43:09.295	6.7
15:43:09.304	12.1
15:43:09.316	15.9
15:43:09.328	19.5
15:43:09.341	22.4
15:43:09.349	25.5
15:43:09.361	26.7
15:43:09.373	25.4
15:43:09.382	26.4
15:43:09.395	25.0
15:43:09.407	26.5
15:43:09.419	26.7
15:43:09.428	28.7
15:43:09.440	27.9
15:43:09.452	29.3
15:43:09.460	28.0
15:43:09.472	28.1
15:43:09.484	32.1
15:43:09.493	32.3
15:43:09.505	35.0
15:43:09.517	36.9
15:43:09.525	40.7
15:43:09.538	40.4
15:43:09.550	45.3
15:43:09.558	47.7
15:43:09.570	52.8
15:43:09.583	55.3
15:43:09.595	58.8
15:43:09.603	61.9
15:43:09.615	64.7
15:43:09.628	65.1
15:43:09.640	64.3
15:43:09.648	67.2
15:43:09.660	68.3
15:43:09.673	68.9
15:43:09.681	70.5
15:43:09.693	74.4
15:43:09.706	74.1
15:43:09.714	73.4
15:43:09.726	73.8
15:43:09.738	76.7
15:43:09.751	77.9
15:43:09.759	77.5
15:43:09.771	77.4
15:43:09.783	76.7
15:43:09.792	75.9
15:43:09.804	75.4
15:43:09.816	73.0
15:43:09.824	73.0
15:43:09.837	71.9
15:43:09.849	70.4
15:43:09.857	70.3
15:43:09.870	69.4
15:43:09.882	68.2
15:43:09.894	68.6
15:43:09.903	66.9
15:43:09.915	66.4
15:43:09.927	67.6
15:43:09.935	69.6
15:43:09.948	70.5
15:43:09.960	68.3
15:43:09.968	65.4
15:43:09.980	65.9
15:43:09.993	66.6
15:43:10.001	68.6
15:43:10.013	71.6
15:43:10.025	71.0
15:43:10.038	73.8
15:43:10.046	74.2
15:43:10.058	76.5
15:43:10.070	78.3
15:43:10.079	80.2
15:43:10.091	81.4
15:43:10.103	82.1
15:43:10.111	82.3
15:43:10.124	82.7
15:43:10.136	84.7
15:43:10.148	91.3
15:43:10.156	93.6
15:43:10.169	94.9
15:43:10.181	99.7
15:43:10.189	105.5
15:43:10.202	110.7
15:43:10.214	113.5
15:43:10.222	116.4
15:43:10.234	120.6
15:43:10.247	125.2
15:43:10.255	123.0
15:43:10.267	125.6
15:43:10.279	126.6
15:43:10.288	127.2
15:43:10.300	127.1
15:43:10.312	126.0
15:43:10.324	127.0
15:43:10.333	128.6
15:43:10.345	127.5
15:43:10.357	126.7
15:43:10.365	128.8
15:43:10.378	133.3
15:43:10.390	136.7
15:43:10.402	140.8
15:43:10.410	145.3
15:43:10.423	149.7
15:43:10.435	155.0
15:43:10.443	158.3
15:43:10.455	163.6
15:43:10.468	168.6
15:43:10.476	169.1
15:43:10.488	167.7
15:43:10.500	168.7
15:43:10.509	170.2
15:43:10.521	171.5
15:43:10.533	173.3
15:43:10.541	171.9
15:43:10.554	173.4
15:43:10.566	175.5
15:43:10.578	176.5
15:43:10.586	179.7
15:43:10.599	182.4
15:43:10.611	183.9
15:43:10.619	183.0
15:43:10.632	183.4
15:43:10.644	185.5
15:43:10.652	188.4
15:43:10.664	189.4
15:43:10.677	189.3
15:43:10.689	190.3
15:43:10.697	191.7
15:43:10.709	190.9
15:43:10.722	191.1
15:43:10.730	191.5
15:43:10.742	191.1
15:43:10.754	188.7
15:43:10.762	189.6
15:43:10.775	188.8
15:43:10.787	188.9
15:43:10.795	186.3
15:43:10.808	183.0
15:43:10.820	181.6
15:43:10.832	178.9
15:43:10.840	177.7
15:43:10.853	175.7
15:43:10.865	175.5
15:43:10.873	171.1
15:43:10.885	170.6
15:43:10.898	166.4
15:43:10.906	166.6
15:43:10.918	163.6
15:43:10.930	162.1
15:43:10.939	159.8
15:43:10.951	159.2
15:43:10.963	159.9
15:43:10.971	157.4
15:43:10.984	157.6
15:43:10.996	155.3
15:43:11.008	154.7
15:43:11.016	152.3
15:43:11.029	153.0
15:43:11.041	153.0
15:43:11.049	152.6
15:43:11.061	149.7
15:43:11.074	147.0
15:43:11.086	147.9
15:43:11.094	147.7
15:43:11.106	143.8
15:43:11.119	142.3
15:43:11.127	139.8
15:43:11.139	138.3
15:43:11.152	134.2
15:43:11.160	133.6
15:43:11.172	132.5
15:43:11.184	127.7
15:43:11.192	121.7
15:43:11.205	116.4
15:43:11.217	112.6
15:43:11.225	108.4
15:43:11.238	102.3
15:43:11.250	93.6
15:43:11.262	86.6
15:43:11.270	76.2
15:43:11.283	68.0
15:43:11.295	64.8
15:43:11.303	59.7
15:43:11.315	53.0
15:43:11.328	46.3
15:43:11.340	37.8
15:43:11.348	29.4
15:43:11.361	23.4
15:43:11.373	17.7
15:43:11.381	13.8
15:43:11.393	7.8
15:43:11.406	0.4
15:43:11.414	-6.4
15:43:11.426	-11.8
15:43:11.438	-16.5
15:43:11.447	-22.8
15:43:11.459	-24.6
15:43:11.471	-27.3
15:43:11.479	-28.4
15:43:11.492	-31.2
15:43:11.504	-31.6
15:43:11.516	-34.8
15:43:11.524	-38.4
15:43:11.537	-42.5
15:43:11.549	-45.4
15:43:11.557	-46.6
15:43:11.570	-51.3
15:43:11.582	-56.4
15:43:11.594	-61.3
15:43:11.602	-67.1
15:43:11.615	-75.6
15:43:11.627	-80.5
15:43:11.635	-88.0
15:43:11.647	-93.5
15:43:11.660	-99.7
15:43:11.672	-105.0
15:43:11.680	-110.6
15:43:11.693	-115.6
15:43:11.705	-118.4
15:43:11.713	-122.4
15:43:11.725	-122.9
15:43:11.738	-125.1
15:43:11.746	-125.1
15:43:11.758	-126.1
15:43:11.770	-127.3
15:43:11.778	-129.1
15:43:11.791	-128.0
15:43:11.803	-128.3
15:43:11.815	-132.7
15:43:11.824	-134.0
15:43:11.836	-138.3
15:43:11.848	-141.8
15:43:11.856	-145.5
15:43:11.869	-149.0
15:43:11.881	-151.0
15:43:11.889	-152.6
15:43:11.901	-153.1
15:43:11.914	-156.1
15:43:11.922	-158.9
15:43:11.934	-160.8
15:43:11.946	-160.5
15:43:11.959	-161.7
15:43:11.967	-163.1
15:43:11.979	-164.4
15:43:11.991	-166.2
15:43:12.000	-171.0
15:43:12.012	-175.2
15:43:12.024	-174.4
15:43:12.033	-174.9
15:43:12.045	-173.8
15:43:12.057	-175.5
15:43:12.069	-176.6
15:43:12.077	-177.3
15:43:12.090	-177.4
15:43:12.102	-177.8
15:43:12.110	-175.3
15:43:12.122	-173.5
15:43:12.135	-175.5
15:43:12.143	-175.1
15:43:12.155	-176.1
15:43:12.167	-175.0
15:43:12.176	-174.2
15:43:12.188	-169.8
15:43:12.199	-170.6
15:43:12.208	-170.4
15:43:12.220	-169.0
15:43:12.232	-171.2
15:43:12.245	-169.7
15:43:12.253	-168.1
15:43:12.265	-168.4
15:43:12.277	-169.7
15:43:12.286	-170.6
15:43:12.298	-174.0
15:43:12.310	-171.7
15:43:12.322	-169.8
15:43:12.331	-169.9
15:43:12.343	-167.8
15:43:12.355	-167.5
15:43:12.364	-165.9
15:43:12.376	-163.3
15:43:12.388	-160.3
15:43:12.396	-156.3
15:43:12.409	-153.9
15:43:12.421	-152.7
15:43:12.429	-151.8
15:43:12.441	-148.4
15:43:12.454	-145.7
15:43:12.462	-144.2
15:43:12.474	-143.0
15:43:12.486	-139.8
15:43:12.499	-138.7
15:43:12.507	-135.8
15:43:12.519	-133.2
15:43:12.531	-128.9
15:43:12.540	-125.4
15:43:12.552	-123.9
15:43:12.564	-121.8
15:43:12.572	-118.2
15:43:12.585	-114.3
15:43:12.597	-110.1
15:43:12.609	-104.8
15:43:12.617	-102.1
15:43:12.630	-99.7
15:43:12.642	-96.8
15:43:12.650	-91.5
15:43:12.662	-87.6
15:43:12.675	-83.0
15:43:12.683	-77.1
15:43:12.695	-72.9
15:43:12.707	-70.5
15:43:12.716	-68.5
15:43:12.728	-65.8
15:43:12.740	-61.2
15:43:12.752	-59.4
15:43:12.761	-56.9
15:43:12.773	-53.0
15:43:12.785	-50.9
15:43:12.793	-48.3
15:43:12.806	-44.8
15:43:12.818	-41.3
15:43:12.826	-36.7
15:43:12.839	-31.8
15:43:12.851	-24.7
15:43:12.859	-16.8
15:43:12.871	-12.6
15:43:12.884	-6.7
15:43:12.892	-2.7
15:43:12.904	-0.8
15:43:12.917	0.9
15:43:12.929	3.1
15:43:12.937	7.0
15:43:12.949	9.6
15:43:12.961	11.0
15:43:12.970	12.2
15:43:12.982	16.2
15:43:12.994	17.6
15:43:13.007	21.6
15:43:13.015	24.7
15:43:13.027	29.8
15:43:13.039	32.8
15:43:13.047	34.7
15:43:13.060	37.2
15:43:13.072	38.5
15:43:13.080	40.8
15:43:13.093	43.8
15:43:13.105	48.5
15:43:13.113	52.0
15:43:13.125	57.7
15:43:13.138	60.8
15:43:13.146	65.5
15:43:13.158	68.0
15:43:13.170	70.5
15:43:13.183	75.4
15:43:13.191	80.5
15:43:13.203	82.6
15:43:13.215	82.7
15:43:13.224	85.9
15:43:13.236	87.5
15:43:13.248	89.6
15:43:13.260	92.5
15:43:13.269	98.1
15:43:13.281	104.0
15:43:13.293	107.4
15:43:13.305	110.1
15:43:13.314	113.4
15:43:13.326	118.0
15:43:13.338	120.6
15:43:13.346	121.9
15:43:13.359	123.2
15:43:13.371	123.5
15:43:13.379	123.6
15:43:13.391	123.1
15:43:13.404	122.5
15:43:13.412	121.6
15:43:13.424	121.8
15:43:13.437	122.5
15:43:13.445	121.5
15:43:13.457	124.9
15:43:13.469	126.1
15:43:13.481	126.7
15:43:13.490	126.7
15:43:13.502	128.7
15:43:13.514	131.1
15:43:13.522	132.9
15:43:13.535	132.3
15:43:13.547	131.9
15:43:13.555	132.5
15:43:13.568	131.7
15:43:13.580	132.2
15:43:13.592	135.7
15:43:13.600	137.1
15:43:13.613	137.8
15:43:13.625	136.9
15:43:13.633	137.1
15:43:13.646	137.9
15:43:13.658	139.7
15:43:13.667	138.7
15:43:13.679	137.9
15:43:13.691	139.0
15:43:13.699	134.9
15:43:13.711	134.4
15:43:13.724	135.0
15:43:13.736	135.3
15:43:13.744	134.4
15:43:13.756	134.1
15:43:13.769	131.8
15:43:13.777	132.1
15:43:13.789	129.6
15:43:13.802	126.9
15:43:13.810	128.2
15:43:13.822	126.0
15:43:13.835	122.9
15:43:13.843	121.1
15:43:13.854	120.1
15:43:13.866	117.3
15:43:13.879	116.0
15:43:13.887	113.7
15:43:13.899	112.9
15:43:13.911	110.5
15:43:13.920	108.1
15:43:13.932	102.9
15:43:13.944	98.1
15:43:13.952	93.7
15:43:13.965	87.2
15:43:13.977	82.1
15:43:13.989	72.6
15:43:13.997	66.1
15:43:14.010	58.8
15:43:14.022	53.6
15:43:14.030	46.2
15:43:14.042	44.3
15:43:14.055	36.8
15:43:14.063	30.7
15:43:14.075	25.3
15:43:14.088	19.7
15:43:14.097	17.1
15:43:14.109	12.1
15:43:14.121	9.2
15:43:14.129	3.7
15:43:14.142	-1.7
15:43:14.154	-7.3
15:43:14.166	-10.2
15:43:14.174	-16.1
15:43:14.187	-17.9
15:43:14.199	-19.8
15:43:14.207	-22.8
15:43:14.220	-24.9
15:43:14.232	-28.2
15:43:14.244	-34.0
15:43:14.252	-40.7
15:43:14.265	-48.3
15:43:14.277	-54.4
15:43:14.285	-61.2
15:43:14.297	-70.4
15:43:14.310	-79.3
15:43:14.318	-86.7
15:43:14.330	-96.3
15:43:14.342	-103.5
15:43:14.351	-108.9
15:43:14.363	-114.1
15:43:14.375	-120.5
15:43:14.383	-127.1
15:43:14.396	-132.7
15:43:14.408	-138.3
15:43:14.420	-142.4
15:43:14.428	-147.7
15:43:14.441	-148.3
15:43:14.453	-152.6
15:43:14.461	-155.5
15:43:14.473	-158.6
15:43:14.486	-159.0
15:43:14.494	-159.6
15:43:14.506	-159.6
15:43:14.518	-160.1
15:43:14.531	-161.1
15:43:14.539	-162.3
15:43:14.551	-165.9
15:43:14.563	-167.2
15:43:14.572	-169.2
15:43:14.584	-169.7
15:43:14.596	-170.0
15:43:14.604	-169.4
15:43:14.617	-169.6
15:43:14.629	-169.8
15:43:14.637	-170.2
15:43:14.650	-168.2
15:43:14.662	-166.3
15:43:14.674	-166.0
15:43:14.682	-164.8
15:43:14.695	-163.7
15:43:14.707	-166.2
15:43:14.715	-169.0
15:43:14.727	-168.8
15:43:14.740	-170.8
15:43:14.748	-170.2
15:43:14.760	-172.7
15:43:14.772	-172.9
15:43:14.781	-173.1
15:43:14.793	-174.4
15:43:14.805	-174.3
15:43:14.813	-172.0
15:43:14.826	-170.0
15:43:14.838	-169.1
15:43:14.850	-167.1
15:43:14.858	-166.1
15:43:14.871	-164.6
15:43:14.883	-165.4
15:43:14.891	-166.3
15:43:14.903	-164.1
15:43:14.916	-164.2
15:43:14.928	-163.7
15:43:14.936	-163.7
15:43:14.948	-163.7
15:43:14.961	-162.2
15:43:14.969	-162.2
15:43:14.981	-161.3
15:43:14.994	-158.9
15:43:15.002	-156.6
15:43:15.014	-156.7
15:43:15.026	-152.7
15:43:15.034	-152.5
15:43:15.047	-151.5
15:43:15.059	-149.7
15:43:15.067	-149.0
15:43:15.080	-146.7
15:43:15.092	-145.0
15:43:15.104	-142.9
15:43:15.112	-141.4
15:43:15.125	-138.5
15:43:15.137	-137.2
15:43:15.145	-135.3
15:43:15.157	-132.5
15:43:15.170	-132.5
15:43:15.182	-130.3
15:43:15.190	-129.6
15:43:15.202	-127.9
15:43:15.215	-127.5
15:43:15.223	-126.8
15:43:15.235	-125.5
15:43:15.247	-126.5
15:43:15.260	-123.8
15:43:15.268	-122.8
15:43:15.280	-118.6
15:43:15.293	-116.4
15:43:15.301	-114.8
15:43:15.313	-114.5
15:43:15.325	-113.5
15:43:15.333	-111.8
15:43:15.346	-111.7
15:43:15.358	-111.2
15:43:15.366	-111.2
15:43:15.378	-110.1
15:43:15.391	-109.2
15:43:15.403	-108.2
15:43:15.411	-106.6
15:43:15.423	-104.4
15:43:15.436	-105.1
15:43:15.444	-103.6
15:43:15.456	-102.9
15:43:15.468	-101.3
15:43:15.477	-97.6
15:43:15.489	-96.1
15:43:15.501	-95.3
15:43:15.513	-94.5
15:43:15.522	-93.1
15:43:15.534	-92.3
15:43:15.546	-89.9
15:43:15.554	-89.0
15:43:15.567	-87.1
15:43:15.579	-83.5
15:43:15.587	-84.8
15:43:15.599	-82.2
15:43:15.612	-80.8
15:43:15.620	-80.1
15:43:15.632	-78.4
15:43:15.645	-75.6
15:43:15.657	-73.6
15:43:15.665	-71.4
15:43:15.677	-68.4
15:43:15.690	-67.7
15:43:15.698	-64.6
15:43:15.710	-63.8
15:43:15.722	-63.4
15:43:15.731	-62.6
15:43:15.743	-63.6
15:43:15.755	-64.0
15:43:15.763	-62.8
15:43:15.776	-61.4
15:43:15.788	-60.9
15:43:15.800	-60.9
15:43:15.808	-60.3
15:43:15.821	-61.6
15:43:15.833	-60.2
15:43:15.841	-59.6
15:43:15.853	-57.7
15:43:15.866	-55.5
15:43:15.874	-54.1
15:43:15.886	-51.9
15:43:15.899	-51.3
15:43:15.911	-49.5
15:43:15.919	-48.0
15:43:15.931	-44.2
15:43:15.944	-43.9
15:43:15.952	-38.5
15:43:15.964	-37.3
15:43:15.976	-37.1
15:43:15.985	-35.6
15:43:15.997	-38.5
15:43:16.009	-36.6
15:43:16.017	-34.5
15:43:16.030	-33.5
15:43:16.042	-33.7
15:43:16.050	-31.8
15:43:16.062	-34.9
15:43:16.075	-34.0
15:43:16.087	-32.1
15:43:16.095	-30.2
15:43:16.107	-26.1
15:43:16.120	-25.2
15:43:16.128	-24.4
15:43:16.140	-22.3
15:43:16.152	-21.7
15:43:16.165	-18.0
15:43:16.173	-13.9
15:43:16.185	-9.3
15:43:16.198	-5.9
15:43:16.206	-4.4
15:43:16.218	-1.7
15:43:16.230	2.9
15:43:16.238	5.3
15:43:16.251	5.5
15:43:16.263	10.0
15:43:16.271	8.7
15:43:16.283	10.0
15:43:16.296	9.7
15:43:16.304	9.9
15:43:16.316	11.8
15:43:16.329	11.2
15:43:16.341	9.2
15:43:16.349	7.9
15:43:16.361	8.6
15:43:16.374	5.6
15:43:16.382	6.5
15:43:16.394	4.4
15:43:16.406	2.9
15:43:16.415	1.2
15:43:16.427	-1.1
15:43:16.439	-2.1
15:43:16.452	-3.2
15:43:16.460	-4.1
15:43:16.472	-5.0
15:43:16.484	-3.0
15:43:16.493	-3.1
15:43:16.505	-1.2
15:43:16.517	0.0
15:43:16.525	1.2
15:43:16.538	5.1
15:43:16.550	6.0
15:43:16.558	6.4
15:43:16.570	7.3
15:43:16.583	8.2
15:43:16.595	7.2
15:43:16.603	8.5
15:43:16.615	8.0
15:43:16.628	8.2
15:43:16.636	11.2
15:43:16.648	7.2
15:43:16.660	9.0
15:43:16.669	9.6
15:43:16.681	11.2
15:43:16.693	10.6
15:43:16.701	12.9
15:43:16.714	15.7
15:43:16.726	19.1
15:43:16.734	21.8
15:43:16.746	21.3
15:43:16.759	27.4
15:43:16.771	29.5
15:43:16.779	31.9
15:43:16.791	33.3
15:43:16.804	36.5
15:43:16.812	39.1
15:43:16.824	38.6
15:43:16.836	38.3
15:43:16.849	38.0
15:43:16.857	38.7
15:43:16.869	38.1
15:43:16.881	35.7
15:43:16.890	33.7
15:43:16.902	34.2
15:43:16.914	32.0
15:43:16.923	28.3
15:43:16.935	26.1
15:43:16.947	24.4
15:43:16.955	23.2
15:43:16.968	22.0
15:43:16.980	18.1
15:43:16.988	19.1
15:43:17.000	20.6
15:43:17.013	18.9
15:43:17.025	19.4
15:43:17.033	20.8
15:43:17.045	20.5
15:43:17.058	20.4
15:43:17.066	19.8
15:43:17.078	20.4
15:43:17.091	22.0
15:43:17.103	24.4
15:43:17.111	24.2
15:43:17.123	26.8
15:43:17.136	28.8
15:43:17.144	30.7
15:43:17.156	36.7
15:43:17.169	39.8
15:43:17.177	44.6
15:43:17.189	48.6
15:43:17.201	51.9
15:43:17.209	52.1
15:43:17.222	55.7
15:43:17.234	57.3
15:43:17.242	60.5
15:43:17.254	62.7
15:43:17.267	62.4
15:43:17.279	66.8
15:43:17.287	68.4
15:43:17.300	70.5
15:43:17.312	72.8
15:43:17.320	76.9
15:43:17.332	80.2
15:43:17.345	82.3
15:43:17.353	83.3
15:43:17.364	85.5
15:43:17.376	87.2
15:43:17.385	88.3
15:43:17.397	90.5
15:43:17.409	90.7
15:43:17.421	88.3
15:43:17.430	87.9
15:43:17.442	88.4
15:43:17.454	89.6
15:43:17.466	93.2
15:43:17.475	94.9
15:43:17.487	97.1
15:43:17.499	100.3
15:43:17.507	104.4
15:43:17.520	108.7
15:43:17.532	117.3
15:43:17.540	121.4
15:43:17.553	126.7
15:43:17.565	128.9
15:43:17.577	129.9
15:43:17.585	135.1
15:43:17.599	139.6
15:43:17.611	141.9
15:43:17.619	143.4
15:43:17.631	145.5
15:43:17.644	145.7
15:43:17.652	149.2
15:43:17.664	148.2
15:43:17.676	154.2
15:43:17.685	158.0
15:43:17.697	159.1
15:43:17.708	158.9
15:43:17.721	158.5
15:43:17.729	157.8
15:43:17.741	157.5
15:43:17.753	158.7
15:43:17.762	158.6
15:43:17.774	159.7
15:43:17.786	158.9
15:43:17.794	157.9
15:43:17.807	156.6
15:43:17.819	156.8
15:43:17.831	156.5
15:43:17.839	156.2
15:43:17.852	155.4
15:43:17.864	154.9
15:43:17.872	157.7
15:43:17.884	158.1
15:43:17.897	158.6
15:43:17.905	160.2
15:43:17.917	163.7
15:43:17.929	165.2
15:43:17.938	165.6
15:43:17.950	169.0
15:43:17.962	171.5
15:43:17.970	176.1
15:43:17.983	175.5
15:43:17.995	177.9
15:43:18.007	177.1
15:43:18.015	178.1
15:43:18.028	176.1
15:43:18.040	176.4
15:43:18.048	177.9
15:43:18.060	176.7
15:43:18.073	176.5
15:43:18.085	174.2
15:43:18.093	172.1
15:43:18.106	169.4
15:43:18.118	174.8
15:43:18.126	173.9
15:43:18.138	175.1
15:43:18.151	175.6
15:43:18.159	177.4
15:43:18.171	177.4
15:43:18.183	177.4
15:43:18.191	175.6
15:43:18.204	174.4
15:43:18.216	175.4
15:43:18.224	169.1
15:43:18.237	172.3
15:43:18.249	170.2
15:43:18.261	169.7
15:43:18.269	166.8
15:43:18.282	166.7
15:43:18.294	164.9
15:43:18.302	163.0
15:43:18.314	163.1
15:43:18.327	161.1
15:43:18.335	162.0
15:43:18.347	157.3
15:43:18.360	154.1
15:43:18.372	152.4
15:43:18.380	150.3
15:43:18.393	147.2
15:43:18.405	143.4
15:43:18.413	140.3
15:43:18.425	135.5
15:43:18.437	131.2
15:43:18.446	121.6
15:43:18.458	114.4
15:43:18.470	109.4
15:43:18.478	101.4
15:43:18.491	95.5
15:43:18.503	87.3
15:43:18.515	81.1
15:43:18.523	75.8
15:43:18.536	71.9
15:43:18.548	65.6
15:43:18.556	63.6
15:43:18.568	57.8
15:43:18.581	53.1
15:43:18.589	47.7
15:43:18.601	43.0
15:43:18.614	38.7
15:43:18.622	34.0
15:43:18.634	28.4
15:43:18.646	23.3
15:43:18.655	19.4
15:43:18.667	14.8
15:43:18.679	12.3
15:43:18.691	10.0
15:43:18.700	7.4
15:43:18.712	2.3
15:43:18.724	-0.9
15:43:18.732	-1.7
15:43:18.745	-3.0
15:43:18.757	-4.5
15:43:18.769	-6.6
15:43:18.777	-9.2
15:43:18.790	-11.3
15:43:18.802	-14.2
15:43:18.810	-15.9
15:43:18.822	-16.8
15:43:18.835	-17.8
15:43:18.843	-21.3
15:43:18.855	-19.2
15:43:18.868	-22.1
15:43:18.876	-22.0
15:43:18.888	-23.8
15:43:18.900	-23.3
15:43:18.909	-25.7
15:43:18.921	-26.9
15:43:18.933	-28.2
15:43:18.945	-29.2
15:43:18.954	-30.2
15:43:18.966	-34.1
15:43:18.978	-34.8
15:43:18.986	-37.1
15:43:18.999	-38.4
15:43:19.011	-41.9
15:43:19.023	-43.5
15:43:19.031	-44.9
15:43:19.044	-49.3
15:43:19.056	-53.1
15:43:19.064	-56.2
15:43:19.076	-61.6
15:43:19.089	-66.2
15:43:19.097	-68.5
15:43:19.109	-69.4
15:43:19.122	-73.6
15:43:19.130	-77.3
15:43:19.142	-83.3
15:43:19.154	-86.4
15:43:19.163	-90.6
15:43:19.175	-93.7
15:43:19.187	-97.5
15:43:19.199	-100.8
15:43:19.208	-107.0
15:43:19.220	-111.7
15:43:19.232	-114.1
15:43:19.244	-115.7
15:43:19.253	-116.8
15:43:19.265	-117.4
15:43:19.277	-114.7
15:43:19.285	-115.5
15:43:19.298	-113.4
15:43:19.310	-114.1
15:43:19.318	-113.5
15:43:19.330	-115.0
15:43:19.343	-114.0
15:43:19.355	-116.8
15:43:19.363	-118.1
15:43:19.375	-118.9
15:43:19.388	-123.1
15:43:19.396	-124.8
15:43:19.408	-128.5
15:43:19.420	-130.1
15:43:19.429	-128.8
15:43:19.441	-131.3
15:43:19.453	-135.5
15:43:19.462	-136.0
15:43:19.474	-137.1
15:43:19.486	-138.6
15:43:19.498	-139.4
15:43:19.506	-141.5
15:43:19.519	-143.9
15:43:19.531	-144.7
15:43:19.539	-148.6
15:43:19.552	-148.6
15:43:19.564	-149.5
15:43:19.572	-149.1
15:43:19.584	-149.6
15:43:19.596	-149.1
15:43:19.605	-149.8
15:43:19.617	-149.6
15:43:19.629	-149.3
15:43:19.642	-149.9
15:43:19.650	-151.4
15:43:19.662	-152.1
15:43:19.674	-150.0
15:43:19.683	-153.0
15:43:19.695	-153.1
15:43:19.707	-155.9
15:43:19.715	-155.4
15:43:19.728	-155.5
15:43:19.740	-152.4
15:43:19.752	-153.2
15:43:19.760	-152.1
15:43:19.773	-150.2
15:43:19.785	-150.0
15:43:19.793	-146.2
15:43:19.806	-145.0
15:43:19.818	-140.8
15:43:19.826	-138.8
15:43:19.838	-135.8
15:43:19.851	-136.4
15:43:19.859	-133.9
15:43:19.871	-131.1
15:43:19.883	-129.2
15:43:19.892	-128.7
15:43:19.904	-126.9
15:43:19.916	-124.4
15:43:19.928	-124.9
15:43:19.937	-123.5
15:43:19.949	-123.2
15:43:19.961	-122.5
15:43:19.969	-120.8
15:43:19.982	-120.8
15:43:19.994	-120.8
15:43:20.006	-119.2
15:43:20.015	-117.5
15:43:20.027	-115.1
15:43:20.039	-112.1
15:43:20.047	-111.1
15:43:20.059	-108.7
15:43:20.072	-103.8
15:43:20.080	-99.5
15:43:20.092	-94.4
15:43:20.104	-89.0
15:43:20.113	-84.4
15:43:20.125	-80.9
15:43:20.137	-77.8
15:43:20.145	-74.5
15:43:20.158	-69.7
15:43:20.170	-65.0
15:43:20.182	-62.5
15:43:20.191	-60.5
15:43:20.204	-58.5
15:43:20.216	-57.5
15:43:20.224	-54.5
15:43:20.236	-52.5
15:43:20.248	-50.7
15:43:20.257	-48.6
15:43:20.269	-46.6
15:43:20.281	-46.7
15:43:20.293	-45.3
15:43:20.302	-42.0
15:43:20.314	-39.0
15:43:20.326	-38.1
15:43:20.334	-36.1
15:43:20.347	-35.7
15:43:20.359	-32.9
15:43:20.367	-32.0
15:43:20.379	-32.1
15:43:20.392	-30.2
15:43:20.400	-29.0
15:43:20.412	-29.6
15:43:20.424	-29.3
15:43:20.437	-25.7
15:43:20.445	-23.7
15:43:20.457	-20.9
15:43:20.470	-20.3
15:43:20.478	-18.3
15:43:20.490	-16.9
15:43:20.502	-14.4
15:43:20.510	-12.9
15:43:20.523	-10.5
15:43:20.535	-9.1
15:43:20.543	-7.1
15:43:20.556	-5.2
15:43:20.568	-4.0
15:43:20.576	-2.3
15:43:20.588	0.6
15:43:20.601	2.8
15:43:20.613	4.0
15:43:20.621	5.2
15:43:20.633	8.6
15:43:20.646	10.7
15:43:20.654	13.9
15:43:20.666	14.8
15:43:20.678	18.3
15:43:20.691	19.0
15:43:20.699	20.1
15:43:20.711	23.3
15:43:20.723	24.9
15:43:20.732	27.7
15:43:20.744	28.6
15:43:20.756	33.0
15:43:20.764	33.4
15:43:20.777	35.4
15:43:20.789	35.8
15:43:20.797	39.1
15:43:20.809	42.1
15:43:20.822	40.7
15:43:20.830	41.5
15:43:20.842	43.3
15:43:20.854	44.1
15:43:20.867	43.2
15:43:20.875	45.1
15:43:20.887	47.8
15:43:20.899	52.4
15:43:20.908	55.4
15:43:20.920	57.9
15:43:20.932	64.5
15:43:20.944	68.0
15:43:20.953	72.8
15:43:20.965	76.7
15:43:20.977	81.0
15:43:20.985	83.2
15:43:20.998	83.3
15:43:21.010	82.8
15:43:21.018	84.7
15:43:21.030	86.9
15:43:21.043	89.1
15:43:21.051	91.9
15:43:21.063	91.2
15:43:21.076	94.9
15:43:21.084	95.2
15:43:21.096	97.8
15:43:21.108	100.3
15:43:21.121	101.1
15:43:21.129	101.3
15:43:21.141	101.8
15:43:21.154	100.3
15:43:21.162	98.8
15:43:21.174	101.3
15:43:21.186	100.3
15:43:21.199	100.0
15:43:21.207	97.8
15:43:21.219	95.8
15:43:21.227	97.2
15:43:21.240	98.0
15:43:21.252	97.9
15:43:21.264	98.0
15:43:21.276	102.7
15:43:21.285	102.2
15:43:21.297	103.0
15:43:21.309	105.3
15:43:21.317	109.2
15:43:21.330	113.0
15:43:21.342	114.4
15:43:21.350	115.3
15:43:21.363	116.8
15:43:21.374	120.2
15:43:21.382	119.4
15:43:21.394	121.5
15:43:21.407	121.9
15:43:21.419	124.1
15:43:21.427	123.7
15:43:21.439	124.9
15:43:21.452	125.6
15:43:21.460	126.3
15:43:21.472	127.3
15:43:21.484	127.8
15:43:21.493	131.3
15:43:21.505	132.9
15:43:21.517	135.7
15:43:21.525	137.3
15:43:21.538	137.7
15:43:21.550	138.6
15:43:21.562	139.7
15:43:21.571	142.6
15:43:21.583	143.4
15:43:21.595	146.4
15:43:21.603	145.8
15:43:21.616	146.0
15:43:21.628	145.2
15:43:21.636	145.3
15:43:21.648	147.6
15:43:21.661	150.6
15:43:21.674	151.9
15:43:21.682	150.6
15:43:21.694	152.6
15:43:21.706	152.7
15:43:21.715	153.5
15:43:21.727	152.9
15:43:21.739	153.9
15:43:21.747	154.2
15:43:21.760	155.0
15:43:21.772	155.1
15:43:21.780	156.6
15:43:21.792	158.1
15:43:21.805	160.2
15:43:21.813	162.3
15:43:21.825	165.8
15:43:21.837	171.5
15:43:21.850	173.8
15:43:21.858	175.2
15:43:21.870	177.4
15:43:21.882	177.6
15:43:21.891	178.5
15:43:21.903	181.4
15:43:21.915	182.9
15:43:21.927	184.2
15:43:21.936	184.4
15:43:21.948	183.8
15:43:21.960	187.6
15:43:21.968	189.5
15:43:21.981	189.6
15:43:21.993	189.8
15:43:22.001	191.8
15:43:22.013	190.8
15:43:22.026	188.5
15:43:22.034	186.3
15:43:22.046	186.4
15:43:22.058	185.0
15:43:22.067	181.4
15:43:22.079	177.7
15:43:22.091	176.4
15:43:22.103	176.0
15:43:22.112	175.6
15:43:22.124	174.2
15:43:22.136	175.4
15:43:22.144	175.3
15:43:22.157	174.2
15:43:22.169	173.2
15:43:22.177	171.0
15:43:22.189	170.9
15:43:22.202	168.1
15:43:22.214	164.9
15:43:22.222	159.0
15:43:22.235	157.7
15:43:22.247	153.0
15:43:22.255	147.2
15:43:22.267	140.6
15:43:22.280	133.9
15:43:22.288	127.5
15:43:22.300	122.7
15:43:22.312	117.4
15:43:22.320	112.3
15:43:22.333	107.0
15:43:22.345	98.8
15:43:22.357	91.2
15:43:22.366	81.8
15:43:22.378	73.6
15:43:22.390	66.8
15:43:22.398	59.8
15:43:22.411	50.2
15:43:22.423	42.6
15:43:22.431	34.9
15:43:22.443	29.8
15:43:22.456	23.7
15:43:22.464	16.8
15:43:22.476	16.1
15:43:22.488	12.2
15:43:22.497	8.0
15:43:22.509	5.0
15:43:22.521	2.6
15:43:22.533	0.4
15:43:22.542	-3.0
15:43:22.554	-6.0
15:43:22.566	-9.1
15:43:22.574	-9.2
15:43:22.587	-13.9
15:43:22.599	-17.4
15:43:22.611	-19.4
15:43:22.619	-23.1
15:43:22.632	-26.6
15:43:22.644	-33.9
15:43:22.652	-38.0
15:43:22.665	-45.1
15:43:22.677	-50.9
15:43:22.685	-61.2
15:43:22.698	-66.1
15:43:22.710	-70.0
15:43:22.718	-75.4
15:43:22.730	-79.6
15:43:22.743	-82.9
15:43:22.751	-82.8
15:43:22.763	-84.3
15:43:22.775	-85.6
15:43:22.788	-85.9
15:43:22.796	-84.6
15:43:22.808	-86.7
15:43:22.820	-88.3
15:43:22.829	-87.6
15:43:22.841	-90.3
15:43:22.853	-94.4
15:43:22.865	-98.0
15:43:22.874	-101.7
15:43:22.886	-104.8
15:43:22.898	-105.4
15:43:22.906	-108.2
15:43:22.919	-110.4
15:43:22.931	-113.3
15:43:22.939	-117.3
15:43:22.951	-119.2
15:43:22.964	-119.7
15:43:22.972	-120.7
15:43:22.984	-122.2
15:43:22.997	-124.1
15:43:23.005	-127.7
15:43:23.017	-128.8
15:43:23.029	-130.2
15:43:23.041	-132.7
15:43:23.050	-133.9
15:43:23.062	-134.4
15:43:23.074	-133.3
15:43:23.082	-134.5
15:43:23.095	-134.2
15:43:23.107	-132.2
15:43:23.119	-130.7
15:43:23.128	-129.8
15:43:23.140	-128.0
15:43:23.152	-124.7
15:43:23.160	-124.8
15:43:23.173	-123.9
15:43:23.185	-123.6
15:43:23.197	-121.6
15:43:23.205	-120.4
15:43:23.218	-119.2
15:43:23.230	-118.6
15:43:23.238	-115.6
15:43:23.250	-115.2
15:43:23.263	-114.4
15:43:23.271	-112.0
15:43:23.283	-108.1
15:43:23.295	-105.8
15:43:23.304	-103.0
15:43:23.316	-99.5
15:43:23.328	-97.7
15:43:23.340	-94.7
15:43:23.349	-91.6
15:43:23.361	-86.4
15:43:23.373	-82.2
15:43:23.382	-77.0
15:43:23.394	-72.1
15:43:23.406	-67.2
15:43:23.414	-61.0
15:43:23.427	-57.7
15:43:23.439	-50.7
15:43:23.447	-44.6
15:43:23.459	-39.1
15:43:23.472	-32.9
15:43:23.484	-27.3
15:43:23.492	-17.5
15:43:23.504	-8.4
15:43:23.513	2.8
15:43:23.525	10.7
15:43:23.537	21.9
15:43:23.549	29.5
15:43:23.558	37.5
15:43:23.570	46.4
15:43:23.582	54.2
15:43:23.594	66.0
15:43:23.603	71.1
15:43:23.615	78.8
15:43:23.627	85.2
15:43:23.635	94.5
15:43:23.648	103.5
15:43:23.660	114.1
15:43:23.668	125.7
15:43:23.680	135.2
15:43:23.693	146.7
15:43:23.701	153.6
15:43:23.713	164.9
15:43:23.725	172.2
15:43:23.734	181.3
15:43:23.746	191.9
15:43:23.758	200.9
15:43:23.770	210.4
15:43:23.779	217.0
15:43:23.791	228.2
15:43:23.803	238.4
15:43:23.811	251.7
15:43:23.824	260.3
15:43:23.836	271.6
15:43:23.848	280.6
15:43:23.856	287.3
15:43:23.869	294.4
15:43:23.881	297.5
15:43:23.889	303.9
15:43:23.902	305.6
15:43:23.914	306.4
15:43:23.922	304.8
15:43:23.934	305.8
15:43:23.947	305.6
15:43:23.955	303.3
15:43:23.967	302.0
15:43:23.979	299.2
15:43:23.988	299.5
15:43:24.000	298.5
15:43:24.012	299.5
15:43:24.024	298.6
15:43:24.033	298.7
15:43:24.045	295.8
15:43:24.057	291.1
15:43:24.065	290.0
15:43:24.078	287.9
15:43:24.090	285.1
15:43:24.098	281.3
15:43:24.110	278.3
15:43:24.123	273.2
15:43:24.135	269.5
15:43:24.143	267.0
15:43:24.155	264.5
15:43:24.168	261.7
15:43:24.176	259.2
15:43:24.188	255.3
15:43:24.200	253.0
15:43:24.209	251.2
15:43:24.221	247.3
15:43:24.233	244.4
15:43:24.241	239.0
15:43:24.254	231.9
15:43:24.266	226.6
15:43:24.278	222.0
15:43:24.286	215.3
15:43:24.299	206.5
15:43:24.311	198.3
15:43:24.319	187.8
15:43:24.331	176.1
15:43:24.344	164.0
15:43:24.352	153.3
15:43:24.364	141.9
15:43:24.377	130.3
15:43:24.385	116.2
15:43:24.397	101.1
15:43:24.409	89.3
15:43:24.417	74.8
15:43:24.430	63.8
15:43:24.442	51.3
15:43:24.454	41.7
15:43:24.463	31.4
15:43:24.475	22.1
15:43:24.487	11.8
15:43:24.495	2.8
15:43:24.508	-5.1
15:43:24.520	-14.7
15:43:24.532	-19.0
15:43:24.540	-27.3
15:43:24.553	-35.0
15:43:24.565	-46.7
15:43:24.573	-58.0
15:43:24.585	-68.1
15:43:24.598	-78.1
15:43:24.606	-87.4
15:43:24.618	-97.4
15:43:24.630	-105.8
15:43:24.639	-119.8
15:43:24.651	-128.1
15:43:24.664	-137.9
15:43:24.671	-144.2
15:43:24.684	-149.4
15:43:24.696	-156.2
15:43:24.708	-161.7
15:43:24.716	-168.0
15:43:24.729	-173.2
15:43:24.741	-178.0
15:43:24.749	-180.7
15:43:24.761	-185.1
15:43:24.774	-186.0
15:43:24.786	-188.9
15:43:24.794	-192.1
15:43:24.807	-195.6
15:43:24.819	-200.9
15:43:24.827	-203.5
15:43:24.839	-207.8
15:43:24.852	-211.1
15:43:24.860	-213.9
15:43:24.872	-217.0
15:43:24.884	-218.7
15:43:24.892	-220.5
15:43:24.905	-221.5
15:43:24.917	-222.1
15:43:24.925	-221.3
15:43:24.938	-222.1
15:43:24.950	-221.1
15:43:24.962	-221.7
15:43:24.970	-222.4
15:43:24.983	-223.2
15:43:24.995	-224.0
15:43:25.003	-225.9
15:43:25.015	-226.1
15:43:25.028	-227.5
15:43:25.036	-229.4
15:43:25.048	-229.3
15:43:25.060	-229.4
15:43:25.073	-229.7
15:43:25.081	-231.6
15:43:25.093	-232.7
15:43:25.105	-235.3
15:43:25.118	-236.9
15:43:25.126	-241.2
15:43:25.138	-242.4
15:43:25.150	-244.0
15:43:25.159	-245.0
15:43:25.171	-246.3
15:43:25.183	-246.4
15:43:25.191	-244.2
15:43:25.204	-243.4
15:43:25.216	-242.2
15:43:25.224	-240.1
15:43:25.236	-237.2
15:43:25.249	-236.5
15:43:25.261	-234.3
15:43:25.269	-233.8
15:43:25.281	-234.0
15:43:25.294	-234.6
15:43:25.302	-236.0
15:43:25.314	-235.0
15:43:25.326	-235.6
15:43:25.335	-238.7
15:43:25.347	-240.8
15:43:25.359	-241.2
15:43:25.368	-241.4
15:43:25.380	-242.6
15:43:25.392	-241.1
15:43:25.404	-239.7
15:43:25.413	-238.5
15:43:25.425	-239.2
15:43:25.437	-239.8
15:43:25.445	-236.4
15:43:25.458	-233.4
15:43:25.470	-230.9
15:43:25.478	-230.2
15:43:25.490	-229.2
15:43:25.503	-228.8
15:43:25.515	-228.2
15:43:25.523	-224.4
15:43:25.536	-223.3
15:43:25.548	-219.0
15:43:25.556	-216.0
15:43:25.568	-216.2
15:43:25.581	-215.9
15:43:25.589	-213.4
15:43:25.601	-208.9
15:43:25.613	-204.8
15:43:25.622	-203.3
15:43:25.634	-202.6
15:43:25.646	-200.6
15:43:25.654	-200.7
15:43:25.667	-199.2
15:43:25.679	-197.1
15:43:25.691	-195.1
15:43:25.699	-191.3
15:43:25.712	-190.1
15:43:25.724	-190.7
15:43:25.732	-186.7
15:43:25.744	-184.8
15:43:25.757	-183.4
15:43:25.769	-180.0
15:43:25.777	-179.1
15:43:25.789	-174.4
15:43:25.802	-171.4
15:43:25.810	-168.7
15:43:25.822	-166.5
15:43:25.834	-162.8
15:43:25.843	-162.4
15:43:25.855	-161.1
15:43:25.867	-158.2
15:43:25.875	-154.3
15:43:25.888	-152.0
15:43:25.900	-148.5
15:43:25.908	-143.3
15:43:25.920	-143.2
15:43:25.933	-137.7
15:43:25.945	-135.5
15:43:25.953	-129.3
15:43:25.966	-125.5
15:43:25.978	-121.6
15:43:25.986	-119.3
15:43:25.998	-116.2
15:43:26.011	-116.3
15:43:26.019	-117.8
15:43:26.031	-112.9
15:43:26.043	-113.7
15:43:26.056	-111.6
15:43:26.064	-112.3
15:43:26.076	-111.9
15:43:26.088	-110.1
15:43:26.097	-111.0
15:43:26.109	-108.5
15:43:26.121	-108.1
15:43:26.129	-104.1
15:43:26.142	-104.4
15:43:26.154	-104.1
15:43:26.162	-104.3
15:43:26.175	-103.1
15:43:26.187	-101.5
15:43:26.199	-99.4
15:43:26.207	-97.4
15:43:26.220	-97.5
15:43:26.232	-94.8
15:43:26.240	-94.6
15:43:26.252	-94.8
15:43:26.265	-92.3
15:43:26.273	-90.7
15:43:26.285	-89.9
15:43:26.298	-87.5
15:43:26.306	-87.3
15:43:26.318	-85.4
15:43:26.330	-84.9
15:43:26.339	-82.8
15:43:26.351	-79.2
15:43:26.363	-75.6
15:43:26.375	-72.0
15:43:26.384	-68.3
15:43:26.396	-64.8
15:43:26.408	-61.3
15:43:26.416	-58.1
15:43:26.429	-54.4
15:43:26.441	-50.7
15:43:26.453	-48.1
15:43:26.461	-46.4
15:43:26.474	-44.4
15:43:26.486	-45.1
15:43:26.494	-42.8
15:43:26.506	-42.7
15:43:26.519	-43.5
15:43:26.527	-45.2
15:43:26.539	-45.0
15:43:26.551	-44.9
15:43:26.560	-45.0
15:43:26.572	-43.2
15:43:26.584	-43.5
15:43:26.592	-43.7
15:43:26.605	-45.1
15:43:26.617	-44.2
15:43:26.629	-43.2
15:43:26.638	-40.8
15:43:26.650	-41.3
15:43:26.662	-42.1
15:43:26.671	-41.7
15:43:26.683	-44.8
15:43:26.695	-43.9
15:43:26.707	-42.6
15:43:26.715	-41.6
15:43:26.728	-40.6
15:43:26.740	-40.3
15:43:26.748	-39.5
15:43:26.760	-38.4
15:43:26.773	-36.2
15:43:26.781	-35.1
15:43:26.793	-35.0
15:43:26.805	-34.8
15:43:26.814	-31.5
15:43:26.826	-31.2
15:43:26.838	-32.1
15:43:26.846	-32.1
15:43:26.859	-33.2
15:43:26.871	-32.5
15:43:26.883	-30.1
15:43:26.892	-26.4
15:43:26.904	-23.9
15:43:26.916	-20.6
15:43:26.924	-21.2
15:43:26.937	-18.1
15:43:26.949	-15.6
15:43:26.957	-11.6
15:43:26.969	-9.2
15:43:26.982	-7.9
15:43:26.990	-7.0
15:43:27.002	-8.3
15:43:27.014	-8.3
15:43:27.027	-9.1
15:43:27.035	-7.7
15:43:27.047	-7.9
15:43:27.059	-7.9
15:43:27.068	-8.2
15:43:27.080	-6.9
15:43:27.092	-3.6
15:43:27.100	-4.2
15:43:27.113	-1.8
15:43:27.125	1.1
15:43:27.137	0.7
15:43:27.145	1.0
15:43:27.158	1.5
15:43:27.170	5.2
15:43:27.178	4.4
15:43:27.191	3.3
15:43:27.203	0.0
15:43:27.211	2.6
15:43:27.223	2.0
15:43:27.236	1.1
15:43:27.244	2.2
15:43:27.256	1.1
15:43:27.268	2.2
15:43:27.277	-0.2
15:43:27.289	-0.6
15:43:27.301	0.9
15:43:27.313	4.9
15:43:27.322	2.4
15:43:27.334	0.7
15:43:27.346	1.9
15:43:27.354	4.1
15:43:27.367	7.5
15:43:27.379	8.3
15:43:27.391	11.9
15:43:27.400	15.3
15:43:27.412	18.7
15:43:27.424	18.4
15:43:27.436	21.9
15:43:27.445	25.6
15:43:27.456	29.2
15:43:27.468	29.6
15:43:27.477	30.7
15:43:27.489	32.7
15:43:27.501	33.1
15:43:27.509	35.3
15:43:27.522	36.2
15:43:27.534	37.7
15:43:27.542	40.9
15:43:27.554	43.8
15:43:27.567	43.6
15:43:27.575	47.0
15:43:27.587	49.9
15:43:27.599	51.3
15:43:27.612	54.9
15:43:27.620	55.7
15:43:27.632	57.0
15:43:27.644	57.8
15:43:27.653	57.8
15:43:27.665	58.2
15:43:27.677	58.8
15:43:27.690	60.1
15:43:27.698	59.1
15:43:27.710	60.7
15:43:27.722	61.5
15:43:27.731	62.9
15:43:27.743	65.3
15:43:27.755	68.7
15:43:27.763	71.6
15:43:27.776	72.7
15:43:27.788	74.9
15:43:27.796	75.3
15:43:27.808	78.9
15:43:27.821	80.7
15:43:27.829	80.5
15:43:27.841	82.2
15:43:27.853	83.7
15:43:27.866	88.2
15:43:27.874	93.2
15:43:27.886	97.5
15:43:27.898	103.2
15:43:27.907	106.3
15:43:27.919	108.9
15:43:27.931	112.8
15:43:27.939	117.7
15:43:27.952	121.1
15:43:27.964	124.0
15:43:27.976	123.8
15:43:27.984	123.6
15:43:27.997	124.8
15:43:28.009	125.8
15:43:28.017	128.2
15:43:28.029	131.4
15:43:28.042	133.2
15:43:28.050	135.1
15:43:28.062	136.4
15:43:28.074	139.1
15:43:28.083	141.8
15:43:28.095	141.7
15:43:28.107	140.8
15:43:28.119	141.2
15:43:28.128	142.7
15:43:28.140	142.4
15:43:28.152	142.8
15:43:28.160	143.3
15:43:28.173	142.2
15:43:28.185	140.2
15:43:28.193	139.3
15:43:28.206	139.1
15:43:28.218	140.7
15:43:28.226	140.6
15:43:28.238	140.1
15:43:28.251	138.7
15:43:28.259	138.2
15:43:28.271	136.1
15:43:28.283	135.4
15:43:28.296	133.7
15:43:28.304	132.2
15:43:28.316	132.9
15:43:28.329	132.6
15:43:28.337	130.4
15:43:28.349	131.0
15:43:28.362	131.0
15:43:28.374	130.0
15:43:28.383	129.1
15:43:28.395	131.3
15:43:28.407	133.2
15:43:28.415	132.7
15:43:28.428	131.9
15:43:28.440	132.2
15:43:28.448	134.5
15:43:28.460	134.0
15:43:28.473	137.0
15:43:28.481	138.3
15:43:28.493	143.2
15:43:28.505	146.9
15:43:28.514	151.6
15:43:28.526	157.5
15:43:28.538	160.3
15:43:28.550	163.8
15:43:28.559	166.8
15:43:28.571	170.8
15:43:28.583	171.6
15:43:28.591	173.4
15:43:28.604	173.9
15:43:28.616	173.5
15:43:28.628	171.6
15:43:28.636	171.6
15:43:28.649	172.8
15:43:28.661	172.2
15:43:28.669	172.2
15:43:28.682	170.0
15:43:28.694	169.1
15:43:28.702	169.3
15:43:28.714	167.5
15:43:28.727	165.9
15:43:28.735	164.9
15:43:28.747	163.1
15:43:28.759	164.3
15:43:28.768	166.8
15:43:28.780	167.9
15:43:28.792	170.6
15:43:28.804	171.4
15:43:28.813	173.2
15:43:28.825	177.9
15:43:28.837	181.0
15:43:28.845	184.7
15:43:28.858	186.6
15:43:28.870	187.6
15:43:28.878	187.3
15:43:28.890	189.7
15:43:28.903	190.8
15:43:28.911	193.2
15:43:28.923	195.3
15:43:28.935	194.6
15:43:28.948	195.1
15:43:28.956	194.5
15:43:28.968	196.8
15:43:28.980	195.8
15:43:28.993	196.1
15:43:29.001	195.0
15:43:29.013	194.4
15:43:29.025	194.4
15:43:29.034	196.3
15:43:29.046	196.4
15:43:29.058	196.7
15:43:29.066	196.6
15:43:29.079	191.4
15:43:29.091	191.8
15:43:29.103	190.5
15:43:29.111	187.2
15:43:29.124	187.1
15:43:29.136	182.5
15:43:29.144	177.1
15:43:29.157	173.9
15:43:29.169	172.2
15:43:29.177	170.6
15:43:29.189	171.6
15:43:29.201	169.4
15:43:29.210	168.2
15:43:29.222	168.3
15:43:29.234	165.4
15:43:29.247	166.8
15:43:29.255	166.5
15:43:29.267	163.9
15:43:29.279	159.2
15:43:29.288	156.3
15:43:29.300	155.7
15:43:29.312	154.2
15:43:29.320	152.6
15:43:29.333	149.9
15:43:29.345	147.9
15:43:29.357	144.6
15:43:29.365	143.0
15:43:29.378	142.3
15:43:29.390	142.7
15:43:29.398	142.3
15:43:29.410	139.7
15:43:29.423	138.1
15:43:29.431	135.8
15:43:29.443	135.8
15:43:29.455	133.7
15:43:29.464	133.7
15:43:29.476	132.6
15:43:29.488	131.8
15:43:29.497	131.5
15:43:29.509	132.3
15:43:29.521	131.5
15:43:29.533	131.7
15:43:29.541	131.7
15:43:29.554	127.4
15:43:29.566	127.0
15:43:29.574	125.7
15:43:29.586	123.5
15:43:29.599	123.6
15:43:29.611	121.2
15:43:29.619	118.2
15:43:29.632	116.5
15:43:29.644	113.9
15:43:29.652	111.0
15:43:29.664	110.2
15:43:29.677	106.0
15:43:29.685	103.0
15:43:29.697	100.2
15:43:29.709	94.6
15:43:29.717	91.3
15:43:29.730	86.8
15:43:29.742	81.3
15:43:29.750	75.3
15:43:29.763	70.2
15:43:29.775	64.4
15:43:29.787	59.6
15:43:29.795	53.3
15:43:29.808	46.8
15:43:29.820	39.9
15:43:29.828	34.5
15:43:29.840	28.2
15:43:29.853	24.7
15:43:29.861	19.5
15:43:29.873	12.0
15:43:29.885	7.5
15:43:29.898	3.9
15:43:29.906	-0.2
15:43:29.918	-4.2
15:43:29.930	-6.8
15:43:29.939	-12.1
15:43:29.951	-17.4
15:43:29.963	-23.9
15:43:29.971	-30.0
15:43:29.984	-32.0
15:43:29.996	-33.2
15:43:30.004	-36.7
15:43:30.016	-42.5
15:43:30.029	-45.2
15:43:30.041	-48.3
15:43:30.050	-50.2
15:43:30.061	-51.0
15:43:30.074	-50.7
15:43:30.082	-51.5
15:43:30.094	-54.5
15:43:30.106	-58.4
15:43:30.115	-62.5
15:43:30.127	-62.1
15:43:30.139	-66.7
15:43:30.147	-68.9
15:43:30.160	-72.2
15:43:30.172	-75.0
15:43:30.180	-80.0
15:43:30.192	-81.2
15:43:30.205	-83.4
15:43:30.217	-88.2
15:43:30.225	-90.2
15:43:30.238	-94.1
15:43:30.250	-92.5
15:43:30.258	-96.1
15:43:30.271	-98.0
15:43:30.283	-101.7
15:43:30.295	-103.2
15:43:30.303	-108.0
15:43:30.316	-109.8
15:43:30.328	-110.9
15:43:30.336	-112.2
15:43:30.348	-114.6
15:43:30.361	-120.1
15:43:30.369	-121.2
15:43:30.381	-125.8
15:43:30.394	-126.4
15:43:30.402	-129.9
15:43:30.414	-131.9
15:43:30.426	-135.8
15:43:30.434	-139.3
15:43:30.447	-144.7
15:43:30.459	-146.2
15:43:30.471	-148.4
15:43:30.480	-151.6
15:43:30.492	-151.1
15:43:30.504	-155.0
15:43:30.512	-154.4
15:43:30.525	-155.3
15:43:30.537	-155.6
15:43:30.549	-156.8
15:43:30.557	-157.3
15:43:30.570	-159.1
15:43:30.582	-162.1
15:43:30.590	-164.7
15:43:30.602	-165.7
15:43:30.615	-165.4
15:43:30.623	-166.8
15:43:30.635	-169.1
15:43:30.647	-170.3
15:43:30.656	-171.0
15:43:30.668	-168.0
15:43:30.680	-165.4
15:43:30.688	-162.6
15:43:30.701	-160.2
15:43:30.713	-160.6
15:43:30.725	-160.0
15:43:30.733	-160.6
15:43:30.746	-158.7
15:43:30.758	-157.3
15:43:30.766	-155.7
15:43:30.778	-156.7
15:43:30.791	-156.5
15:43:30.799	-155.5
15:43:30.811	-156.1
15:43:30.823	-154.7
15:43:30.832	-155.1
15:43:30.844	-155.5
15:43:30.856	-155.3
15:43:30.868	-155.8
15:43:30.877	-155.3
15:43:30.889	-154.3
15:43:30.901	-154.0
15:43:30.909	-156.2
15:43:30.922	-155.4
15:43:30.934	-154.7
15:43:30.946	-153.4
15:43:30.954	-150.7
15:43:30.967	-148.2
15:43:30.979	-147.9
15:43:30.987	-145.8
15:43:31.000	-144.7
15:43:31.012	-145.3
15:43:31.024	-144.2
15:43:31.032	-143.4
15:43:31.045	-143.0
15:43:31.057	-140.3
15:43:31.065	-140.6
15:43:31.077	-139.9
15:43:31.090	-137.0
15:43:31.098	-135.9
15:43:31.110	-134.5
15:43:31.122	-131.6
15:43:31.131	-128.6
15:43:31.143	-125.1
15:43:31.155	-123.6
15:43:31.168	-122.9
15:43:31.176	-119.8
15:43:31.188	-116.1
15:43:31.200	-114.6
15:43:31.209	-112.1
15:43:31.221	-110.6
15:43:31.233	-109.7
15:43:31.241	-108.8
15:43:31.254	-107.9
15:43:31.266	-106.4
15:43:31.278	-103.2
15:43:31.286	-101.8
15:43:31.299	-100.3
15:43:31.311	-98.6
15:43:31.319	-97.8
15:43:31.331	-95.3
15:43:31.344	-93.3
15:43:31.352	-90.0
15:43:31.364	-86.2
15:43:31.376	-82.8
15:43:31.385	-81.2
15:43:31.397	-79.9
15:43:31.409	-80.1
15:43:31.417	-77.3
15:43:31.430	-74.1
15:43:31.442	-71.5
15:43:31.454	-71.1
15:43:31.463	-67.2
15:43:31.475	-66.7
15:43:31.487	-64.4
15:43:31.495	-64.1
15:43:31.508	-61.1
15:43:31.520	-57.6
15:43:31.532	-54.2
15:43:31.540	-51.5
15:43:31.553	-51.1
15:43:31.565	-46.2
15:43:31.573	-46.6
15:43:31.585	-42.0
15:43:31.598	-39.5
15:43:31.606	-36.5
15:43:31.618	-35.3
15:43:31.630	-32.7
15:43:31.639	-30.5
15:43:31.651	-28.7
15:43:31.663	-24.2
15:43:31.671	-23.8
15:43:31.684	-20.2
15:43:31.696	-20.5
15:43:31.708	-22.0
15:43:31.716	-20.3
15:43:31.729	-16.8
15:43:31.741	-14.9
15:43:31.749	-13.0
15:43:31.761	-11.5
15:43:31.774	-13.4
15:43:31.782	-8.8
15:43:31.794	-6.2
15:43:31.807	-4.6
15:43:31.819	1.2
15:43:31.827	5.3
15:43:31.839	7.9
15:43:31.852	7.9
15:43:31.860	9.3
15:43:31.872	9.7
15:43:31.884	12.5
15:43:31.893	14.2
15:43:31.905	14.0
15:43:31.917	17.0
15:43:31.925	17.6
15:43:31.938	16.1
15:43:31.950	15.7
15:43:31.962	17.1
15:43:31.970	16.4
15:43:31.983	17.4
15:43:31.995	19.5
15:43:32.003	16.8
15:43:32.015	18.8
15:43:32.028	19.3
15:43:32.036	22.0
15:43:32.048	24.5
15:43:32.060	27.1
15:43:32.068	31.0
15:43:32.080	33.3
15:43:32.092	35.8
15:43:32.101	37.9
15:43:32.113	40.8
15:43:32.125	42.3
15:43:32.138	43.7
15:43:32.146	44.7
15:43:32.158	47.6
15:43:32.170	49.9
15:43:32.179	49.8
15:43:32.191	53.6
15:43:32.203	55.0
15:43:32.216	58.5
15:43:32.224	61.8
15:43:32.236	64.4
15:43:32.248	69.1
15:43:32.256	71.7
15:43:32.269	74.4
15:43:32.281	78.5
15:43:32.289	83.0
15:43:32.302	83.5
15:43:32.314	87.4
15:43:32.322	88.6
15:43:32.334	90.5
15:43:32.347	93.9
15:43:32.355	97.3
15:43:32.367	99.3
15:43:32.380	101.8
15:43:32.392	101.1
15:43:32.400	102.5
15:43:32.412	106.3
15:43:32.425	107.2
15:43:32.433	107.5
15:43:32.445	110.8
15:43:32.457	112.6
15:43:32.470	114.3
15:43:32.478	117.6
15:43:32.490	120.7
15:43:32.503	125.1
15:43:32.511	127.7
15:43:32.523	131.6
15:43:32.535	137.1
15:43:32.543	143.1
15:43:32.556	147.6
15:43:32.568	152.0
15:43:32.576	153.4
15:43:32.588	156.0
15:43:32.601	154.9
15:43:32.609	156.4
15:43:32.621	157.6
15:43:32.634	157.9
15:43:32.646	157.4
15:43:32.654	158.6
15:43:32.666	159.9
15:43:32.679	160.8
15:43:32.687	163.5
15:43:32.699	164.7
15:43:32.711	168.7
15:43:32.720	171.4
15:43:32.732	173.9
15:43:32.744	176.5
15:43:32.752	178.4
15:43:32.765	177.4
15:43:32.777	177.8
15:43:32.789	176.9
15:43:32.797	175.1
15:43:32.810	174.4
15:43:32.822	173.4
15:43:32.830	172.1
15:43:32.842	169.9
15:43:32.855	167.8
15:43:32.863	168.7
15:43:32.875	169.4
15:43:32.887	167.0
15:43:32.900	167.1
15:43:32.908	169.6
15:43:32.920	170.7
15:43:32.933	172.9
15:43:32.945	174.0
15:43:32.953	177.1
15:43:32.965	178.0
15:43:32.977	177.0
15:43:32.986	177.5
15:43:32.998	179.4
15:43:33.010	180.1
15:43:33.018	176.5
15:43:33.031	175.7
15:43:33.043	174.0
15:43:33.051	171.8
15:43:33.064	169.0
15:43:33.076	168.5
15:43:33.088	169.1
15:43:33.096	165.7
15:43:33.109	165.7
15:43:33.121	162.9
15:43:33.129	164.3
15:43:33.141	160.5
15:43:33.154	157.4
15:43:33.162	156.5
15:43:33.174	154.6
15:43:33.186	149.5
15:43:33.199	142.9
15:43:33.207	139.9
15:43:33.219	132.8
15:43:33.231	126.9
15:43:33.240	119.6
15:43:33.252	112.8
15:43:33.264	106.8
15:43:33.272	99.4
15:43:33.285	90.1
15:43:33.297	84.4
15:43:33.305	77.3
15:43:33.317	69.0
15:43:33.330	62.4
15:43:33.338	56.4
15:43:33.350	48.3
15:43:33.363	44.0
15:43:33.375	36.3
15:43:33.383	29.8
15:43:33.395	26.4
15:43:33.407	21.2
15:43:33.416	17.1
15:43:33.428	18.4
15:43:33.440	19.5
15:43:33.452	24.0
15:43:33.461	50.7
15:43:33.473	76.9
15:43:33.485	115.0
15:43:33.493	154.9
15:43:33.506	199.9
15:43:33.518	247.5
15:43:33.526	300.9
15:43:33.539	356.4
15:43:33.551	413.7
15:43:33.559	471.1
15:43:33.571	506.4
15:43:33.584	542.5
15:43:33.592	566.5
15:43:33.604	588.5
15:43:33.616	604.8
15:43:33.629	632.1
15:43:33.637	675.2
15:43:33.649	720.5
15:43:33.661	761.1
15:43:33.670	796.8
15:43:33.682	836.2
15:43:33.694	872.4
15:43:33.702	911.5
15:43:33.715	952.7
15:43:33.727	1002.7
15:43:33.739	1059.3
15:43:33.747	1099.1
15:43:33.760	1133.1
15:43:33.772	1167.1
15:43:33.780	1203.4
15:43:33.793	1237.4
15:43:33.805	1270.2
15:43:33.813	1300.0
15:43:33.825	1327.1
15:43:33.838	1345.8
15:43:33.846	1343.4
15:43:33.858	1334.2
15:43:33.870	1321.9
15:43:33.883	1305.5
15:43:33.891	1287.6
15:43:33.903	1268.6
15:43:33.915	1250.1
15:43:33.924	1234.0
15:43:33.936	1215.2
15:43:33.948	1196.4
15:43:33.956	1177.7
15:43:33.969	1164.9
15:43:33.981	1149.5
15:43:33.989	1137.1
15:43:34.002	1123.6
15:43:34.014	1112.9
15:43:34.022	1101.0
15:43:34.034	1087.7
15:43:34.047	1074.7
15:43:34.059	1064.3
15:43:34.067	1052.8
15:43:34.079	1037.7
15:43:34.092	1023.5
15:43:34.100	1009.5
15:43:34.112	995.2
15:43:34.124	976.9
15:43:34.137	953.7
15:43:34.145	924.7
15:43:34.157	896.8
15:43:34.169	864.8
15:43:34.178	830.9
15:43:34.190	794.3
15:43:34.202	747.8
15:43:34.210	701.7
15:43:34.223	654.1
15:43:34.235	605.8
15:43:34.243	563.4
15:43:34.255	527.6
15:43:34.268	492.0
15:43:34.276	456.4
15:43:34.288	424.0
15:43:34.300	391.5
15:43:34.313	369.2
15:43:34.321	345.7
15:43:34.333	322.4
15:43:34.345	300.9
15:43:34.354	282.4
15:43:34.366	265.7
15:43:34.378	246.0
15:43:34.390	228.2
15:43:34.399	207.7
15:43:34.411	186.3
15:43:34.423	162.3
15:43:34.431	140.7
15:43:34.444	120.8
15:43:34.456	95.8
15:43:34.464	72.9
15:43:34.477	48.7
15:43:34.489	30.3
15:43:34.497	5.9
15:43:34.509	-14.8
15:43:34.521	-33.2
15:43:34.530	-53.8
15:43:34.542	-82.0
15:43:34.554	-111.0
15:43:34.567	-132.3
15:43:34.575	-161.4
15:43:34.587	-190.0
15:43:34.599	-221.2
15:43:34.608	-247.9
15:43:34.620	-276.7
15:43:34.632	-309.4
15:43:34.640	-335.6
15:43:34.653	-354.5
15:43:34.665	-369.8
15:43:34.673	-386.7
15:43:34.686	-398.7
15:43:34.698	-415.4
15:43:34.710	-430.6
15:43:34.718	-445.9
15:43:34.731	-461.9
15:43:34.743	-471.2
15:43:34.751	-482.9
15:43:34.764	-493.2
15:43:34.776	-506.2
15:43:34.784	-519.7
15:43:34.797	-532.2
15:43:34.809	-542.7
15:43:34.821	-555.0
15:43:34.829	-566.2
15:43:34.841	-577.5
15:43:34.854	-589.4
15:43:34.866	-598.5
15:43:34.874	-610.0
15:43:34.886	-618.1
15:43:34.899	-623.9
15:43:34.907	-630.4
15:43:34.919	-634.4
15:43:34.931	-636.9
15:43:34.940	-637.8
15:43:34.952	-636.9
15:43:34.964	-635.0
15:43:34.972	-634.3
15:43:34.985	-631.9
15:43:34.997	-628.7
15:43:35.009	-625.6
15:43:35.017	-624.8
15:43:35.030	-624.2
15:43:35.042	-623.6
15:43:35.050	-624.0
15:43:35.062	-624.8
15:43:35.075	-625.1
15:43:35.083	-623.1
15:43:35.095	-621.7
15:43:35.108	-620.3
15:43:35.120	-621.2
15:43:35.128	-616.9
15:43:35.140	-614.4
15:43:35.152	-612.8
15:43:35.161	-611.6
15:43:35.173	-607.4
15:43:35.185	-605.5
15:43:35.194	-603.5
15:43:35.206	-599.6
15:43:35.218	-598.0
15:43:35.226	-595.3
15:43:35.239	-595.1
15:43:35.251	-592.4
15:43:35.259	-589.7
15:43:35.272	-586.1
15:43:35.284	-584.9
15:43:35.296	-583.1
15:43:35.304	-580.1
15:43:35.317	-578.2
15:43:35.329	-574.7
15:43:35.337	-570.0
15:43:35.349	-566.0
15:43:35.362	-559.2
15:43:35.374	-552.9
15:43:35.382	-546.0
15:43:35.394	-538.4
15:43:35.407	-528.9
15:43:35.415	-522.2
15:43:35.427	-513.5
15:43:35.440	-506.6
15:43:35.448	-500.3
15:43:35.460	-494.2
15:43:35.472	-488.4
15:43:35.480	-481.8
15:43:35.493	-476.2
15:43:35.505	-469.5
15:43:35.513	-463.2
15:43:35.526	-458.0
15:43:35.538	-452.8
15:43:35.550	-446.0
15:43:35.558	-440.1
15:43:35.571	-432.5
15:43:35.583	-428.4
15:43:35.591	-422.1
15:43:35.603	-416.5
15:43:35.616	-411.7
15:43:35.624	-407.9
15:43:35.636	-399.9
15:43:35.648	-394.1
15:43:35.661	-389.4
15:43:35.669	-384.8
15:43:35.681	-380.7
15:43:35.693	-372.5
15:43:35.702	-366.4
15:43:35.714	-361.8
15:43:35.726	-357.2
15:43:35.734	-351.8
15:43:35.747	-348.8
15:43:35.759	-344.8
15:43:35.767	-340.9
15:43:35.779	-335.6
15:43:35.792	-330.4
15:43:35.804	-329.5
15:43:35.812	-327.7
15:43:35.824	-323.1
15:43:35.837	-318.0
15:43:35.845	-313.6
15:43:35.857	-311.9
15:43:35.870	-308.4
15:43:35.878	-305.8
15:43:35.890	-301.4
15:43:35.902	-297.5
15:43:35.910	-294.2
15:43:35.923	-289.2
15:43:35.935	-285.1
15:43:35.943	-284.2
15:43:35.956	-281.2
15:43:35.968	-276.0
15:43:35.980	-273.3
15:43:35.988	-267.3
15:43:36.001	-267.8
15:43:36.013	-264.0
15:43:36.021	-260.9
15:43:36.033	-257.8
15:43:36.046	-254.3
15:43:36.058	-248.4
15:43:36.066	-246.2
15:43:36.078	-242.1
15:43:36.091	-238.2
15:43:36.099	-236.4
15:43:36.111	-230.6
15:43:36.123	-228.5
15:43:36.132	-222.9
15:43:36.144	-220.6
15:43:36.156	-217.0
15:43:36.164	-214.6
15:43:36.177	-211.2
15:43:36.189	-207.8
15:43:36.197	-205.3
15:43:36.210	-203.3
15:43:36.222	-200.3
15:43:36.234	-198.0
15:43:36.242	-196.9
15:43:36.255	-194.0
15:43:36.267	-192.0
15:43:36.275	-189.8
15:43:36.287	-185.1
15:43:36.300	-182.8
15:43:36.312	-178.9
15:43:36.320	-174.1
15:43:36.332	-171.1
15:43:36.345	-167.4
15:43:36.353	-165.7
15:43:36.365	-162.9
15:43:36.377	-160.7
15:43:36.386	-157.7
15:43:36.398	-156.7
15:43:36.410	-152.7
15:43:36.418	-151.0
15:43:36.431	-149.5
15:43:36.443	-146.3
15:43:36.451	-147.0
15:43:36.464	-143.7
15:43:36.476	-142.1
15:43:36.488	-139.6
15:43:36.496	-137.6
15:43:36.509	-133.2
15:43:36.521	-133.9
15:43:36.529	-132.9
15:43:36.541	-131.7
15:43:36.554	-131.0
15:43:36.562	-126.6
15:43:36.574	-124.3
15:43:36.586	-122.5
15:43:36.595	-122.7
15:43:36.607	-121.3
15:43:36.619	-121.5
15:43:36.631	-119.1
15:43:36.640	-117.3
15:43:36.652	-115.3
15:43:36.664	-114.1
15:43:36.672	-112.4
15:43:36.685	-111.8
15:43:36.697	-109.8
15:43:36.705	-108.1
15:43:36.717	-106.6
15:43:36.730	-105.3
15:43:36.742	-105.0
15:43:36.750	-103.8
15:43:36.762	-101.3
15:43:36.775	-101.6
15:43:36.783	-101.0
15:43:36.795	-102.1
15:43:36.807	-102.1
15:43:36.816	-99.8
15:43:36.828	-97.8
15:43:36.840	-97.4
15:43:36.848	-94.3
15:43:36.861	-92.0
15:43:36.873	-92.6
15:43:36.881	-89.1
15:43:36.893	-87.0
15:43:36.906	-81.7
15:43:36.918	-81.2
15:43:36.926	-79.6
15:43:36.938	-79.6
15:43:36.951	-77.1
15:43:36.959	-76.6
15:43:36.971	-76.9
15:43:36.984	-75.8
15:43:36.996	-74.9
15:43:37.004	-75.5
15:43:37.016	-75.3
15:43:37.029	-71.8
15:43:37.041	-71.3
15:43:37.049	-69.6
15:43:37.061	-69.1
15:43:37.074	-67.9
15:43:37.082	-64.7
15:43:37.094	-63.1
15:43:37.106	-63.1
15:43:37.115	-60.7
15:43:37.127	-55.6
15:43:37.139	-51.0
15:43:37.147	-46.2
15:43:37.160	-39.7
15:43:37.172	-34.0
15:43:37.180	-29.2
15:43:37.192	-23.7
15:43:37.205	-19.2
15:43:37.217	-14.5
15:43:37.225	-9.4
15:43:37.237	-9.4
15:43:37.246	-9.2
15:43:37.258	-8.0
15:43:37.270	-9.0
15:43:37.282	-8.6
15:43:37.295	-7.6
15:43:37.303	-7.4
15:43:37.315	-5.7
15:43:37.327	-3.8
15:43:37.336	-1.0
15:43:37.348	1.1
15:43:37.360	3.9
15:43:37.368	6.9
15:43:37.381	9.0
15:43:37.393	10.7
15:43:37.401	12.9
15:43:37.413	13.7
15:43:37.426	16.6
15:43:37.434	18.1
15:43:37.446	18.7
15:43:37.459	20.5
15:43:37.471	20.5
15:43:37.479	21.9
15:43:37.491	23.3
15:43:37.504	23.4
15:43:37.512	25.6
15:43:37.524	27.8
15:43:37.536	27.4
15:43:37.545	28.8
15:43:37.557	28.9
15:43:37.568	31.2
15:43:37.581	32.5
15:43:37.589	32.5
15:43:37.601	33.6
15:43:37.613	35.5
15:43:37.622	35.7
15:43:37.634	36.0
15:43:37.646	38.0
15:43:37.654	39.3
15:43:37.667	41.2
15:43:37.679	42.8
15:43:37.687	45.5
15:43:37.699	47.0
15:43:37.712	49.9
15:43:37.724	51.4
15:43:37.732	52.8
15:43:37.745	53.8
15:43:37.757	54.7
15:43:37.765	56.3
15:43:37.777	58.9
15:43:37.790	60.7
15:43:37.798	62.2
15:43:37.810	64.8
15:43:37.822	66.5
15:43:37.830	70.1
15:43:37.843	72.0
15:43:37.855	74.9
15:43:37.863	78.4
15:43:37.876	82.3
15:43:37.888	83.2
15:43:37.900	85.3
15:43:37.908	87.3
15:43:37.921	88.9
15:43:37.933	91.3
15:43:37.941	92.6
15:43:37.953	95.4
15:43:37.966	97.6
15:43:37.978	99.7
15:43:37.987	102.1
15:43:38.000	104.9
15:43:38.012	105.9
15:43:38.020	110.1
15:43:38.032	114.3
15:43:38.044	118.2
15:43:38.053	122.4
15:43:38.065	127.1
15:43:38.077	130.9
15:43:38.085	135.6
15:43:38.098	139.7
15:43:38.110	143.2
15:43:38.118	146.9
15:43:38.130	148.4
15:43:38.143	149.1
15:43:38.155	149.8
15:43:38.163	150.6
15:43:38.175	150.4
15:43:38.188	153.1
15:43:38.196	151.9
15:43:38.208	154.1
15:43:38.220	154.1
15:43:38.233	154.7
15:43:38.241	154.5
15:43:38.253	155.7
15:43:38.266	155.1
15:43:38.274	154.1
15:43:38.286	151.9
15:43:38.299	147.4
15:43:38.307	147.7
15:43:38.319	144.0
15:43:38.331	142.6
15:43:38.339	139.9
15:43:38.352	137.8
15:43:38.364	134.8
15:43:38.372	132.8
15:43:38.384	130.8
15:43:38.397	131.6
15:43:38.409	132.6
15:43:38.417	131.3
15:43:38.429	130.3
15:43:38.442	129.3
15:43:38.450	129.1
15:43:38.462	129.8
15:43:38.474	129.4
15:43:38.483	129.1
15:43:38.495	128.0
15:43:38.507	126.8
15:43:38.515	125.7
15:43:38.528	125.5
15:43:38.540	123.7
15:43:38.552	122.7
15:43:38.560	122.1
15:43:38.573	118.5
15:43:38.585	117.3
15:43:38.593	115.7
15:43:38.605	114.5
15:43:38.618	113.2
15:43:38.626	112.4
15:43:38.638	110.1
15:43:38.651	108.3
15:43:38.663	106.8
15:43:38.671	104.7
15:43:38.683	104.4
15:43:38.695	103.3
15:43:38.704	102.0
15:43:38.716	100.6
15:43:38.728	99.5
15:43:38.737	97.7
15:43:38.749	96.1
15:43:38.761	94.7
15:43:38.769	92.7
15:43:38.781	90.3
15:43:38.794	89.3
15:43:38.802	87.7
15:43:38.814	85.9
15:43:38.827	85.8
15:43:38.839	83.4
15:43:38.847	81.8
15:43:38.859	81.3
15:43:38.872	80.9
15:43:38.880	80.4
15:43:38.892	84.2
15:43:38.904	95.1
15:43:38.917	107.2
15:43:38.925	119.2
15:43:38.937	131.6
15:43:38.949	143.9
15:43:38.962	153.7
15:43:38.970	165.1
15:43:38.982	176.5
15:43:38.994	188.7
15:43:39.003	195.0
15:43:39.015	193.9
15:43:39.027	193.6
15:43:39.035	193.3
15:43:39.048	190.6
15:43:39.060	190.4
15:43:39.068	191.1
15:43:39.080	190.5
15:43:39.093	188.3
15:43:39.101	187.3
15:43:39.113	186.1
15:43:39.125	181.8
15:43:39.138	178.0
15:43:39.146	175.8
15:43:39.158	174.2
15:43:39.170	172.6
15:43:39.179	171.0
15:43:39.191	166.4
15:43:39.203	164.8
15:43:39.216	166.9
15:43:39.224	176.9
15:43:39.236	188.2
15:43:39.248	199.7
15:43:39.257	209.3
15:43:39.269	220.8
15:43:39.281	228.6
15:43:39.289	241.8
15:43:39.302	255.6
15:43:39.314	266.9
15:43:39.322	275.6
15:43:39.334	276.2
15:43:39.347	280.5
15:43:39.355	280.4
15:43:39.367	283.3
15:43:39.379	282.9
15:43:39.392	287.3
15:43:39.400	285.7
15:43:39.412	283.2
15:43:39.424	283.3
15:43:39.433	279.5
15:43:39.445	277.8
15:43:39.457	272.8
15:43:39.465	274.6
15:43:39.478	271.4
15:43:39.490	270.2
15:43:39.502	264.9
15:43:39.510	262.6
15:43:39.523	260.6
15:43:39.535	257.2
15:43:39.543	254.3
15:43:39.556	253.5
15:43:39.568	254.2
15:43:39.576	248.1
15:43:39.588	243.4
15:43:39.601	237.3
15:43:39.609	234.0
15:43:39.621	229.8
15:43:39.633	227.1
15:43:39.646	224.9
15:43:39.654	222.2
15:43:39.666	218.0
15:43:39.678	211.2
15:43:39.687	207.0
15:43:39.699	203.7
15:43:39.711	203.3
15:43:39.720	202.8
15:43:39.732	195.3
15:43:39.744	187.6
15:43:39.752	180.0
15:43:39.765	173.5
15:43:39.777	167.1
15:43:39.785	162.5
15:43:39.797	156.8
15:43:39.810	149.9
15:43:39.822	138.7
15:43:39.830	127.0
15:43:39.842	123.3
15:43:39.855	118.8
15:43:39.863	116.0
15:43:39.875	116.1
15:43:39.887	117.0
15:43:39.900	117.3
15:43:39.908	118.2
15:43:39.920	120.6
15:43:39.932	126.4
15:43:39.941	129.8
15:43:39.953	130.3
15:43:39.965	132.2
15:43:39.973	130.6
15:43:39.986	126.6
15:43:39.998	120.1
15:43:40.006	112.0
15:43:40.018	100.5
15:43:40.031	88.8
15:43:40.039	75.2
15:43:40.051	63.9
15:43:40.063	52.0
15:43:40.076	39.3
15:43:40.084	26.3
15:43:40.096	15.2
15:43:40.108	4.2
15:43:40.117	-6.6
15:43:40.129	-15.2
15:43:40.141	-22.5
15:43:40.154	-28.9
15:43:40.162	-37.0
15:43:40.174	-44.5
15:43:40.186	-50.7
15:43:40.194	-57.5
15:43:40.207	-65.0
15:43:40.219	-71.3
15:43:40.227	-87.9
15:43:40.239	-101.8
15:43:40.252	-115.4
15:43:40.260	-130.3
15:43:40.272	-144.9
15:43:40.285	-158.2
15:43:40.293	-174.2
15:43:40.305	-187.7
15:43:40.317	-205.0
15:43:40.330	-221.2
15:43:40.338	-225.8
15:43:40.350	-233.2
15:43:40.362	-240.1
15:43:40.371	-246.9
15:43:40.383	-253.8
15:43:40.395	-259.0
15:43:40.403	-262.6
15:43:40.416	-266.2
15:43:40.428	-267.6
15:43:40.436	-270.1
15:43:40.448	-272.7
15:43:40.461	-274.9
15:43:40.473	-277.2
15:43:40.481	-278.9
15:43:40.493	-279.6
15:43:40.506	-281.3
15:43:40.514	-281.4
15:43:40.526	-282.2
15:43:40.538	-282.4
15:43:40.547	-280.9
15:43:40.559	-281.6
15:43:40.571	-278.8
15:43:40.583	-278.3
15:43:40.592	-277.9
15:43:40.604	-277.5
15:43:40.616	-276.2
15:43:40.624	-274.1
15:43:40.637	-272.2
15:43:40.649	-269.2
15:43:40.657	-269.7
15:43:40.669	-266.5
15:43:40.682	-266.7
15:43:40.690	-267.4
15:43:40.702	-267.1
15:43:40.714	-266.8
15:43:40.727	-267.5
15:43:40.735	-270.2
15:43:40.747	-271.8
15:43:40.760	-273.8
15:43:40.772	-275.0
15:43:40.780	-277.1
15:43:40.792	-276.7
15:43:40.804	-275.1
15:43:40.813	-273.2
15:43:40.825	-271.8
15:43:40.837	-269.2
15:43:40.846	-266.3
15:43:40.858	-263.7
15:43:40.870	-262.2
15:43:40.882	-258.8
15:43:40.891	-256.8
15:43:40.903	-257.5
15:43:40.915	-258.3
15:43:40.923	-258.5
15:43:40.936	-256.7
15:43:40.948	-254.9
15:43:40.956	-254.6
15:43:40.968	-252.3
15:43:40.981	-252.2
15:43:40.989	-252.2
15:43:41.001	-252.5
15:43:41.013	-249.5
15:43:41.022	-246.2
15:43:41.034	-244.5
15:43:41.046	-245.6
15:43:41.058	-246.5
15:43:41.067	-245.5
15:43:41.079	-247.2
15:43:41.091	-245.5
15:43:41.099	-245.4
15:43:41.112	-243.8
15:43:41.124	-243.0
15:43:41.136	-242.7
15:43:41.144	-240.2
15:43:41.157	-238.0
15:43:41.169	-235.4
15:43:41.177	-233.1
15:43:41.189	-231.7
15:43:41.202	-230.4
15:43:41.210	-228.6
15:43:41.222	-226.3
15:43:41.235	-224.4
15:43:41.243	-221.7
15:43:41.255	-220.9
15:43:41.267	-215.7
15:43:41.275	-213.5
15:43:41.288	-210.4
15:43:41.300	-207.4
15:43:41.312	-204.1
15:43:41.321	-199.3
15:43:41.333	-195.6
15:43:41.345	-193.7
15:43:41.354	-190.6
15:43:41.366	-186.8
15:43:41.378	-186.6
15:43:41.386	-183.5
15:43:41.398	-181.7
15:43:41.411	-179.3
15:43:41.423	-175.5
15:43:41.431	-172.2
15:43:41.444	-171.6
15:43:41.456	-165.6
15:43:41.464	-162.8
15:43:41.476	-160.7
15:43:41.489	-157.4
15:43:41.497	-155.4
15:43:41.509	-153.2
15:43:41.521	-149.5
15:43:41.530	-149.8
15:43:41.542	-151.1
15:43:41.554	-148.3
15:43:41.566	-150.6
15:43:41.575	-150.0
15:43:41.587	-147.7
15:43:41.599	-145.5
15:43:41.607	-144.1
15:43:41.620	-144.4
15:43:41.632	-142.0
15:43:41.640	-139.9
15:43:41.652	-136.6
15:43:41.665	-133.4
15:43:41.673	-131.4
15:43:41.685	-128.6
15:43:41.697	-127.0
15:43:41.706	-126.3
15:43:41.718	-125.1
15:43:41.730	-122.1
15:43:41.742	-120.8
15:43:41.751	-119.3
15:43:41.763	-117.7
15:43:41.775	-117.2
15:43:41.783	-114.3
15:43:41.796	-114.1
15:43:41.808	-112.5
15:43:41.820	-112.4
15:43:41.828	-110.9
15:43:41.841	-108.2
15:43:41.853	-108.3
15:43:41.861	-107.7
15:43:41.873	-109.0
15:43:41.886	-106.2
15:43:41.894	-105.5
15:43:41.906	-103.3
15:43:41.919	-102.7
15:43:41.927	-99.1
15:43:41.939	-99.0
15:43:41.951	-99.9
15:43:41.959	-97.6
15:43:41.972	-95.5
15:43:41.984	-93.2
15:43:41.996	-92.3
15:43:42.005	-90.7
15:43:42.017	-90.1
15:43:42.029	-88.6
15:43:42.037	-90.1
15:43:42.050	-87.5
15:43:42.062	-87.3
15:43:42.074	-88.3
15:43:42.082	-86.2
15:43:42.095	-83.9
15:43:42.107	-84.5
15:43:42.115	-84.1
15:43:42.127	-84.0
15:43:42.140	-85.4
15:43:42.148	-82.7
15:43:42.160	-81.8
15:43:42.172	-80.7
15:43:42.181	-78.7
15:43:42.193	-78.2
15:43:42.205	-77.7
15:43:42.214	-76.2
15:43:42.226	-75.1
15:43:42.238	-72.2
15:43:42.250	-71.8
15:43:42.259	-72.5
15:43:42.271	-72.1
15:43:42.283	-70.8
15:43:42.291	-71.0
15:43:42.304	-71.0
15:43:42.316	-69.5
15:43:42.324	-69.2
15:43:42.336	-68.4
15:43:42.349	-69.6
15:43:42.357	-65.9
15:43:42.369	-64.2
15:43:42.381	-65.3
15:43:42.394	-60.8
15:43:42.402	-58.6
15:43:42.414	-58.3
15:43:42.426	-58.9
15:43:42.435	-57.9
15:43:42.447	-55.1
15:43:42.459	-53.0
15:43:42.468	-51.6
15:43:42.480	-48.3
15:43:42.492	-44.1
15:43:42.504	-46.0
15:43:42.513	-43.6
15:43:42.525	-40.1
15:43:42.537	-39.0
15:43:42.545	-35.8
15:43:42.558	-35.8
15:43:42.570	-33.8
15:43:42.578	-31.7
15:43:42.590	-31.9
15:43:42.603	-31.1
15:43:42.611	-27.2
15:43:42.623	-26.4
15:43:42.635	-25.6
15:43:42.644	-21.5
15:43:42.656	-21.2
15:43:42.668	-19.0
15:43:42.681	-19.8
15:43:42.689	-19.3
15:43:42.701	-17.4
15:43:42.713	-16.7
15:43:42.721	-16.4
15:43:42.734	-16.3
15:43:42.746	-13.5
15:43:42.758	-15.4
15:43:42.766	-14.1
15:43:42.779	-15.6
15:43:42.791	-15.1
15:43:42.799	-14.2
15:43:42.812	-15.9
15:43:42.824	-15.0
15:43:42.832	-13.6
15:43:42.844	-14.3
15:43:42.857	-15.9
15:43:42.865	-12.7
15:43:42.877	-13.4
15:43:42.889	-12.2
15:43:42.898	-10.4
15:43:42.910	-10.6
15:43:42.922	-8.8
15:43:42.934	-8.2
15:43:42.943	-10.8
15:43:42.955	-9.5
15:43:42.967	-9.0
15:43:42.975	-9.6
15:43:42.988	-7.1
15:43:43.000	-6.1
15:43:43.008	-3.9
15:43:43.020	-3.4
15:43:43.033	-3.3
15:43:43.045	-2.9
15:43:43.053	-1.2
15:43:43.065	2.0
15:43:43.078	1.3
15:43:43.086	2.7
15:43:43.098	0.3
15:43:43.111	-0.6
15:43:43.123	-0.2
15:43:43.131	3.0
15:43:43.143	4.1
15:43:43.151	4.4
15:43:43.164	7.0
15:43:43.176	6.4
15:43:43.188	10.5
15:43:43.197	10.7
15:43:43.209	12.8
15:43:43.221	15.2
15:43:43.233	14.8
15:43:43.242	11.1
15:43:43.254	11.7
15:43:43.266	14.4
15:43:43.274	14.1
15:43:43.287	14.0
15:43:43.299	13.1
15:43:43.307	14.1
15:43:43.319	17.0
15:43:43.332	19.2
15:43:43.344	20.6
15:43:43.352	25.1
15:43:43.364	27.4
15:43:43.377	28.4
15:43:43.385	30.2
15:43:43.397	32.0
15:43:43.409	34.4
15:43:43.418	37.9
15:43:43.430	39.3
15:43:43.442	39.4
15:43:43.450	40.7
15:43:43.463	41.4
15:43:43.475	42.4
15:43:43.487	44.5
15:43:43.495	47.6
15:43:43.508	50.1
15:43:43.520	52.4
15:43:43.528	52.6
15:43:43.540	53.4
15:43:43.553	55.3
15:43:43.561	57.7
15:43:43.573	59.7
15:43:43.585	61.4
15:43:43.594	63.7
15:43:43.606	63.6
15:43:43.618	64.4
15:43:43.626	65.8
15:43:43.639	67.0
15:43:43.651	70.4
15:43:43.663	71.7
15:43:43.671	72.3
15:43:43.684	70.9
15:43:43.696	71.3
15:43:43.704	72.9
15:43:43.717	73.2
15:43:43.729	75.8
15:43:43.741	75.1
15:43:43.749	77.2
15:43:43.762	75.5
15:43:43.774	77.3
15:43:43.782	78.5
15:43:43.794	80.4
15:43:43.807	82.5
15:43:43.815	80.6
15:43:43.827	83.7
15:43:43.839	84.9
15:43:43.848	87.1
15:43:43.860	86.9
15:43:43.872	88.3
15:43:43.880	90.3
15:43:43.893	92.0
15:43:43.905	94.0
15:43:43.917	95.5
15:43:43.925	98.8
15:43:43.938	97.8
15:43:43.950	98.4
15:43:43.958	99.5
15:43:43.970	100.4
15:43:43.983	102.6
15:43:43.995	103.7
15:43:44.003	106.3
15:43:44.016	110.1
15:43:44.028	118.1
15:43:44.036	124.5
15:43:44.048	132.5
15:43:44.060	138.1
15:43:44.069	145.1
15:43:44.081	151.3
15:43:44.093	155.2
15:43:44.101	158.9
15:43:44.114	164.3
15:43:44.126	168.8
15:43:44.134	166.7
15:43:44.147	164.7
15:43:44.159	162.1
15:43:44.171	162.1
15:43:44.179	162.2
15:43:44.192	164.1
15:43:44.204	168.9
15:43:44.212	172.4
15:43:44.224	173.6
15:43:44.237	172.9
15:43:44.245	175.7
15:43:44.257	179.6
15:43:44.269	183.5
15:43:44.278	185.0
15:43:44.290	183.5
15:43:44.302	183.5
15:43:44.314	179.3
15:43:44.323	175.4
15:43:44.335	173.5
15:43:44.347	173.9
15:43:44.355	170.2
15:43:44.368	166.0
15:43:44.380	159.3
15:43:44.388	152.5
15:43:44.400	147.5
15:43:44.413	139.3
15:43:44.425	130.1
15:43:44.433	120.7
15:43:44.445	109.0
15:43:44.458	95.6
15:43:44.466	83.7
15:43:44.478	71.4
15:43:44.490	62.5
15:43:44.499	52.1
15:43:44.511	41.1
15:43:44.523	32.0
15:43:44.531	26.6
15:43:44.544	21.3
15:43:44.556	14.1
15:43:44.564	10.6
15:43:44.577	3.7
15:43:44.589	-4.8
15:43:44.601	-15.0
15:43:44.609	-21.9
15:43:44.622	-29.7
15:43:44.634	-39.1
15:43:44.642	-49.9
15:43:44.654	-60.8
15:43:44.667	-69.5
15:43:44.679	-82.0
15:43:44.687	-89.6
15:43:44.699	-98.0
15:43:44.712	-104.0
15:43:44.724	-111.4
15:43:44.732	-118.0
15:43:44.745	-123.8
15:43:44.757	-128.6
15:43:44.765	-131.5
15:43:44.777	-134.5
15:43:44.789	-135.5
15:43:44.798	-138.8
15:43:44.810	-139.9
15:43:44.822	-140.4
15:43:44.831	-142.0
15:43:44.843	-141.0
15:43:44.855	-140.9
15:43:44.863	-139.7
15:43:44.876	-139.0
15:43:44.888	-138.3
15:43:44.900	-137.4
15:43:44.908	-135.2
15:43:44.921	-131.5
15:43:44.933	-130.4
15:43:44.941	-126.3
15:43:44.953	-121.8
15:43:44.966	-118.1
15:43:44.978	-114.4
15:43:44.986	-111.3
15:43:44.998	-107.7
15:43:45.011	-105.4
15:43:45.019	-104.5
15:43:45.031	-102.5
15:43:45.043	-101.4
15:43:45.052	-100.6
15:43:45.064	-102.2
15:43:45.076	-100.4
15:43:45.084	-99.4
15:43:45.097	-98.0
15:43:45.109	-96.2
15:43:45.117	-94.5
15:43:45.130	-87.8
15:43:45.142	-84.4
15:43:45.154	-81.0
15:43:45.162	-78.7
15:43:45.174	-75.5
15:43:45.187	-73.6
15:43:45.195	-70.9
15:43:45.208	-69.7
15:43:45.220	-69.1
15:43:45.228	-69.0
15:43:45.240	-70.7
15:43:45.253	-71.2
15:43:45.265	-70.1
15:43:45.273	-68.5
15:43:45.285	-67.9
15:43:45.297	-66.2
15:43:45.306	-65.5
15:43:45.318	-63.9
15:43:45.330	-61.6
15:43:45.339	-58.8
15:43:45.351	-59.2
15:43:45.363	-58.7
15:43:45.371	-58.2
15:43:45.384	-57.4
15:43:45.396	-57.1
15:43:45.408	-55.2
15:43:45.416	-54.5
15:43:45.429	-55.6
15:43:45.441	-56.6
15:43:45.449	-56.6
15:43:45.461	-54.1
15:43:45.474	-54.1
15:43:45.482	-53.2
15:43:45.494	-52.9
15:43:45.506	-51.6
15:43:45.515	-55.2
15:43:45.527	-56.7
15:43:45.539	-55.7
15:43:45.547	-53.3
15:43:45.560	-53.6
15:43:45.572	-54.2
15:43:45.584	-54.7
15:43:45.593	-54.3
15:43:45.605	-54.1
15:43:45.617	-53.4
15:43:45.625	-51.9
15:43:45.638	-48.4
15:43:45.650	-48.3
15:43:45.662	-48.8
15:43:45.670	-47.9
15:43:45.683	-46.9
15:43:45.695	-45.1
15:43:45.703	-43.8
15:43:45.715	-41.2
15:43:45.728	-39.1
15:43:45.736	-37.0
15:43:45.748	-36.2
15:43:45.760	-34.0
15:43:45.769	-32.3
15:43:45.781	-30.9
15:43:45.793	-29.8
15:43:45.801	-26.2
15:43:45.814	-24.9
15:43:45.826	-24.0
15:43:45.838	-22.8
15:43:45.846	-19.6
15:43:45.859	-19.4
15:43:45.871	-17.2
15:43:45.879	-16.0
15:43:45.891	-13.2
15:43:45.904	-11.1
15:43:45.916	-10.7
15:43:45.924	-9.7
15:43:45.937	-8.0
15:43:45.949	-7.2
15:43:45.957	-6.8
15:43:45.969	-5.5
15:43:45.982	-3.5
15:43:45.990	-1.1
15:43:46.002	5.2
15:43:46.014	9.9
15:43:46.023	14.5
15:43:46.035	22.0
15:43:46.047	28.7
15:43:46.055	34.0
15:43:46.068	41.7
15:43:46.080	48.3
15:43:46.092	52.8
15:43:46.100	57.9
15:43:46.113	61.3
15:43:46.125	64.2
15:43:46.133	66.6
15:43:46.145	68.9
15:43:46.158	70.6
15:43:46.166	74.2
15:43:46.178	75.9
15:43:46.190	78.6
15:43:46.199	82.1
15:43:46.211	85.1
15:43:46.223	85.8
15:43:46.235	92.3
15:43:46.244	98.2
15:43:46.256	103.6
15:43:46.268	109.6
15:43:46.276	112.2
15:43:46.289	114.7
15:43:46.301	116.8
15:43:46.309	119.8
15:43:46.322	122.4
15:43:46.334	124.1
15:43:46.346	123.9
15:43:46.355	123.0
15:43:46.367	123.3
15:43:46.379	121.3
15:43:46.387	121.8
15:43:46.400	123.3
15:43:46.412	122.7
15:43:46.420	123.5
15:43:46.432	123.2
15:43:46.445	122.8
15:43:46.453	122.6
15:43:46.465	123.8
15:43:46.477	120.8
15:43:46.486	120.5
15:43:46.498	120.2
15:43:46.510	120.0
15:43:46.522	120.8
15:43:46.531	119.8
15:43:46.543	119.4
15:43:46.555	121.1
15:43:46.563	122.1
15:43:46.576	121.0
15:43:46.588	123.1
15:43:46.600	122.0
15:43:46.608	123.3
15:43:46.621	121.4
15:43:46.633	122.1
15:43:46.645	123.4
15:43:46.654	124.2
15:43:46.666	125.4
15:43:46.678	124.7
15:43:46.686	128.1
15:43:46.698	129.7
15:43:46.711	132.0
15:43:46.719	132.3
15:43:46.731	135.8
15:43:46.743	138.2
15:43:46.752	142.5
15:43:46.764	143.9
15:43:46.776	144.6
15:43:46.784	146.5
15:43:46.797	146.2
15:43:46.809	147.8
15:43:46.821	148.4
15:43:46.830	149.4
15:43:46.842	149.0
15:43:46.854	150.0
15:43:46.862	151.5
15:43:46.875	156.3
15:43:46.887	159.6
15:43:46.899	163.3
15:43:46.907	167.2
15:43:46.920	168.7
15:43:46.932	173.9
15:43:46.940	177.8
15:43:46.952	182.2
15:43:46.965	186.1
15:43:46.973	188.5
15:43:46.985	190.7
15:43:46.998	193.3
15:43:47.006	196.2
15:43:47.018	198.3
15:43:47.030	200.8
15:43:47.038	200.3
15:43:47.051	202.3
15:43:47.063	201.6
15:43:47.075	202.8
15:43:47.083	202.1
15:43:47.096	200.7
15:43:47.108	200.2
15:43:47.116	199.0
15:43:47.128	199.8
15:43:47.141	200.8
15:43:47.149	199.9
15:43:47.161	200.8
15:43:47.173	203.6
15:43:47.186	202.1
15:43:47.194	200.4
15:43:47.206	201.6
15:43:47.219	200.6
15:43:47.227	200.8
15:43:47.239	198.7
15:43:47.251	196.2
15:43:47.259	197.7
15:43:47.272	194.1
15:43:47.284	191.1
15:43:47.292	190.0
15:43:47.304	189.3
15:43:47.317	186.3
15:43:47.329	185.0
15:43:47.337	182.0
15:43:47.350	179.2
15:43:47.362	177.5
15:43:47.370	175.3
15:43:47.382	176.2
15:43:47.395	173.7
15:43:47.403	170.6
15:43:47.415	169.2
15:43:47.427	168.1
15:43:47.436	167.7
15:43:47.448	165.2
15:43:47.460	164.8
15:43:47.468	163.0
15:43:47.481	163.0
15:43:47.493	158.7
15:43:47.505	159.2
15:43:47.513	159.1
15:43:47.526	158.3
15:43:47.538	158.4
15:43:47.546	154.7
15:43:47.558	153.4
15:43:47.571	150.2
15:43:47.583	148.1
15:43:47.591	143.2
15:43:47.604	139.7
15:43:47.616	135.9
15:43:47.624	132.1
15:43:47.636	126.8
15:43:47.649	120.9
15:43:47.657	116.4
15:43:47.669	111.4
15:43:47.681	106.0
15:43:47.690	97.8
15:43:47.702	88.9
15:43:47.714	83.2
15:43:47.722	72.7
15:43:47.735	63.8
15:43:47.747	55.5
15:43:47.759	45.9
15:43:47.767	37.9
15:43:47.780	29.3
15:43:47.792	18.9
15:43:47.800	13.4
15:43:47.812	7.1
15:43:47.825	0.1
15:43:47.837	-6.9
15:43:47.845	-13.9
15:43:47.858	-20.7
15:43:47.870	-26.0
15:43:47.878	-33.4
15:43:47.890	-40.7
15:43:47.903	-43.8
15:43:47.911	-50.4
15:43:47.923	-56.9
15:43:47.935	-62.7
15:43:47.944	-64.6
15:43:47.956	-66.0
15:43:47.968	-68.0
15:43:47.976	-69.9
15:43:47.989	-70.0
15:43:48.001	-71.0
15:43:48.013	-73.4
15:43:48.021	-73.8
15:43:48.034	-72.9
15:43:48.046	-73.2
15:43:48.054	-73.8
15:43:48.066	-74.9
15:43:48.079	-77.4
15:43:48.087	-78.4
15:43:48.099	-80.7
15:43:48.111	-83.2
15:43:48.120	-85.4
15:43:48.132	-85.2
15:43:48.144	-87.6
15:43:48.156	-89.1
15:43:48.165	-91.3
15:43:48.177	-94.0
15:43:48.189	-97.9
15:43:48.197	-105.1
15:43:48.210	-112.1
15:43:48.222	-116.4
15:43:48.230	-120.5
15:43:48.242	-127.8
15:43:48.255	-131.6
15:43:48.267	-137.4
15:43:48.276	-143.6
15:43:48.288	-149.0
15:43:48.300	-151.8
15:43:48.308	-151.6
15:43:48.321	-152.7
15:43:48.333	-151.1
15:43:48.341	-152.3
15:43:48.353	-153.1
15:43:48.366	-152.5
15:43:48.374	-151.2
15:43:48.386	-150.1
15:43:48.398	-152.0
15:43:48.407	-152.3
15:43:48.419	-153.8
15:43:48.431	-153.4
15:43:48.443	-156.2
15:43:48.452	-156.0
15:43:48.464	-155.3
15:43:48.476	-157.3
15:43:48.484	-159.8
15:43:48.497	-159.4
15:43:48.509	-157.8
15:43:48.521	-155.8
15:43:48.529	-155.8
15:43:48.542	-154.6
15:43:48.554	-153.9
15:43:48.566	-155.0
15:43:48.575	-158.9
15:43:48.587	-159.4
15:43:48.599	-158.4
15:43:48.607	-160.9
15:43:48.620	-161.7
15:43:48.632	-165.3
15:43:48.640	-166.7
15:43:48.652	-168.8
15:43:48.665	-170.8
15:43:48.673	-171.2
15:43:48.685	-170.2
15:43:48.697	-170.0
15:43:48.706	-169.9
15:43:48.718	-170.4
15:43:48.730	-169.7
15:43:48.742	-168.6
15:43:48.751	-168.1
15:43:48.763	-167.5
15:43:48.775	-166.1
15:43:48.783	-164.9
15:43:48.796	-163.8
15:43:48.808	-164.9
15:43:48.820	-166.9
15:43:48.828	-165.8
15:43:48.841	-165.9
15:43:48.853	-162.1
15:43:48.861	-161.4
15:43:48.873	-160.6
15:43:48.886	-160.0
15:43:48.894	-159.2
15:43:48.906	-158.5
15:43:48.918	-156.4
15:43:48.927	-151.4
15:43:48.938	-148.1
15:43:48.950	-147.8
15:43:48.959	-147.4
15:43:48.971	-145.3
15:43:48.983	-142.7
15:43:48.995	-138.8
15:43:49.004	-137.0
15:43:49.016	-132.7
15:43:49.028	-127.5
15:43:49.036	-125.5
15:43:49.050	-123.6
15:43:49.062	-118.6
15:43:49.070	-118.3
15:43:49.082	-114.4
15:43:49.095	-111.3
15:43:49.107	-111.0
15:43:49.115	-107.5
15:43:49.127	-104.8
15:43:49.140	-104.8
15:43:49.148	-102.7
15:43:49.160	-100.9
15:43:49.172	-98.4
15:43:49.181	-94.7
15:43:49.193	-94.1
15:43:49.205	-92.5
15:43:49.213	-88.7
15:43:49.226	-86.2
15:43:49.238	-84.9
15:43:49.250	-81.6
15:43:49.259	-82.0
15:43:49.271	-79.1
15:43:49.283	-79.5
15:43:49.291	-76.9
15:43:49.304	-73.9
15:43:49.316	-71.8
15:43:49.324	-69.9
15:43:49.336	-68.9
15:43:49.349	-65.7
15:43:49.357	-65.0
15:43:49.369	-59.7
15:43:49.381	-55.8
15:43:49.390	-53.8
15:43:49.402	-52.7
15:43:49.414	-49.7
15:43:49.426	-47.7
15:43:49.435	-46.9
15:43:49.447	-44.9
15:43:49.459	-46.2
15:43:49.467	-42.5
15:43:49.480	-44.6
15:43:49.492	-45.5
15:43:49.504	-44.0
15:43:49.512	-44.0
15:43:49.525	-43.8
15:43:49.537	-42.0
15:43:49.545	-38.3
15:43:49.557	-36.3
15:43:49.570	-31.6
15:43:49.578	-31.6
15:43:49.590	-30.3
15:43:49.603	-29.3
15:43:49.611	-27.3
15:43:49.623	-23.0
15:43:49.635	-23.0
15:43:49.643	-21.9
15:43:49.656	-23.1
15:43:49.668	-19.6
15:43:49.680	-19.5
15:43:49.688	-17.5
15:43:49.701	-14.6
15:43:49.713	-12.3
15:43:49.721	-11.0
15:43:49.733	-11.3
15:43:49.745	-7.9
15:43:49.757	-6.0
15:43:49.766	-1.4
15:43:49.778	2.1
15:43:49.790	7.6
15:43:49.798	12.5
15:43:49.811	17.9
15:43:49.823	22.6
15:43:49.831	29.0
15:43:49.844	34.8
15:43:49.856	39.5
15:43:49.864	45.4
15:43:49.876	49.2
15:43:49.889	51.1
15:43:49.897	52.0
15:43:49.909	54.4
15:43:49.921	55.5
15:43:49.934	58.6
15:43:49.942	60.5
15:43:49.954	62.3
15:43:49.966	64.5
15:43:49.975	65.3
15:43:49.987	69.5
15:43:49.999	71.7
15:43:50.007	73.2
15:43:50.020	74.8
15:43:50.032	76.9
15:43:50.040	75.6
15:43:50.052	78.5
15:43:50.065	77.7
15:43:50.077	77.7
15:43:50.085	79.6
15:43:50.097	75.5
15:43:50.110	76.2
15:43:50.118	75.8
15:43:50.130	74.1
15:43:50.142	74.1
15:43:50.151	73.9
15:43:50.163	72.7
15:43:50.175	75.5
15:43:50.187	75.9
15:43:50.196	75.6
15:43:50.208	77.9
15:43:50.220	76.6
15:43:50.229	77.7
15:43:50.241	78.7
15:43:50.254	82.1
15:43:50.262	85.0
15:43:50.274	85.6
15:43:50.286	86.0
15:43:50.294	87.3
15:43:50.307	89.2
15:43:50.319	91.2
15:43:50.327	93.6
15:43:50.339	96.0
15:43:50.352	100.7
15:43:50.364	103.7
15:43:50.372	108.6
15:43:50.384	113.2
15:43:50.397	118.8
15:43:50.405	124.0
15:43:50.417	127.2
15:43:50.429	130.9
15:43:50.442	132.6
15:43:50.450	135.8
15:43:50.463	138.6
15:43:50.475	140.0
15:43:50.483	141.4
15:43:50.496	143.6
15:43:50.508	145.4
15:43:50.516	147.7
15:43:50.528	151.5
15:43:50.540	153.2
15:43:50.553	155.9
15:43:50.561	158.3
15:43:50.573	158.8
15:43:50.585	160.5
15:43:50.594	161.0
15:43:50.606	161.9
15:43:50.618	161.7
15:43:50.626	163.9
15:43:50.639	163.1
15:43:50.651	165.1
15:43:50.663	164.9
15:43:50.671	164.5
15:43:50.684	164.8
15:43:50.696	164.8
15:43:50.704	165.2
15:43:50.716	161.8
15:43:50.729	161.6
15:43:50.741	158.7
15:43:50.749	160.9
15:43:50.761	160.9
15:43:50.774	168.0
15:43:50.782	175.6
15:43:50.794	180.8
15:43:50.806	186.6
15:43:50.815	192.0
15:43:50.827	200.3
15:43:50.839	206.5
15:43:50.848	212.9
15:43:50.860	216.5
15:43:50.872	220.9
15:43:50.880	219.2
15:43:50.892	219.5
15:43:50.905	220.7
15:43:50.917	219.1
15:43:50.925	218.9
15:43:50.938	218.7
15:43:50.950	219.5
15:43:50.958	218.8
15:43:50.970	216.9
15:43:50.983	214.6
15:43:50.991	215.2
15:43:51.003	214.3
15:43:51.015	213.3
15:43:51.028	211.7
15:43:51.036	210.3
15:43:51.048	209.6
15:43:51.060	206.2
15:43:51.069	203.5
15:43:51.081	201.9
15:43:51.093	201.6
15:43:51.101	198.9
15:43:51.114	195.8
15:43:51.126	192.7
15:43:51.134	190.0
15:43:51.146	188.1
15:43:51.159	184.9
15:43:51.171	183.5
15:43:51.179	181.3
15:43:51.191	177.6
15:43:51.204	175.1
15:43:51.212	172.7
15:43:51.224	169.7
15:43:51.236	167.5
15:43:51.245	165.9
15:43:51.257	162.9
15:43:51.269	158.8
15:43:51.277	155.7
15:43:51.290	154.3
15:43:51.302	152.4
15:43:51.310	148.6
15:43:51.322	144.7
15:43:51.335	140.0
15:43:51.347	135.2
15:43:51.355	130.9
15:43:51.367	127.2
15:43:51.380	124.6
15:43:51.388	118.2
15:43:51.400	110.5
15:43:51.413	105.0
15:43:51.425	98.5
15:43:51.433	90.7
15:43:51.445	83.1
15:43:51.458	73.7
15:43:51.466	67.0
15:43:51.478	57.9
15:43:51.490	48.5
15:43:51.499	41.8
15:43:51.511	34.4
15:43:51.523	24.8
15:43:51.531	15.7
15:43:51.544	9.9
15:43:51.556	3.5
15:43:51.564	-1.3
15:43:51.576	-8.2
15:43:51.589	-16.1
15:43:51.601	-22.8
15:43:51.609	-29.9
15:43:51.621	-36.8
15:43:51.634	-40.3
15:43:51.642	-45.7
15:43:51.654	-51.6
15:43:51.666	-58.2
15:43:51.679	-63.5
15:43:51.687	-68.0
15:43:51.699	-69.6
15:43:51.712	-71.4
15:43:51.720	-76.1
15:43:51.732	-78.9
15:43:51.744	-83.7
15:43:51.753	-84.2
15:43:51.765	-86.7
15:43:51.777	-89.2
15:43:51.785	-93.8
15:43:51.798	-100.5
15:43:51.810	-108.3
15:43:51.818	-114.1
15:43:51.831	-118.9
15:43:51.843	-124.1
15:43:51.855	-126.1
15:43:51.863	-133.3
15:43:51.876	-138.3
15:43:51.888	-141.2
15:43:51.896	-143.5
15:43:51.908	-144.9
15:43:51.921	-144.4
15:43:51.929	-146.2
15:43:51.941	-147.8
15:43:51.953	-148.9
15:43:51.961	-153.2
15:43:51.974	-153.9
15:43:51.986	-155.7
15:43:51.998	-156.0
15:43:52.007	-158.9
15:43:52.019	-160.5
15:43:52.031	-163.2
15:43:52.039	-166.6
15:43:52.052	-167.8
15:43:52.064	-169.6
15:43:52.072	-172.2
15:43:52.084	-174.9
15:43:52.097	-176.3
15:43:52.109	-178.9
15:43:52.117	-180.7
15:43:52.129	-181.8
15:43:52.142	-184.3
15:43:52.150	-185.0
15:43:52.162	-186.5
15:43:52.174	-184.7
15:43:52.183	-184.4
15:43:52.195	-183.6
15:43:52.207	-184.4
15:43:52.215	-186.4
15:43:52.228	-182.7
15:43:52.240	-183.3
15:43:52.248	-181.1
15:43:52.260	-181.7
15:43:52.273	-182.0
15:43:52.285	-185.1
15:43:52.293	-187.7
15:43:52.305	-188.7
15:43:52.318	-189.3
15:43:52.326	-189.7
15:43:52.338	-191.7
15:43:52.350	-190.3
15:43:52.363	-191.7
15:43:52.371	-190.0
15:43:52.383	-189.0
15:43:52.396	-189.5
15:43:52.404	-185.8
15:43:52.416	-182.8
15:43:52.428	-181.0
15:43:52.437	-180.7
15:43:52.449	-178.2
15:43:52.461	-177.2
15:43:52.473	-175.0
15:43:52.482	-173.1
15:43:52.494	-171.7
15:43:52.506	-168.7
15:43:52.514	-167.2
15:43:52.527	-166.3
15:43:52.539	-164.9
15:43:52.547	-160.1
15:43:52.559	-159.2
15:43:52.572	-155.6
15:43:52.584	-152.7
15:43:52.592	-150.5
15:43:52.604	-147.4
15:43:52.617	-144.0
15:43:52.625	-141.1
15:43:52.637	-138.9
15:43:52.649	-134.4
15:43:52.662	-132.6
15:43:52.670	-129.1
15:43:52.682	-127.6
15:43:52.694	-126.2
15:43:52.703	-124.0
15:43:52.715	-119.9
15:43:52.727	-115.9
15:43:52.735	-112.0
15:43:52.748	-108.3
15:43:52.760	-103.4
15:43:52.768	-98.8
15:43:52.780	-95.6
15:43:52.793	-93.5
15:43:52.801	-88.1
15:43:52.813	-84.5
15:43:52.826	-82.9
15:43:52.838	-79.1
15:43:52.846	-76.9
15:43:52.858	-73.4
15:43:52.871	-71.9
15:43:52.879	-69.1
15:43:52.891	-64.9
15:43:52.903	-60.5
15:43:52.911	-58.1
15:43:52.924	-55.8
15:43:52.936	-54.6
15:43:52.948	-53.9
15:43:52.957	-50.8
15:43:52.969	-51.2
15:43:52.981	-50.3
15:43:52.989	-48.2
15:43:53.002	-49.7
15:43:53.014	-47.3
15:43:53.022	-46.4
15:43:53.034	-44.5
15:43:53.047	-40.2
15:43:53.055	-40.0
15:43:53.067	-38.6
15:43:53.079	-35.7
15:43:53.092	-32.2
15:43:53.100	-31.1
15:43:53.112	-27.4
15:43:53.124	-25.0
15:43:53.133	-20.0
15:43:53.145	-16.9
15:43:53.157	-14.3
15:43:53.165	-9.7
15:43:53.178	-5.8
15:43:53.190	-1.2
15:43:53.198	1.5
15:43:53.210	7.8
15:43:53.223	12.8
15:43:53.231	14.3
15:43:53.243	13.9
15:43:53.255	15.7
15:43:53.268	17.2
15:43:53.276	18.0
15:43:53.288	18.1
15:43:53.300	18.1
15:43:53.309	19.9
15:43:53.321	16.9
15:43:53.333	15.8
15:43:53.346	16.6
15:43:53.354	15.6
15:43:53.366	14.4
15:43:53.378	12.7
15:43:53.386	11.7
15:43:53.399	12.9
15:43:53.411	11.6
15:43:53.419	9.0
15:43:53.432	10.8
15:43:53.444	7.2
15:43:53.452	5.4
15:43:53.464	4.0
15:43:53.477	1.6
15:43:53.485	-1.3
15:43:53.497	-4.2
15:43:53.509	-10.1
15:43:53.522	-12.4
15:43:53.530	-17.3
15:43:53.542	-24.1
15:43:53.554	-26.3
15:43:53.563	-30.6
15:43:53.575	-32.5
15:43:53.587	-34.5
15:43:53.599	-36.3
15:43:53.608	-39.5
15:43:53.620	-41.4
15:43:53.632	-44.6
15:43:53.640	-45.3
15:43:53.653	-46.3
15:43:53.665	-48.3
15:43:53.673	-50.4
15:43:53.685	-53.4
15:43:53.698	-54.8
15:43:53.706	-56.0
15:43:53.718	-55.9
15:43:53.730	-56.3
15:43:53.739	-56.9
15:43:53.751	-60.1
15:43:53.763	-65.4
15:43:53.775	-68.6
15:43:53.784	-73.5
15:43:53.797	-77.6
15:43:53.808	-82.7
15:43:53.816	-87.8
15:43:53.829	-92.9
15:43:53.841	-98.7
15:43:53.849	-103.4
15:43:53.861	-106.0
15:43:53.874	-105.1
15:43:53.882	-106.0
15:43:53.894	-104.5
15:43:53.907	-104.9
15:43:53.919	-105.4
15:43:53.927	-103.3
15:43:53.939	-102.4
15:43:53.952	-100.4
15:43:53.960	-98.2
15:43:53.972	-96.1
15:43:53.985	-96.4
15:43:53.993	-97.2
15:43:54.005	-95.8
15:43:54.017	-93.1
15:43:54.030	-90.4
15:43:54.038	-89.6
15:43:54.050	-85.7
15:43:54.062	-83.5
15:43:54.070	-82.0
15:43:54.083	-80.0
15:43:54.095	-76.0
15:43:54.103	-72.0
15:43:54.116	-71.3
15:43:54.128	-70.6
15:43:54.136	-69.3
15:43:54.148	-66.9
15:43:54.161	-66.1
15:43:54.169	-64.6
15:43:54.181	-64.3
15:43:54.194	-63.8
15:43:54.206	-65.3
15:43:54.214	-65.5
15:43:54.226	-65.3
15:43:54.239	-62.7
15:43:54.247	-62.1
15:43:54.259	-61.6
15:43:54.271	-61.1
15:43:54.284	-60.5
15:43:54.292	-58.9
15:43:54.304	-58.3
15:43:54.316	-55.3
15:43:54.325	-54.7
15:43:54.337	-52.9
15:43:54.349	-52.7
15:43:54.357	-50.0
15:43:54.370	-50.4
15:43:54.382	-49.8
15:43:54.390	-50.1
15:43:54.402	-50.4
15:43:54.415	-50.3
15:43:54.423	-51.5
15:43:54.435	-50.1
15:43:54.447	-49.8
15:43:54.460	-50.4
15:43:54.468	-51.4
15:43:54.480	-50.8
15:43:54.492	-50.4
15:43:54.501	-49.0
15:43:54.513	-48.0
15:43:54.525	-45.3
15:43:54.533	-45.5
15:43:54.546	-44.3
15:43:54.558	-42.9
15:43:54.570	-41.8
15:43:54.578	-39.1
15:43:54.591	-37.1
15:43:54.603	-36.1
15:43:54.611	-35.1
15:43:54.623	-33.7
15:43:54.636	-35.6
15:43:54.644	-32.4
15:43:54.656	-32.0
15:43:54.669	-30.9
15:43:54.677	-29.6
15:43:54.689	-28.5
15:43:54.701	-28.4
15:43:54.714	-25.9
15:43:54.722	-25.2
15:43:54.734	-24.5
15:43:54.746	-21.4
15:43:54.759	-20.3
15:43:54.767	-20.2
15:43:54.779	-20.1
15:43:54.791	-17.8
15:43:54.800	-17.1
15:43:54.812	-17.7
15:43:54.824	-18.4
15:43:54.832	-18.3
15:43:54.845	-19.6
15:43:54.857	-20.0
15:43:54.869	-21.4
15:43:54.877	-19.9
15:43:54.890	-19.0
15:43:54.902	-22.2
15:43:54.911	-22.9
15:43:54.923	-20.4
15:43:54.935	-21.4
15:43:54.943	-20.9
15:43:54.956	-19.6
15:43:54.968	-18.8
15:43:54.976	-19.2
15:43:54.988	-21.3
15:43:55.001	-22.7
15:43:55.013	-19.9
15:43:55.021	-21.6
15:43:55.033	-21.7
15:43:55.046	-22.8
15:43:55.054	-24.6
15:43:55.066	-24.0
15:43:55.079	-24.8
15:43:55.087	-23.9
15:43:55.099	-20.9
15:43:55.111	-20.1
15:43:55.119	-21.7
15:43:55.132	-19.0
15:43:55.144	-18.3
15:43:55.152	-16.4
15:43:55.165	-14.9
15:43:55.177	-15.6
15:43:55.189	-15.0
15:43:55.197	-15.8
15:43:55.210	-16.9
15:43:55.222	-16.9
15:43:55.230	-16.1
15:43:55.242	-17.9
15:43:55.255	-19.2
15:43:55.267	-19.2
15:43:55.275	-19.7
15:43:55.287	-18.1
15:43:55.300	-20.2
15:43:55.308	-19.1
15:43:55.320	-18.3
15:43:55.332	-18.6
15:43:55.341	-17.6
15:43:55.353	-15.7
15:43:55.365	-14.5
15:43:55.373	-15.2
15:43:55.386	-13.3
15:43:55.398	-14.5
15:43:55.406	-10.7
15:43:55.419	-9.4
15:43:55.431	-9.1
15:43:55.443	-7.9
15:43:55.451	-7.9
15:43:55.464	-8.2
15:43:55.476	-6.7
15:43:55.484	-3.8
15:43:55.496	-4.1
15:43:55.508	-3.0
15:43:55.521	-3.8
15:43:55.529	-3.3
15:43:55.541	-3.9
15:43:55.554	-2.5
15:43:55.562	-3.9
15:43:55.574	-4.8
15:43:55.586	-6.1
15:43:55.595	-6.3
15:43:55.607	-6.0
15:43:55.619	-5.6
15:43:55.627	-5.3
15:43:55.640	-6.4
15:43:55.652	-6.2
15:43:55.660	-6.0
15:43:55.672	-2.9
15:43:55.685	-1.1
15:43:55.697	0.1
15:43:55.705	-0.6
15:43:55.717	-0.3
15:43:55.730	2.5
15:43:55.738	4.1
15:43:55.750	8.1
15:43:55.763	10.9
15:43:55.771	12.2
15:43:55.783	13.2
15:43:55.795	14.9
15:43:55.803	17.0
15:43:55.816	18.8
15:43:55.828	19.3
15:43:55.840	17.4
15:43:55.849	17.6
15:43:55.861	18.5
15:43:55.873	17.4
15:43:55.881	17.6
15:43:55.894	17.2
15:43:55.906	15.4
15:43:55.914	13.5
15:43:55.926	14.0
15:43:55.939	16.6
15:43:55.951	18.7
15:43:55.959	17.0
15:43:55.971	14.3
15:43:55.984	15.5
15:43:55.992	15.6
15:43:56.004	15.3
15:43:56.016	16.1
15:43:56.025	17.1
15:43:56.037	15.9
15:43:56.049	14.6
15:43:56.057	12.1
15:43:56.070	13.1
15:43:56.082	11.7
15:43:56.090	11.4
15:43:56.102	9.0
15:43:56.115	9.0
15:43:56.127	8.7
15:43:56.135	6.7
15:43:56.148	6.6
15:43:56.160	4.1
15:43:56.168	5.6
15:43:56.180	5.5
15:43:56.192	8.0
15:43:56.205	6.9
15:43:56.213	8.8
15:43:56.225	9.1
15:43:56.238	9.7
15:43:56.246	9.7
15:43:56.258	9.4
15:43:56.270	11.9
15:43:56.278	10.6
15:43:56.291	11.1
15:43:56.303	9.8
15:43:56.311	10.8
15:43:56.324	10.3
15:43:56.336	7.6
15:43:56.344	7.0
15:43:56.356	8.3
15:43:56.369	8.7
15:43:56.381	7.6
15:43:56.389	7.1
15:43:56.401	6.2
15:43:56.414	7.2
15:43:56.422	7.3
15:43:56.434	8.5
15:43:56.446	13.0
15:43:56.455	14.4
15:43:56.467	14.8
15:43:56.479	16.7
15:43:56.491	19.2
15:43:56.500	19.7
15:43:56.512	23.6
15:43:56.524	23.4
15:43:56.532	24.3
15:43:56.545	23.2
15:43:56.557	23.3
15:43:56.565	24.9
15:43:56.577	25.0
15:43:56.590	24.0
15:43:56.598	24.0
15:43:56.610	26.3
15:43:56.622	23.2
15:43:56.635	24.6
15:43:56.643	24.4
15:43:56.655	24.1
15:43:56.667	21.4
15:43:56.680	19.2
15:43:56.688	19.0
15:43:56.700	19.6
15:43:56.713	18.7
15:43:56.721	18.7
15:43:56.733	20.5
15:43:56.745	21.3
15:43:56.754	24.2
15:43:56.766	29.3
15:43:56.778	33.0
15:43:56.790	37.6
15:43:56.799	40.8
15:43:56.811	45.0
15:43:56.823	51.1
15:43:56.831	54.6
15:43:56.844	58.8
15:43:56.856	61.4
15:43:56.864	62.9
15:43:56.876	63.9
15:43:56.889	65.8
15:43:56.897	65.8
15:43:56.909	67.0
15:43:56.921	67.7
15:43:56.934	66.3
15:43:56.942	66.0
15:43:56.954	64.9
15:43:56.966	64.7
15:43:56.975	63.7
15:43:56.987	63.7
15:43:56.999	64.2
15:43:57.008	63.9
15:43:57.020	63.4
15:43:57.032	62.2
15:43:57.040	60.9
15:43:57.053	63.7
15:43:57.065	63.5
15:43:57.073	63.3
15:43:57.085	63.4
15:43:57.098	63.8
15:43:57.110	59.8
15:43:57.118	57.9
15:43:57.130	57.4
15:43:57.143	55.2
15:43:57.151	56.4
15:43:57.163	51.3
15:43:57.175	51.1
15:43:57.188	48.4
15:43:57.196	46.8
15:43:57.208	43.7
15:43:57.220	45.3
15:43:57.229	46.3
15:43:57.241	45.8
15:43:57.253	48.6
15:43:57.261	47.8
15:43:57.274	50.8
15:43:57.286	52.0
15:43:57.294	54.9
15:43:57.306	58.8
15:43:57.319	62.0
15:43:57.327	66.5
15:43:57.339	69.7
15:43:57.351	74.4
15:43:57.364	75.5
15:43:57.372	81.3
15:43:57.384	84.1
15:43:57.396	87.6
15:43:57.405	91.8
15:43:57.417	93.0
15:43:57.429	96.6
15:43:57.442	97.5
15:43:57.450	101.4
15:43:57.462	101.7
15:43:57.474	105.9
15:43:57.482	106.3
15:43:57.495	110.6
15:43:57.507	112.0
15:43:57.515	112.5
15:43:57.528	117.0
15:43:57.540	119.4
15:43:57.548	124.2
15:43:57.560	125.4
15:43:57.573	131.1
15:43:57.581	132.0
15:43:57.593	136.3
15:43:57.605	138.4
15:43:57.618	140.5
15:43:57.626	144.1
15:43:57.638	143.8
15:43:57.650	146.1
15:43:57.659	143.8
15:43:57.671	146.2
15:43:57.683	144.7
15:43:57.691	147.2
15:43:57.704	147.0
15:43:57.716	147.5
15:43:57.724	148.5
15:43:57.736	152.5
15:43:57.749	155.3
15:43:57.761	155.8
15:43:57.769	161.3
15:43:57.781	162.6
15:43:57.794	168.5
15:43:57.802	171.7
15:43:57.814	172.8
15:43:57.827	174.4
15:43:57.835	177.3
15:43:57.847	178.3
15:43:57.859	179.4
15:43:57.871	180.7
15:43:57.880	180.1
15:43:57.892	179.7
15:43:57.904	177.8
15:43:57.912	178.6
15:43:57.925	178.8
15:43:57.937	177.7
15:43:57.945	178.6
15:43:57.957	175.3
15:43:57.970	175.4
15:43:57.978	173.4
15:43:57.990	175.4
15:43:58.003	176.3
15:43:58.011	177.2
15:43:58.023	176.2
15:43:58.035	176.2
15:43:58.048	178.1
15:43:58.056	176.0
15:43:58.068	176.5
15:43:58.080	176.9
15:43:58.088	178.8
15:43:58.101	176.1
15:43:58.113	174.6
15:43:58.125	173.7
15:43:58.134	172.8
15:43:58.146	170.6
15:43:58.158	169.6
15:43:58.166	169.0
15:43:58.179	168.9
15:43:58.191	167.5
15:43:58.199	164.2
15:43:58.211	162.1
15:43:58.224	162.8
15:43:58.232	160.5
15:43:58.244	158.9
15:43:58.256	157.9
15:43:58.265	155.5
15:43:58.277	153.8
15:43:58.289	152.2
15:43:58.301	149.8
15:43:58.310	149.2
15:43:58.322	148.8
15:43:58.334	146.7
15:43:58.342	145.5
15:43:58.355	143.2
15:43:58.367	142.4
15:43:58.375	140.8
15:43:58.387	138.9
15:43:58.400	135.6
15:43:58.412	133.1
15:43:58.424	131.9
15:43:58.432	130.2
15:43:58.445	126.9
15:43:58.457	124.4
15:43:58.465	121.9
15:43:58.478	118.1
15:43:58.490	115.8
15:43:58.498	115.2
15:43:58.510	114.6
15:43:58.522	111.1
15:43:58.531	108.2
15:43:58.543	105.0
15:43:58.555	102.3
15:43:58.563	99.8
15:43:58.576	95.5
15:43:58.588	92.1
15:43:58.596	86.6
15:43:58.609	80.8
15:43:58.621	75.6
15:43:58.633	71.5
15:43:58.641	65.9
15:43:58.654	59.0
15:43:58.666	52.8
15:43:58.674	46.2
15:43:58.686	41.1
15:43:58.699	37.7
15:43:58.711	33.4
15:43:58.719	28.9
15:43:58.731	24.7
15:43:58.744	20.4
15:43:58.752	17.7
15:43:58.764	15.5
15:43:58.776	15.5
15:43:58.785	11.8
15:43:58.797	11.1
15:43:58.809	7.5
15:43:58.817	4.9
15:43:58.830	2.5
15:43:58.842	-1.3
15:43:58.854	-1.2
15:43:58.862	-1.7
15:43:58.875	0.3
15:43:58.887	-3.3
15:43:58.895	-5.2
15:43:58.908	-7.5
15:43:58.920	-9.3
15:43:58.928	-10.0
15:43:58.940	-11.4
15:43:58.952	-12.1
15:43:58.961	-12.9
15:43:58.973	-16.4
15:43:58.985	-21.9
15:43:58.993	-26.4
15:43:59.006	-31.5
15:43:59.018	-39.8
15:43:59.030	-45.6
15:43:59.038	-53.6
15:43:59.051	-60.3
15:43:59.063	-65.9
15:43:59.071	-72.2
15:43:59.084	-78.3
15:43:59.096	-84.2
15:43:59.108	-85.5
15:43:59.116	-86.7
15:43:59.129	-88.3
15:43:59.141	-89.6
15:43:59.149	-91.7
15:43:59.161	-93.7
15:43:59.174	-96.7
15:43:59.182	-98.9
15:43:59.194	-98.7
15:43:59.206	-100.8
15:43:59.215	-103.2
15:43:59.227	-107.3
15:43:59.239	-106.9
15:43:59.247	-110.1
15:43:59.260	-110.8
15:43:59.272	-110.5
15:43:59.284	-111.8
15:43:59.292	-116.0
15:43:59.305	-121.0
15:43:59.317	-120.3
15:43:59.325	-124.4
15:43:59.337	-125.6
15:43:59.350	-130.4
15:43:59.362	-132.2
15:43:59.370	-133.7
15:43:59.382	-138.1
15:43:59.395	-140.6
15:43:59.403	-141.7
15:43:59.415	-142.3
15:43:59.427	-147.4
15:43:59.436	-147.6
15:43:59.448	-149.1
15:43:59.460	-149.1
15:43:59.468	-149.1
15:43:59.481	-148.6
15:43:59.493	-146.3
15:43:59.501	-145.1
15:43:59.514	-143.5
15:43:59.526	-144.2
15:43:59.538	-145.4
15:43:59.546	-147.0
15:43:59.559	-147.1
15:43:59.571	-146.7
15:43:59.579	-148.0
15:43:59.592	-149.7
15:43:59.604	-153.4
15:43:59.612	-155.8
15:43:59.624	-159.0
15:43:59.637	-158.4
15:43:59.645	-158.4
15:43:59.657	-159.3
15:43:59.669	-159.5
15:43:59.682	-161.5
15:43:59.690	-161.6
15:43:59.702	-164.2
15:43:59.714	-163.6
15:43:59.723	-163.2
15:43:59.735	-162.6
15:43:59.747	-165.9
15:43:59.755	-163.7
15:43:59.768	-163.6
15:43:59.780	-166.1
15:43:59.792	-166.4
15:43:59.800	-169.7
15:43:59.813	-170.2
15:43:59.825	-172.4
15:43:59.833	-174.9
15:43:59.845	-178.0
15:43:59.858	-175.9
15:43:59.866	-179.1
15:43:59.878	-179.6
15:43:59.890	-178.6
15:43:59.899	-179.3
15:43:59.911	-177.1
15:43:59.923	-175.8
15:43:59.931	-175.1
15:43:59.944	-172.6
15:43:59.956	-168.8
15:43:59.968	-168.4
15:43:59.976	-165.2
15:43:59.989	-163.1
15:44:00.001	-160.7
15:44:00.009	-157.3
15:44:00.021	-155.3
15:44:00.034	-151.9
15:44:00.046	-149.7
15:44:00.054	-147.0
15:44:00.066	-145.5
15:44:00.079	-144.5
15:44:00.087	-142.1
15:44:00.099	-141.0
15:44:00.111	-138.8
15:44:00.120	-136.5
15:44:00.132	-135.4
15:44:00.144	-133.7
15:44:00.152	-129.4
15:44:00.165	-128.1
15:44:00.177	-125.8
15:44:00.185	-122.9
15:44:00.198	-122.8
15:44:00.210	-120.7
15:44:00.222	-119.7
15:44:00.230	-118.9
15:44:00.243	-114.0
15:44:00.255	-111.1
15:44:00.263	-108.7
15:44:00.275	-104.1
15:44:00.288	-101.2
15:44:00.296	-95.8
15:44:00.308	-91.3
15:44:00.321	-87.5
15:44:00.333	-82.7
15:44:00.341	-78.2
15:44:00.353	-74.9
15:44:00.366	-71.1
15:44:00.374	-67.2
15:44:00.386	-64.7
15:44:00.398	-59.5
15:44:00.407	-57.5
15:44:00.419	-52.6
15:44:00.431	-48.9
15:44:00.439	-46.1
15:44:00.451	-42.6
15:44:00.464	-39.9
15:44:00.476	-36.6
15:44:00.484	-35.2
15:44:00.497	-31.9
15:44:00.509	-31.3
15:44:00.517	-31.2
15:44:00.529	-30.7
15:44:00.542	-30.1
15:44:00.550	-28.8
15:44:00.562	-28.5
15:44:00.574	-27.4
15:44:00.587	-27.1
15:44:00.595	-26.1
15:44:00.607	-26.9
15:44:00.619	-25.3
15:44:00.632	-23.0
15:44:00.640	-23.4
15:44:00.652	-21.8
15:44:00.664	-20.2
15:44:00.673	-18.3
15:44:00.685	-17.5
15:44:00.697	-17.3
15:44:00.705	-15.5
15:44:00.718	-13.8
15:44:00.730	-14.4
15:44:00.738	-14.4
15:44:00.750	-13.6
15:44:00.763	-12.2
15:44:00.775	-10.8
15:44:00.783	-9.4
15:44:00.795	-9.0
15:44:00.808	-6.7
15:44:00.816	-7.2
15:44:00.828	-8.0
15:44:00.840	-6.9
15:44:00.849	-4.2
15:44:00.861	-2.3
15:44:00.873	-1.7
15:44:00.881	-0.2
15:44:00.894	2.3
15:44:00.906	3.6
15:44:00.914	3.3
15:44:00.926	4.3
15:44:00.939	6.9
15:44:00.951	9.7
15:44:00.959	10.1
15:44:00.972	12.6
15:44:00.984	14.7
15:44:00.992	16.4
15:44:01.005	16.7
15:44:01.017	19.0
15:44:01.029	20.4
15:44:01.037	22.8
15:44:01.050	23.0
15:44:01.062	24.0
15:44:01.070	25.5
15:44:01.082	25.8
15:44:01.095	25.5
15:44:01.103	26.8
15:44:01.115	26.2
15:44:01.127	26.9
15:44:01.136	30.4
15:44:01.148	33.9
15:44:01.160	39.1
15:44:01.168	43.7
15:44:01.181	47.4
15:44:01.193	51.3
15:44:01.205	55.8
15:44:01.213	58.3
15:44:01.226	62.4
15:44:01.238	65.5
15:44:01.246	68.3
15:44:01.258	68.8
15:44:01.271	70.3
15:44:01.283	70.5
15:44:01.291	72.4
15:44:01.303	73.3
15:44:01.316	74.9
15:44:01.324	76.2
15:44:01.336	77.2
15:44:01.348	78.2
15:44:01.357	78.9
15:44:01.369	81.8
15:44:01.381	80.8
15:44:01.389	80.2
15:44:01.402	78.6
15:44:01.414	78.4
15:44:01.422	78.7
15:44:01.434	80.1
15:44:01.447	80.9
15:44:01.459	82.0
15:44:01.467	81.5
15:44:01.480	80.4
15:44:01.492	80.1
15:44:01.500	80.2
15:44:01.512	83.0
15:44:01.525	84.6
15:44:01.533	83.8
15:44:01.545	80.1
15:44:01.557	80.9
15:44:01.566	79.0
15:44:01.578	78.2
15:44:01.590	77.7
15:44:01.603	77.2
15:44:01.611	78.0
15:44:01.623	76.2
15:44:01.635	74.6
15:44:01.644	75.6
15:44:01.656	76.8
15:44:01.668	77.5
15:44:01.676	80.8
15:44:01.689	81.4
15:44:01.701	82.8
15:44:01.713	85.0
15:44:01.721	87.3
15:44:01.734	87.8
15:44:01.746	87.3
15:44:01.754	87.4
15:44:01.766	87.5
15:44:01.779	86.5
15:44:01.787	84.1
15:44:01.799	87.6
15:44:01.811	85.6
15:44:01.820	84.5
15:44:01.832	83.0
15:44:01.844	86.1
15:44:01.852	89.7
15:44:01.865	90.8
15:44:01.877	94.8
15:44:01.889	97.7
15:44:01.897	99.6
15:44:01.910	100.4
15:44:01.922	101.9
15:44:01.930	106.5
15:44:01.942	106.6
15:44:01.955	105.3
15:44:01.967	106.7
15:44:01.975	108.0
15:44:01.987	107.4
15:44:02.000	107.7
15:44:02.008	109.1
15:44:02.020	106.3
15:44:02.033	108.9
15:44:02.041	106.6
15:44:02.053	107.5
15:44:02.065	108.2
15:44:02.073	107.8
15:44:02.086	108.3
15:44:02.098	109.8
15:44:02.106	108.8
15:44:02.119	109.9
15:44:02.131	111.7
15:44:02.143	110.7
15:44:02.151	112.1
15:44:02.164	114.3
15:44:02.176	114.9
15:44:02.184	114.3
15:44:02.196	114.5
15:44:02.209	114.5
15:44:02.217	116.1
15:44:02.229	119.3
15:44:02.241	119.4
15:44:02.254	122.6
15:44:02.262	123.5
15:44:02.274	125.1
15:44:02.286	125.8
15:44:02.299	126.7
15:44:02.307	128.3
15:44:02.319	129.9
15:44:02.331	130.2
15:44:02.340	125.8
15:44:02.352	126.2
15:44:02.364	126.9
15:44:02.372	124.9
15:44:02.385	123.0
15:44:02.397	122.1
15:44:02.405	122.1
15:44:02.417	119.0
15:44:02.430	116.6
15:44:02.442	117.8
15:44:02.450	118.4
15:44:02.462	116.1
15:44:02.475	113.5
15:44:02.483	113.9
15:44:02.495	112.2
15:44:02.507	112.0
15:44:02.516	110.7
15:44:02.528	111.5
15:44:02.540	111.3
15:44:02.553	107.3
15:44:02.561	105.5
15:44:02.573	104.9
15:44:02.585	102.8
15:44:02.594	102.9
15:44:02.606	102.9
15:44:02.618	101.4
15:44:02.626	100.8
15:44:02.639	99.6
15:44:02.651	96.9
15:44:02.659	97.2
15:44:02.671	95.9
15:44:02.684	94.6
15:44:02.696	94.3
15:44:02.704	91.7
15:44:02.717	89.2
15:44:02.729	87.5
15:44:02.737	87.0
15:44:02.749	84.9
15:44:02.762	86.6
15:44:02.770	84.8
15:44:02.782	84.5
15:44:02.794	83.7
15:44:02.803	82.7
15:44:02.815	81.6
15:44:02.827	81.8
15:44:02.835	80.1
15:44:02.848	77.1
15:44:02.860	74.7
15:44:02.872	70.2
15:44:02.880	66.5
15:44:02.893	62.8
15:44:02.905	58.7
15:44:02.913	54.7
15:44:02.925	49.7
15:44:02.938	45.0
15:44:02.950	40.3
15:44:02.958	35.6
15:44:02.970	33.4
15:44:02.983	27.4
15:44:02.991	22.2
15:44:03.003	20.9
15:44:03.015	17.4
15:44:03.024	13.8
15:44:03.036	12.2
15:44:03.048	7.5
15:44:03.056	5.9
15:44:03.069	4.3
15:44:03.081	-0.4
15:44:03.089	-1.0
15:44:03.101	-0.5
15:44:03.114	-4.9
15:44:03.126	-7.4
15:44:03.134	-10.8
15:44:03.147	-11.3
15:44:03.159	-12.2
15:44:03.167	-13.5
15:44:03.179	-16.4
15:44:03.192	-16.8
15:44:03.204	-19.1
15:44:03.212	-22.7
15:44:03.224	-23.8
15:44:03.237	-24.6
15:44:03.245	-25.5
15:44:03.257	-29.6
15:44:03.269	-31.5
15:44:03.278	-34.1
15:44:03.290	-35.7
15:44:03.302	-37.3
15:44:03.310	-38.4
15:44:03.323	-39.2
15:44:03.335	-41.4
15:44:03.343	-40.7
15:44:03.355	-42.7
15:44:03.368	-45.1
15:44:03.380	-44.4
15:44:03.388	-46.3
15:44:03.400	-47.0
15:44:03.413	-49.0
15:44:03.421	-49.5
15:44:03.433	-51.8
15:44:03.445	-54.3
15:44:03.454	-59.2
15:44:03.466	-62.0
15:44:03.478	-65.3
15:44:03.486	-71.5
15:44:03.499	-75.1
15:44:03.511	-78.7
15:44:03.523	-82.9
15:44:03.531	-88.1
15:44:03.544	-89.9
15:44:03.556	-93.1
15:44:03.564	-94.9
15:44:03.576	-96.4
15:44:03.589	-96.3
15:44:03.597	-95.7
15:44:03.609	-96.2
15:44:03.622	-98.6
15:44:03.634	-98.5
15:44:03.642	-101.2
15:44:03.654	-102.9
15:44:03.667	-103.6
15:44:03.675	-103.9
15:44:03.687	-105.2
15:44:03.700	-106.4
15:44:03.708	-109.8
15:44:03.720	-112.3
15:44:03.732	-113.9
15:44:03.741	-117.3
15:44:03.753	-116.9
15:44:03.765	-119.9
15:44:03.773	-123.7
15:44:03.786	-128.2
15:44:03.798	-132.0
15:44:03.810	-135.0
15:44:03.818	-137.4
15:44:03.831	-138.9
15:44:03.843	-140.0
15:44:03.851	-140.6
15:44:03.863	-142.2
15:44:03.876	-143.5
15:44:03.888	-144.3
15:44:03.896	-144.2
15:44:03.908	-143.5
15:44:03.921	-144.3
15:44:03.929	-145.3
15:44:03.941	-147.0
15:44:03.953	-148.5
15:44:03.962	-150.1
15:44:03.974	-151.1
15:44:03.986	-151.9
15:44:03.994	-150.3
15:44:04.007	-149.8
15:44:04.019	-149.8
15:44:04.027	-148.7
15:44:04.039	-145.5
15:44:04.052	-144.9
15:44:04.064	-142.9
15:44:04.072	-143.8
15:44:04.084	-142.3
15:44:04.097	-141.7
15:44:04.105	-139.2
15:44:04.117	-138.5
15:44:04.130	-138.9
15:44:04.138	-137.3
15:44:04.150	-136.4
15:44:04.162	-133.4
15:44:04.175	-132.5
15:44:04.183	-129.3
15:44:04.195	-127.2
15:44:04.207	-123.5
15:44:04.216	-123.5
15:44:04.228	-122.3
15:44:04.240	-120.3
15:44:04.252	-120.8
15:44:04.261	-121.4
15:44:04.273	-124.4
15:44:04.285	-124.1
15:44:04.293	-123.4
15:44:04.306	-123.3
15:44:04.318	-122.8
15:44:04.326	-123.0
15:44:04.339	-121.9
15:44:04.351	-121.1
15:44:04.363	-118.8
15:44:04.371	-117.5
15:44:04.384	-112.5
15:44:04.396	-110.1
15:44:04.404	-108.8
15:44:04.416	-106.2
15:44:04.429	-105.2
15:44:04.437	-103.7
15:44:04.449	-102.2
15:44:04.461	-101.2
15:44:04.470	-99.3
15:44:04.482	-97.3
15:44:04.494	-96.9
15:44:04.506	-92.8
15:44:04.515	-90.5
15:44:04.527	-90.3
15:44:04.539	-89.8
15:44:04.548	-88.8
15:44:04.560	-89.0
15:44:04.572	-86.3
15:44:04.580	-86.6
15:44:04.593	-86.8
15:44:04.605	-85.0
15:44:04.617	-86.1
15:44:04.625	-84.3
15:44:04.638	-83.3
15:44:04.650	-81.4
15:44:04.658	-78.0
15:44:04.671	-74.2
15:44:04.683	-70.7
15:44:04.691	-69.0
15:44:04.703	-64.4
15:44:04.716	-64.2
15:44:04.724	-66.1
15:44:04.736	-67.2
15:44:04.749	-65.4
15:44:04.757	-64.1
15:44:04.769	-65.1
15:44:04.781	-65.2
15:44:04.794	-67.2
15:44:04.802	-66.4
15:44:04.814	-69.3
15:44:04.826	-69.0
15:44:04.835	-66.0
15:44:04.847	-64.6
15:44:04.859	-64.6
15:44:04.871	-64.5
15:44:04.880	-60.9
15:44:04.892	-60.5
15:44:04.904	-59.9
15:44:04.912	-59.5
15:44:04.925	-55.5
15:44:04.937	-53.0
15:44:04.945	-52.6
15:44:04.957	-50.7
15:44:04.970	-49.7
15:44:04.978	-48.8
15:44:04.990	-50.0
15:44:05.002	-47.6
15:44:05.011	-44.3
15:44:05.023	-41.8
15:44:05.035	-41.6
15:44:05.047	-40.6
15:44:05.056	-37.1
15:44:05.068	-34.0
15:44:05.080	-33.1
15:44:05.088	-28.2
15:44:05.101	-24.1
15:44:05.113	-23.4
15:44:05.125	-23.8
15:44:05.134	-24.6
15:44:05.146	-22.6
15:44:05.158	-21.5
15:44:05.166	-22.7
15:44:05.179	-24.1
15:44:05.191	-21.9
15:44:05.199	-23.8
15:44:05.211	-25.8
15:44:05.224	-24.8
15:44:05.232	-23.8
15:44:05.244	-21.8
15:44:05.256	-22.8
15:44:05.265	-22.5
15:44:05.277	-20.6
15:44:05.289	-21.8
15:44:05.301	-20.7
15:44:05.310	-19.9
15:44:05.322	-19.3
15:44:05.334	-20.4
15:44:05.342	-18.1
15:44:05.355	-19.0
15:44:05.367	-18.5
15:44:05.375	-19.3
15:44:05.387	-19.2
15:44:05.400	-17.5
15:44:05.408	-17.1
15:44:05.420	-15.3
15:44:05.433	-15.8
15:44:05.445	-13.1
15:44:05.453	-14.6
15:44:05.465	-11.6
15:44:05.477	-10.5
15:44:05.485	-6.3
15:44:05.497	-6.4
15:44:05.509	-4.1
15:44:05.518	-2.2
15:44:05.530	-1.1
15:44:05.542	4.0
15:44:05.555	6.5
15:44:05.563	9.2
15:44:05.575	12.3
15:44:05.587	16.3
15:44:05.596	16.3
15:44:05.608	20.0
15:44:05.620	21.5
15:44:05.628	21.3
15:44:05.641	21.3
15:44:05.653	20.0
15:44:05.661	21.1
15:44:05.674	21.8
15:44:05.686	19.3
15:44:05.694	18.2
15:44:05.706	18.1
15:44:05.719	17.5
15:44:05.731	17.1
15:44:05.739	17.0
15:44:05.751	16.7
15:44:05.764	18.3
15:44:05.772	16.3
15:44:05.784	16.5
15:44:05.796	16.5
15:44:05.809	16.4
15:44:05.817	17.5
15:44:05.829	15.0
15:44:05.841	15.2
15:44:05.850	14.0
15:44:05.862	14.3
15:44:05.874	12.0
15:44:05.882	11.0
15:44:05.895	9.1
15:44:05.907	9.1
15:44:05.915	8.1
15:44:05.927	8.2
15:44:05.940	10.2
15:44:05.948	10.2
15:44:05.960	12.9
15:44:05.972	13.0
15:44:05.985	14.0
15:44:05.993	15.4
15:44:06.005	17.6
15:44:06.017	18.3
15:44:06.026	22.8
15:44:06.038	24.8
15:44:06.050	28.8
15:44:06.058	34.8
15:44:06.071	37.6
15:44:06.083	43.1
15:44:06.095	46.3
15:44:06.103	50.1
15:44:06.116	56.8
15:44:06.128	60.8
15:44:06.136	61.7
15:44:06.148	61.1
15:44:06.161	62.2
15:44:06.169	61.8
15:44:06.181	63.6
15:44:06.194	63.4
15:44:06.202	65.0
15:44:06.214	66.6
15:44:06.226	63.6
15:44:06.239	65.0
15:44:06.247	66.6
15:44:06.259	71.1
15:44:06.271	72.2
15:44:06.280	72.0
15:44:06.292	72.8
15:44:06.304	78.1
15:44:06.312	81.7
15:44:06.325	85.5
15:44:06.337	89.8
15:44:06.345	94.7
15:44:06.357	98.4
15:44:06.370	100.4
15:44:06.382	104.6
15:44:06.394	108.2
15:44:06.402	111.7
15:44:06.415	109.0
15:44:06.427	109.1
15:44:06.435	110.4
15:44:06.448	111.7
15:44:06.460	110.9
15:44:06.468	109.9
15:44:06.480	112.1
15:44:06.493	111.5
15:44:06.501	112.9
15:44:06.513	113.5
15:44:06.525	117.4
15:44:06.538	121.4
15:44:06.546	121.9
15:44:06.558	121.6
15:44:06.570	125.0
15:44:06.579	127.5
15:44:06.591	128.6
15:44:06.603	133.4
15:44:06.611	135.1
15:44:06.624	136.2
15:44:06.636	136.6
15:44:06.644	136.3
15:44:06.657	138.0
15:44:06.669	139.1
15:44:06.677	137.2
15:44:06.690	136.3
15:44:06.702	136.4
15:44:06.714	133.4
15:44:06.722	132.9
15:44:06.735	131.7
15:44:06.747	132.1
15:44:06.755	131.3
15:44:06.767	130.4
15:44:06.780	133.2
15:44:06.792	137.1
15:44:06.800	140.6
15:44:06.812	143.0
15:44:06.825	148.9
15:44:06.833	151.5
15:44:06.845	158.2
15:44:06.857	160.5
15:44:06.866	165.4
15:44:06.878	166.6
15:44:06.890	168.1
15:44:06.898	167.9
15:44:06.911	168.1
15:44:06.923	168.5
15:44:06.931	165.2
15:44:06.943	167.1
15:44:06.956	167.0
15:44:06.968	166.7
15:44:06.976	166.1
15:44:06.988	167.5
15:44:07.001	166.1
15:44:07.009	165.0
15:44:07.021	164.9
15:44:07.033	165.7
15:44:07.046	165.7
15:44:07.054	163.8
15:44:07.066	159.7
15:44:07.079	158.7
15:44:07.087	156.7
15:44:07.099	155.8
15:44:07.111	156.7
15:44:07.120	155.7
15:44:07.132	154.4
15:44:07.144	150.8
15:44:07.152	150.3
15:44:07.165	151.8
15:44:07.177	149.7
15:44:07.185	147.2
15:44:07.197	146.1
15:44:07.210	142.0
15:44:07.222	137.8
15:44:07.230	136.5
15:44:07.242	135.4
15:44:07.255	135.5
15:44:07.263	133.2
15:44:07.275	130.2
15:44:07.287	132.7
15:44:07.296	131.0
15:44:07.308	129.9
15:44:07.320	131.0
15:44:07.328	131.8
15:44:07.341	132.7
15:44:07.353	130.7
15:44:07.365	129.4
15:44:07.373	127.7
15:44:07.386	127.2
15:44:07.398	123.5
15:44:07.406	123.9
15:44:07.418	121.3
15:44:07.431	119.6
15:44:07.439	117.8
15:44:07.451	115.9
15:44:07.464	116.3
15:44:07.476	117.4
15:44:07.484	117.5
15:44:07.496	114.8
15:44:07.509	114.8
15:44:07.517	113.8
15:44:07.529	113.3
15:44:07.541	112.6
15:44:07.549	113.2
15:44:07.562	113.2
15:44:07.574	113.0
15:44:07.582	111.6
15:44:07.595	112.4
15:44:07.607	112.5
15:44:07.615	112.8
15:44:07.627	112.7
15:44:07.640	113.6
15:44:07.652	115.2
15:44:07.660	116.3
15:44:07.672	115.9
15:44:07.685	116.6
15:44:07.693	115.2
15:44:07.705	115.5
15:44:07.717	114.5
15:44:07.730	114.9
15:44:07.738	116.4
15:44:07.750	117.8
15:44:07.762	118.1
15:44:07.771	118.6
15:44:07.783	118.2
15:44:07.795	118.4
15:44:07.803	121.1
15:44:07.816	119.6
15:44:07.828	121.9
15:44:07.836	121.3
15:44:07.848	122.7
15:44:07.861	120.9
15:44:07.869	119.8
15:44:07.881	118.9
15:44:07.893	121.1
15:44:07.906	121.0
15:44:07.914	119.5
15:44:07.927	120.3
15:44:07.938	118.9
15:44:07.947	120.0
15:44:07.959	117.3
15:44:07.971	118.1
15:44:07.979	117.4
15:44:07.992	114.8
15:44:08.004	111.0
15:44:08.016	107.6
15:44:08.024	104.5
15:44:08.037	99.0
15:44:08.049	95.5
15:44:08.057	88.8
15:44:08.069	83.2
15:44:08.082	76.4
15:44:08.090	71.7
15:44:08.102	66.1
15:44:08.115	59.1
15:44:08.123	52.5
15:44:08.135	48.3
15:44:08.147	44.2
15:44:08.160	37.6
15:44:08.168	33.8
15:44:08.180	31.1
15:44:08.192	25.5
15:44:08.200	21.5
15:44:08.213	19.1
15:44:08.225	17.7
15:44:08.233	14.0
15:44:08.246	9.2
15:44:08.258	6.3
15:44:08.266	2.7
15:44:08.279	0.2
15:44:08.291	-2.6
15:44:08.303	-3.3
15:44:08.311	-5.4
15:44:08.324	-7.6
15:44:08.336	-9.8
15:44:08.344	-10.5
15:44:08.356	-11.8
15:44:08.369	-12.4
15:44:08.377	-11.4
15:44:08.389	-13.7
15:44:08.401	-15.5
15:44:08.414	-17.8
15:44:08.422	-20.2
15:44:08.434	-23.9
15:44:08.446	-23.5
15:44:08.459	-24.1
15:44:08.467	-24.9
15:44:08.479	-28.2
15:44:08.491	-30.3
15:44:08.500	-32.2
15:44:08.512	-33.3
15:44:08.524	-32.7
15:44:08.532	-34.7
15:44:08.545	-34.4
15:44:08.557	-37.2
15:44:08.565	-38.6
15:44:08.577	-41.6
15:44:08.590	-41.2
15:44:08.598	-45.8
15:44:08.610	-50.0
15:44:08.623	-55.9
15:44:08.635	-65.8
15:44:08.643	-71.6
15:44:08.655	-79.3
15:44:08.668	-85.9
15:44:08.676	-93.5
15:44:08.688	-99.0
15:44:08.700	-107.6
15:44:08.713	-111.5
15:44:08.721	-114.6
15:44:08.733	-116.7
15:44:08.745	-115.3
15:44:08.754	-116.9
15:44:08.766	-116.5
15:44:08.778	-117.9
15:44:08.787	-117.7
15:44:08.799	-118.5
15:44:08.811	-118.8
15:44:08.819	-118.4
15:44:08.832	-118.3
15:44:08.844	-120.5
15:44:08.852	-122.2
15:44:08.864	-123.1
15:44:08.877	-125.3
15:44:08.889	-126.0
15:44:08.897	-127.9
15:44:08.909	-129.6
15:44:08.922	-130.9
15:44:08.930	-132.4
15:44:08.942	-135.3
15:44:08.955	-135.6
15:44:08.967	-137.0
15:44:08.975	-139.4
15:44:08.987	-138.8
15:44:09.000	-142.4
15:44:09.008	-145.7
15:44:09.020	-147.4
15:44:09.032	-148.6
15:44:09.041	-151.9
15:44:09.053	-155.7
15:44:09.065	-160.0
15:44:09.073	-162.9
15:44:09.086	-164.0
15:44:09.098	-167.6
15:44:09.106	-167.4
15:44:09.118	-165.9
15:44:09.131	-169.7
15:44:09.143	-171.2
15:44:09.151	-170.8
15:44:09.163	-169.8
15:44:09.176	-169.6
15:44:09.184	-169.2
15:44:09.196	-170.4
15:44:09.208	-171.2
15:44:09.217	-171.6
15:44:09.229	-172.5
15:44:09.241	-170.1
15:44:09.249	-169.9
15:44:09.262	-169.3
15:44:09.274	-167.4
15:44:09.286	-164.7
15:44:09.294	-163.4
15:44:09.307	-159.8
15:44:09.319	-158.5
15:44:09.327	-158.1
15:44:09.339	-158.9
15:44:09.352	-158.7
15:44:09.360	-156.2
15:44:09.372	-156.0
15:44:09.384	-153.9
15:44:09.397	-154.1
15:44:09.405	-151.1
15:44:09.417	-150.1
15:44:09.430	-147.0
15:44:09.438	-143.8
15:44:09.450	-140.3
15:44:09.463	-135.6
15:44:09.471	-135.2
15:44:09.483	-131.4
15:44:09.495	-128.2
15:44:09.503	-124.7
15:44:09.516	-123.1
15:44:09.528	-119.9
15:44:09.537	-115.9
15:44:09.549	-113.9
15:44:09.561	-110.5
15:44:09.573	-108.2
15:44:09.582	-103.0
15:44:09.594	-98.9
15:44:09.606	-96.3
15:44:09.614	-91.3
15:44:09.627	-87.5
15:44:09.639	-86.1
15:44:09.651	-86.5
15:44:09.659	-80.9
15:44:09.672	-78.8
15:44:09.684	-75.5
15:44:09.692	-71.4
15:44:09.704	-69.8
15:44:09.717	-66.1
15:44:09.725	-64.2
15:44:09.737	-61.2
15:44:09.749	-55.9
15:44:09.758	-52.0
15:44:09.770	-50.7
15:44:09.782	-45.5
15:44:09.790	-42.1
15:44:09.803	-41.5
15:44:09.815	-39.7
15:44:09.827	-38.5
15:44:09.835	-37.2
15:44:09.848	-33.5
15:44:09.860	-30.2
15:44:09.868	-25.4
15:44:09.881	-21.6
15:44:09.893	-18.7
15:44:09.901	-15.5
15:44:09.913	-11.4
15:44:09.926	-6.4
15:44:09.938	-3.2
15:44:09.946	1.3
15:44:09.958	3.5
15:44:09.971	4.6
15:44:09.979	5.4
15:44:09.991	6.4
15:44:10.003	6.5
15:44:10.012	8.5
15:44:10.024	11.9
15:44:10.036	14.1
15:44:10.044	17.9
15:44:10.057	21.7
15:44:10.069	24.1
15:44:10.081	27.0
15:44:10.089	30.0
15:44:10.102	34.5
15:44:10.114	37.2
15:44:10.122	39.6
15:44:10.134	43.1
15:44:10.147	44.9
15:44:10.155	46.4
15:44:10.167	46.4
15:44:10.179	48.6
15:44:10.188	50.3
15:44:10.200	53.9
15:44:10.212	53.2
15:44:10.225	55.9
15:44:10.233	56.8
15:44:10.245	56.8
15:44:10.257	58.7
15:44:10.265	62.5
15:44:10.278	65.3
15:44:10.290	66.7
15:44:10.298	67.8
15:44:10.310	66.8
15:44:10.323	68.8
15:44:10.335	70.4
15:44:10.343	70.8
15:44:10.355	71.7
15:44:10.368	73.9
15:44:10.380	70.9
15:44:10.388	72.4
15:44:10.401	73.9
15:44:10.413	74.0
15:44:10.421	76.6
15:44:10.433	78.1
15:44:10.446	78.8
15:44:10.454	82.7
15:44:10.466	82.8
15:44:10.478	81.8
15:44:10.487	84.7
15:44:10.499	85.2
15:44:10.511	85.8
15:44:10.519	87.0
15:44:10.532	87.6
15:44:10.544	88.1
15:44:10.556	89.5
15:44:10.564	88.0
15:44:10.577	89.1
15:44:10.589	91.5
15:44:10.597	90.4
15:44:10.609	92.4
15:44:10.622	92.1
15:44:10.634	92.4
15:44:10.642	93.9
15:44:10.655	97.2
15:44:10.667	99.6
15:44:10.675	104.7
15:44:10.687	108.0
15:44:10.699	110.1
15:44:10.708	115.6
15:44:10.720	116.3
15:44:10.732	121.0
15:44:10.740	124.6
15:44:10.753	125.4
15:44:10.765	126.7
15:44:10.773	126.4
15:44:10.785	126.6
15:44:10.798	127.2
15:44:10.810	130.0
15:44:10.818	127.4
15:44:10.831	129.2
15:44:10.843	128.3
15:44:10.851	130.5
15:44:10.863	132.1
15:44:10.876	133.9
15:44:10.888	135.8
15:44:10.896	134.0
15:44:10.908	134.7
15:44:10.921	133.1
15:44:10.929	138.6
15:44:10.941	137.1
15:44:10.954	135.8
15:44:10.962	132.7
15:44:10.974	131.3
15:44:10.986	128.8
15:44:10.995	128.4
15:44:11.007	127.6
15:44:11.019	125.6
15:44:11.027	124.3
15:44:11.039	117.6
15:44:11.052	119.2
15:44:11.064	120.8
15:44:11.072	122.3
15:44:11.085	120.5
15:44:11.097	118.6
15:44:11.105	116.1
15:44:11.117	114.2
15:44:11.130	112.9
15:44:11.138	111.0
15:44:11.150	112.4
15:44:11.162	108.3
15:44:11.171	105.6
15:44:11.183	101.9
15:44:11.195	102.8
15:44:11.207	101.8
15:44:11.216	99.5
15:44:11.228	100.3
15:44:11.240	100.1
15:44:11.248	99.1
15:44:11.261	96.5
15:44:11.273	96.2
15:44:11.281	94.1
15:44:11.293	93.7
15:44:11.306	92.4
15:44:11.318	90.3
15:44:11.326	89.5
15:44:11.338	86.8
15:44:11.351	87.7
15:44:11.359	86.6
15:44:11.371	87.0
15:44:11.383	86.1
15:44:11.392	83.9
15:44:11.404	83.2
15:44:11.416	82.0
15:44:11.424	84.0
15:44:11.437	84.4
15:44:11.449	85.9
15:44:11.457	83.9
15:44:11.469	85.0
15:44:11.482	84.4
15:44:11.494	86.3
15:44:11.502	90.3
15:44:11.515	91.7
15:44:11.527	91.2
15:44:11.535	88.0
15:44:11.547	87.7
15:44:11.560	86.8
15:44:11.572	84.9
15:44:11.580	83.0
15:44:11.592	82.1
15:44:11.605	79.0
15:44:11.613	77.4
15:44:11.625	77.9
15:44:11.637	77.6
15:44:11.646	80.3
15:44:11.658	81.3
15:44:11.670	83.7
15:44:11.678	88.9
15:44:11.691	94.9
15:44:11.703	100.7
15:44:11.711	109.3
15:44:11.723	114.4
15:44:11.736	119.3
15:44:11.748	125.5
15:44:11.756	130.2
15:44:11.768	135.1
15:44:11.781	136.9
15:44:11.789	136.3
15:44:11.801	134.0
15:44:11.814	132.8
15:44:11.822	127.3
15:44:11.834	122.6
15:44:11.846	117.2
15:44:11.859	113.0
15:44:11.867	107.0
15:44:11.879	100.0
15:44:11.891	94.9
15:44:11.900	88.2
15:44:11.912	81.8
15:44:11.924	74.0
15:44:11.932	67.1
15:44:11.945	60.7
15:44:11.957	52.3
15:44:11.965	44.6
15:44:11.977	39.4
15:44:11.990	35.6
15:44:12.002	28.5
15:44:12.010	25.6
15:44:12.022	20.5
15:44:12.035	17.9
15:44:12.043	13.6
15:44:12.055	7.6
15:44:12.067	-0.4
15:44:12.076	-12.6
15:44:12.088	-25.2
15:44:12.100	-37.0
15:44:12.109	-46.1
15:44:12.121	-60.3
15:44:12.132	-71.2
15:44:12.145	-85.8
15:44:12.153	-97.0
15:44:12.165	-106.8
15:44:12.177	-113.0
15:44:12.190	-117.0
15:44:12.198	-121.2
15:44:12.210	-125.5
15:44:12.222	-130.7
15:44:12.231	-134.6
15:44:12.243	-140.0
15:44:12.255	-145.5
15:44:12.263	-151.5
15:44:12.276	-157.1
15:44:12.289	-160.3
15:44:12.300	-165.1
15:44:12.308	-168.1
15:44:12.322	-176.5
15:44:12.334	-182.3
15:44:12.342	-186.1
15:44:12.354	-189.9
15:44:12.367	-191.9
15:44:12.375	-196.5
15:44:12.387	-199.4
15:44:12.399	-203.7
15:44:12.408	-206.7
15:44:12.420	-211.0
15:44:12.432	-210.9
15:44:12.440	-211.9
15:44:12.453	-213.9
15:44:12.465	-215.1
15:44:12.477	-217.2
15:44:12.485	-217.8
15:44:12.498	-218.6
15:44:12.510	-220.0
15:44:12.518	-219.5
15:44:12.530	-218.9
15:44:12.543	-219.1
15:44:12.555	-218.9
15:44:12.564	-220.4
15:44:12.576	-221.3
15:44:12.588	-219.7
15:44:12.596	-218.1
15:44:12.608	-214.5
15:44:12.621	-212.6
15:44:12.629	-210.9
15:44:12.641	-210.9
15:44:12.653	-208.3
15:44:12.662	-206.6
15:44:12.674	-203.9
15:44:12.686	-201.0
15:44:12.694	-199.8
15:44:12.707	-197.8
15:44:12.719	-196.4
15:44:12.731	-193.7
15:44:12.739	-191.2
15:44:12.752	-187.0
15:44:12.764	-185.1
15:44:12.772	-183.1
15:44:12.784	-177.1
15:44:12.797	-173.4
15:44:12.809	-170.1
15:44:12.817	-167.2
15:44:12.829	-165.9
15:44:12.842	-163.8
15:44:12.850	-159.8
15:44:12.862	-157.7
15:44:12.874	-155.0
15:44:12.883	-153.9
15:44:12.895	-152.1
15:44:12.907	-149.6
15:44:12.915	-146.4
15:44:12.928	-143.2
15:44:12.940	-140.3
15:44:12.948	-137.4
15:44:12.960	-137.7
15:44:12.973	-137.2
15:44:12.985	-135.4
15:44:12.993	-130.9
15:44:13.005	-129.9
15:44:13.018	-129.2
15:44:13.026	-126.2
15:44:13.038	-123.1
15:44:13.051	-120.4
15:44:13.059	-117.9
15:44:13.071	-114.0
15:44:13.083	-108.5
15:44:13.092	-103.4
15:44:13.104	-101.0
15:44:13.116	-97.7
15:44:13.128	-93.5
15:44:13.137	-92.9
15:44:13.149	-92.4
15:44:13.161	-89.8
15:44:13.169	-88.1
15:44:13.182	-86.2
15:44:13.194	-84.8
15:44:13.202	-85.1
15:44:13.214	-81.2
15:44:13.227	-79.8
15:44:13.239	-77.3
15:44:13.247	-73.3
15:44:13.259	-67.2
15:44:13.272	-65.3
15:44:13.280	-61.6
15:44:13.292	-58.4
15:44:13.304	-54.5
15:44:13.313	-49.9
15:44:13.325	-48.3
15:44:13.337	-43.2
15:44:13.345	-37.7
15:44:13.358	-34.8
15:44:13.370	-30.7
15:44:13.378	-23.1
15:44:13.390	-15.6
15:44:13.403	-8.1
15:44:13.415	0.8
15:44:13.423	9.8
15:44:13.435	19.4
15:44:13.448	26.2
15:44:13.456	34.3
15:44:13.468	44.9
15:44:13.480	54.9
15:44:13.493	62.4
15:44:13.501	69.9
15:44:13.513	80.9
15:44:13.525	86.7
15:44:13.534	95.5
15:44:13.546	100.7
15:44:13.558	111.1
15:44:13.566	117.0
15:44:13.579	123.7
15:44:13.591	127.2
15:44:13.599	134.0
15:44:13.611	141.3
15:44:13.624	144.5
15:44:13.632	150.9
15:44:13.644	156.6
15:44:13.657	167.5
15:44:13.669	174.8
15:44:13.677	187.3
15:44:13.689	200.0
15:44:13.702	214.3
15:44:13.710	226.9
15:44:13.722	237.6
15:44:13.734	251.4
15:44:13.743	263.9
15:44:13.755	273.3
15:44:13.767	284.6
15:44:13.779	299.8
15:44:13.788	319.2
15:44:13.800	339.6
15:44:13.812	361.0
15:44:13.820	383.3
15:44:13.833	409.2
15:44:13.845	433.6
15:44:13.853	459.6
15:44:13.865	488.8
15:44:13.878	512.8
15:44:13.886	532.2
15:44:13.898	544.2
15:44:13.910	556.3
15:44:13.923	565.2
15:44:13.931	576.4
15:44:13.943	584.1
15:44:13.955	592.9
15:44:13.964	604.0
15:44:13.976	628.1
15:44:13.988	670.8
15:44:13.996	717.5
15:44:14.009	771.4
15:44:14.021	823.1
15:44:14.033	880.0
15:44:14.041	935.3
15:44:14.054	990.6
15:44:14.066	1039.4
15:44:14.078	1085.3
15:44:14.087	1114.2
15:44:14.099	1122.1
15:44:14.111	1126.5
15:44:14.119	1122.5
15:44:14.132	1117.6
15:44:14.144	1107.7
15:44:14.152	1092.9
15:44:14.164	1076.9
15:44:14.177	1062.9
15:44:14.185	1045.4
15:44:14.197	1029.8
15:44:14.209	1014.5
15:44:14.222	995.6
15:44:14.230	976.4
15:44:14.242	954.2
15:44:14.254	930.0
15:44:14.263	906.8
15:44:14.275	882.1
15:44:14.287	852.2
15:44:14.295	823.3
15:44:14.308	787.8
15:44:14.320	753.4
15:44:14.328	715.8
15:44:14.340	675.7
15:44:14.353	636.8
15:44:14.361	590.0
15:44:14.373	541.0
15:44:14.385	491.2
15:44:14.398	443.5
15:44:14.406	391.3
15:44:14.418	334.5
15:44:14.430	276.7
15:44:14.439	223.7
15:44:14.451	175.9
15:44:14.463	126.2
15:44:14.475	88.0
15:44:14.484	49.8
15:44:14.496	14.2
15:44:14.508	-20.8
15:44:14.517	-56.7
15:44:14.529	-83.2
15:44:14.541	-109.5
15:44:14.549	-135.1
15:44:14.561	-161.5
15:44:14.574	-185.1
15:44:14.582	-210.4
15:44:14.594	-232.0
15:44:14.607	-253.0
15:44:14.615	-271.9
15:44:14.627	-281.9
15:44:14.639	-290.6
15:44:14.651	-298.3
15:44:14.660	-309.4
15:44:14.672	-319.5
15:44:14.685	-330.4
15:44:14.693	-338.1
15:44:14.705	-347.4
15:44:14.717	-354.8
15:44:14.730	-361.4
15:44:14.738	-369.2
15:44:14.750	-376.0
15:44:14.762	-380.9
15:44:14.771	-380.1
15:44:14.783	-380.8
15:44:14.795	-376.1
15:44:14.803	-373.7
15:44:14.816	-368.9
15:44:14.828	-362.9
15:44:14.836	-355.8
15:44:14.848	-348.9
15:44:14.861	-342.6
15:44:14.869	-337.0
15:44:14.881	-331.1
15:44:14.893	-323.2
15:44:14.906	-318.7
15:44:14.914	-312.3
15:44:14.926	-307.6
15:44:14.939	-305.2
15:44:14.947	-302.0
15:44:14.959	-299.3
15:44:14.972	-296.9
15:44:14.980	-291.0
15:44:14.992	-287.6
15:44:15.004	-286.0
15:44:15.012	-281.6
15:44:15.025	-278.5
15:44:15.037	-275.1
15:44:15.049	-271.5
15:44:15.058	-267.8
15:44:15.070	-264.4
15:44:15.082	-258.2
15:44:15.090	-256.9
15:44:15.103	-252.6
15:44:15.115	-247.8
15:44:15.123	-245.7
15:44:15.135	-245.6
15:44:15.148	-244.1
15:44:15.160	-241.4
15:44:15.168	-237.6
15:44:15.180	-232.8
15:44:15.193	-232.3
15:44:15.201	-227.9
15:44:15.213	-225.2
15:44:15.225	-222.8
15:44:15.234	-220.2
15:44:15.246	-214.4
15:44:15.258	-208.3
15:44:15.266	-200.2
15:44:15.279	-195.2
15:44:15.291	-188.7
15:44:15.299	-181.9
15:44:15.311	-174.1
15:44:15.324	-168.8
15:44:15.336	-162.2
15:44:15.344	-155.6
15:44:15.356	-150.5
15:44:15.369	-145.4
15:44:15.377	-142.0
15:44:15.389	-138.5
15:44:15.401	-135.2
15:44:15.414	-129.2
15:44:15.422	-127.8
15:44:15.434	-122.4
15:44:15.446	-118.5
15:44:15.455	-117.6
15:44:15.467	-115.6
15:44:15.479	-113.1
15:44:15.487	-113.4
15:44:15.500	-111.6
15:44:15.512	-109.3
15:44:15.520	-110.8
15:44:15.532	-107.4
15:44:15.545	-107.6
15:44:15.553	-105.6
15:44:15.565	-102.5
15:44:15.577	-98.2
15:44:15.590	-95.6
15:44:15.598	-91.7
15:44:15.610	-90.0
15:44:15.623	-91.6
15:44:15.631	-89.9
15:44:15.643	-91.4
15:44:15.655	-89.1
15:44:15.664	-90.3
15:44:15.676	-86.7
15:44:15.688	-89.1
15:44:15.700	-87.8
15:44:15.709	-86.7
15:44:15.721	-86.1
15:44:15.733	-83.5
15:44:15.741	-80.9
15:44:15.754	-78.0
15:44:15.766	-76.2
15:44:15.774	-73.0
15:44:15.786	-72.6
15:44:15.799	-69.1
15:44:15.807	-68.8
15:44:15.819	-67.6
15:44:15.831	-65.7
15:44:15.844	-63.1
15:44:15.852	-61.1
15:44:15.864	-59.4
15:44:15.876	-57.2
15:44:15.885	-56.6
15:44:15.897	-54.6
15:44:15.909	-52.0
15:44:15.917	-51.1
15:44:15.930	-48.9
15:44:15.942	-46.0
15:44:15.950	-44.7
15:44:15.963	-43.0
15:44:15.975	-39.7
15:44:15.987	-38.6
15:44:15.995	-36.3
15:44:16.008	-37.2
15:44:16.020	-37.6
15:44:16.028	-35.0
15:44:16.041	-29.0
15:44:16.053	-21.3
15:44:16.061	-15.7
15:44:16.073	-9.2
15:44:16.086	-4.2
15:44:16.098	0.8
15:44:16.106	7.8
15:44:16.118	18.0
15:44:16.131	24.9
15:44:16.139	31.9
15:44:16.151	32.0
15:44:16.163	32.5
15:44:16.171	34.9
15:44:16.184	38.0
15:44:16.196	40.7
15:44:16.204	44.1
15:44:16.217	45.8
15:44:16.229	45.4
15:44:16.241	48.1
15:44:16.249	49.1
15:44:16.262	54.8
15:44:16.274	62.0
15:44:16.282	71.7
15:44:16.294	80.1
15:44:16.307	90.4
15:44:16.319	100.4
15:44:16.327	109.7
15:44:16.339	119.4
15:44:16.352	129.2
15:44:16.360	139.5
15:44:16.372	146.0
15:44:16.384	150.3
15:44:16.397	153.6
15:44:16.405	155.2
15:44:16.417	155.3
15:44:16.429	156.6
15:44:16.438	161.1
15:44:16.450	162.9
15:44:16.462	167.4
15:44:16.471	171.6
15:44:16.483	177.7
15:44:16.495	183.4
15:44:16.503	188.3
15:44:16.515	196.4
15:44:16.528	201.7
15:44:16.536	207.0
15:44:16.548	208.0
15:44:16.561	210.6
15:44:16.573	213.1
15:44:16.581	213.7
15:44:16.593	212.2
15:44:16.606	212.6
15:44:16.614	211.5
15:44:16.626	206.5
15:44:16.638	206.4
15:44:16.651	204.5
15:44:16.659	205.0
15:44:16.671	204.7
15:44:16.683	200.5
15:44:16.692	199.0
15:44:16.704	198.9
15:44:16.716	194.9
15:44:16.724	192.8
15:44:16.737	190.2
15:44:16.749	187.6
15:44:16.757	186.5
15:44:16.769	184.1
15:44:16.782	181.6
15:44:16.790	180.0
15:44:16.802	178.0
15:44:16.815	176.6
15:44:16.827	175.1
15:44:16.835	174.6
15:44:16.847	175.7
15:44:16.860	175.1
15:44:16.868	178.4
15:44:16.880	189.3
15:44:16.892	206.8
15:44:16.901	226.2
15:44:16.913	247.5
15:44:16.925	271.1
15:44:16.933	295.3
15:44:16.946	314.8
15:44:16.958	337.3
15:44:16.970	356.1
15:44:16.978	370.0
15:44:16.991	376.2
15:44:17.003	376.0
15:44:17.011	376.2
15:44:17.023	373.9
15:44:17.036	367.4
15:44:17.044	360.6
15:44:17.056	358.6
15:44:17.068	350.9
15:44:17.081	348.1
15:44:17.089	345.0
15:44:17.101	345.2
15:44:17.113	344.3
15:44:17.122	340.6
15:44:17.134	336.4
15:44:17.146	332.6
15:44:17.154	331.1
15:44:17.167	325.8
15:44:17.179	323.2
15:44:17.187	316.7
15:44:17.199	312.6
15:44:17.212	304.9
15:44:17.220	301.8
15:44:17.232	298.1
15:44:17.244	296.1
15:44:17.257	294.6
15:44:17.265	292.3
15:44:17.277	292.1
15:44:17.290	291.3
15:44:17.298	294.1
15:44:17.310	293.7
15:44:17.322	293.7
15:44:17.335	290.6
15:44:17.343	288.3
15:44:17.355	287.0
15:44:17.367	286.5
15:44:17.375	289.4
15:44:17.388	294.3
15:44:17.400	298.6
15:44:17.408	302.3
15:44:17.421	309.3
15:44:17.433	316.8
15:44:17.441	322.1
15:44:17.453	330.4
15:44:17.466	334.8
15:44:17.474	341.2
15:44:17.486	343.2
15:44:17.498	338.8
15:44:17.511	335.9
15:44:17.519	329.7
15:44:17.531	322.7
15:44:17.544	315.3
15:44:17.552	310.0
15:44:17.564	303.2
15:44:17.576	298.1
15:44:17.585	287.9
15:44:17.597	279.9
15:44:17.609	274.0
15:44:17.621	268.4
15:44:17.630	263.2
15:44:17.642	258.2
15:44:17.654	253.7
15:44:17.662	248.5
15:44:17.675	244.3
15:44:17.687	239.5
15:44:17.695	237.1
15:44:17.707	232.0
15:44:17.720	229.2
15:44:17.728	225.1
15:44:17.740	225.6
15:44:17.753	221.7
15:44:17.765	218.0
15:44:17.773	217.3
15:44:17.785	213.8
15:44:17.797	213.3
15:44:17.806	210.8
15:44:17.818	209.2
15:44:17.830	209.5
15:44:17.838	210.5
15:44:17.851	208.0
15:44:17.863	211.1
15:44:17.871	210.2
15:44:17.883	207.7
15:44:17.896	206.0
15:44:17.908	204.0
15:44:17.916	204.6
15:44:17.928	207.4
15:44:17.941	210.0
15:44:17.949	211.1
15:44:17.961	212.7
15:44:17.974	211.8
15:44:17.986	214.3
15:44:17.994	218.1
15:44:18.006	221.7
15:44:18.019	222.9
15:44:18.027	222.5
15:44:18.039	219.7
15:44:18.051	214.3
15:44:18.064	211.1
15:44:18.072	207.2
15:44:18.084	201.9
15:44:18.096	197.6
15:44:18.105	193.8
15:44:18.117	189.7
15:44:18.129	187.0
15:44:18.137	183.6
15:44:18.150	180.5
15:44:18.162	176.3
15:44:18.170	171.7
15:44:18.182	168.4
15:44:18.195	167.9
15:44:18.203	162.8
15:44:18.215	157.4
15:44:18.228	151.3
15:44:18.240	145.7
15:44:18.248	139.7
15:44:18.260	133.5
15:44:18.272	128.6
15:44:18.281	123.0
15:44:18.293	115.6
15:44:18.305	110.3
15:44:18.317	106.5
15:44:18.326	100.8
15:44:18.338	98.6
15:44:18.350	94.1
15:44:18.358	89.2
15:44:18.371	86.9
15:44:18.383	85.1
15:44:18.391	83.4
15:44:18.403	83.2
15:44:18.416	80.1
15:44:18.424	78.8
15:44:18.436	78.1
15:44:18.448	74.4
15:44:18.457	73.8
15:44:18.469	73.1
15:44:18.481	69.2
15:44:18.494	63.8
15:44:18.502	58.6
15:44:18.514	54.2
15:44:18.526	48.0
15:44:18.534	41.9
15:44:18.547	35.5
15:44:18.559	28.9
15:44:18.571	17.9
15:44:18.580	7.7
15:44:18.592	-2.0
15:44:18.604	-12.3
15:44:18.612	-23.2
15:44:18.625	-35.5
15:44:18.637	-47.1
15:44:18.645	-57.5
15:44:18.657	-67.6
15:44:18.670	-77.6
15:44:18.678	-83.7
15:44:18.690	-89.4
15:44:18.702	-96.2
15:44:18.711	-102.6
15:44:18.723	-109.5
15:44:18.735	-115.4
15:44:18.747	-119.4
15:44:18.756	-123.8
15:44:18.768	-131.4
15:44:18.780	-137.5
15:44:18.788	-145.7
15:44:18.801	-151.8
15:44:18.813	-158.6
15:44:18.821	-163.8
15:44:18.833	-173.8
15:44:18.846	-185.0
15:44:18.854	-197.9
15:44:18.866	-210.5
15:44:18.878	-221.6
15:44:18.891	-233.7
15:44:18.899	-252.4
15:44:18.911	-272.4
15:44:18.923	-293.9
15:44:18.932	-314.4
15:44:18.944	-329.3
15:44:18.956	-343.2
15:44:18.964	-355.8
15:44:18.977	-367.6
15:44:18.989	-379.7
15:44:19.001	-390.2
15:44:19.009	-393.0
15:44:19.022	-396.8
15:44:19.034	-399.1
15:44:19.042	-403.4
15:44:19.055	-407.0
15:44:19.067	-410.2
15:44:19.075	-415.2
15:44:19.087	-420.9
15:44:19.100	-423.7
15:44:19.108	-428.0
15:44:19.120	-432.9
15:44:19.132	-432.7
15:44:19.140	-434.8
15:44:19.153	-433.7
15:44:19.165	-432.9
15:44:19.177	-429.8
15:44:19.186	-424.4
15:44:19.198	-420.8
15:44:19.210	-416.7
15:44:19.218	-412.8
15:44:19.231	-409.6
15:44:19.243	-410.4
15:44:19.255	-407.2
15:44:19.264	-407.6
15:44:19.276	-407.6
15:44:19.288	-409.6
15:44:19.296	-412.8
15:44:19.308	-414.0
15:44:19.321	-416.2
15:44:19.329	-418.5
15:44:19.341	-421.2
15:44:19.353	-422.8
15:44:19.362	-424.4
15:44:19.374	-424.0
15:44:19.386	-424.3
15:44:19.394	-425.7
15:44:19.407	-425.3
15:44:19.419	-424.6
15:44:19.431	-425.2
15:44:19.439	-425.7
15:44:19.452	-423.4
15:44:19.464	-425.6
15:44:19.472	-423.2
15:44:19.485	-420.8
15:44:19.497	-419.6
15:44:19.505	-417.4
15:44:19.517	-415.4
15:44:19.530	-416.7
15:44:19.542	-415.0
15:44:19.550	-414.3
15:44:19.562	-414.3
15:44:19.575	-411.0
15:44:19.583	-410.1
15:44:19.595	-410.2
15:44:19.607	-406.4
15:44:19.616	-403.9
15:44:19.628	-401.6
15:44:19.640	-397.6
15:44:19.648	-395.3
15:44:19.661	-391.9
15:44:19.673	-388.4
15:44:19.685	-385.1
15:44:19.693	-383.7
15:44:19.706	-381.6
15:44:19.718	-380.3
15:44:19.726	-378.7
15:44:19.738	-378.1
15:44:19.751	-378.0
15:44:19.759	-376.8
15:44:19.771	-374.7
15:44:19.784	-374.4
15:44:19.792	-373.6
15:44:19.804	-373.3
15:44:19.816	-371.9
15:44:19.829	-370.7
15:44:19.837	-369.0
15:44:19.849	-366.3
15:44:19.861	-364.6
15:44:19.870	-362.6
15:44:19.882	-362.3
15:44:19.894	-360.2
15:44:19.906	-358.8
15:44:19.915	-354.3
15:44:19.927	-352.1
15:44:19.939	-350.7
15:44:19.947	-347.5
15:44:19.960	-347.5
15:44:19.972	-344.1
15:44:19.984	-340.7
15:44:19.992	-337.4
15:44:20.005	-334.7
15:44:20.017	-330.5
15:44:20.025	-326.6
15:44:20.037	-323.6
15:44:20.050	-319.0
15:44:20.058	-314.3
15:44:20.070	-308.8
15:44:20.082	-304.0
15:44:20.091	-301.5
15:44:20.103	-296.8
15:44:20.115	-293.5
15:44:20.123	-290.0
15:44:20.136	-286.6
15:44:20.148	-282.2
15:44:20.160	-277.7
15:44:20.169	-276.3
15:44:20.181	-273.7
15:44:20.193	-272.8
15:44:20.202	-267.8
15:44:20.214	-265.7
15:44:20.226	-259.0
15:44:20.238	-252.4
15:44:20.247	-252.4
15:44:20.259	-248.5
15:44:20.271	-246.9
15:44:20.279	-242.1
15:44:20.292	-239.8
15:44:20.304	-233.9
15:44:20.312	-232.7
15:44:20.324	-228.2
15:44:20.337	-225.8
15:44:20.345	-225.1
15:44:20.357	-218.4
15:44:20.370	-215.6
15:44:20.378	-210.1
15:44:20.390	-208.2
15:44:20.402	-201.4
15:44:20.414	-199.1
15:44:20.423	-193.6
15:44:20.435	-189.1
15:44:20.447	-186.8
15:44:20.455	-185.5
15:44:20.468	-181.8
15:44:20.480	-176.5
15:44:20.492	-173.7
15:44:20.500	-169.9
15:44:20.513	-167.0
15:44:20.525	-162.0
15:44:20.534	-158.0
15:44:20.546	-156.3
15:44:20.558	-152.8
15:44:20.566	-146.9
15:44:20.579	-143.5
15:44:20.591	-140.1
15:44:20.599	-137.1
15:44:20.611	-132.1
15:44:20.624	-130.0
15:44:20.632	-128.7
15:44:20.644	-126.2
15:44:20.656	-122.0
15:44:20.669	-120.0
15:44:20.677	-116.8
15:44:20.689	-113.5
15:44:20.701	-109.7
15:44:20.710	-105.5
15:44:20.721	-102.4
15:44:20.733	-98.7
15:44:20.742	-95.8
15:44:20.754	-93.0
15:44:20.766	-91.3
15:44:20.774	-87.3
15:44:20.787	-85.6
15:44:20.799	-81.8
15:44:20.811	-78.2
15:44:20.819	-74.8
15:44:20.832	-70.6
15:44:20.844	-64.8
15:44:20.852	-57.6
15:44:20.864	-53.6
15:44:20.877	-47.2
15:44:20.885	-42.1
15:44:20.897	-34.9
15:44:20.910	-31.6
15:44:20.922	-28.9
15:44:20.930	-26.7
15:44:20.942	-23.9
15:44:20.955	-23.4
15:44:20.963	-21.9
15:44:20.975	-18.5
15:44:20.987	-16.5
15:44:20.996	-13.1
15:44:21.008	-11.1
15:44:21.020	-8.9
15:44:21.028	-7.0
15:44:21.041	-1.7
15:44:21.053	2.3
15:44:21.061	6.3
15:44:21.073	8.5
15:44:21.086	9.6
15:44:21.098	11.4
15:44:21.106	11.1
15:44:21.118	12.9
15:44:21.131	13.7
15:44:21.139	16.0
15:44:21.151	14.7
15:44:21.163	13.6
15:44:21.176	13.4
15:44:21.184	14.1
15:44:21.196	16.2
15:44:21.208	17.2
15:44:21.217	20.9
15:44:21.229	20.0
15:44:21.241	23.1
15:44:21.249	24.2
15:44:21.262	27.4
15:44:21.274	29.1
15:44:21.282	31.1
15:44:21.294	34.1
15:44:21.307	34.8
15:44:21.315	37.7
15:44:21.327	38.9
15:44:21.340	41.9
15:44:21.352	41.8
15:44:21.360	44.5
15:44:21.372	44.0
15:44:21.385	44.5
15:44:21.393	46.0
15:44:21.405	45.8
15:44:21.417	45.8
15:44:21.425	47.1
15:44:21.438	50.2
15:44:21.450	51.6
15:44:21.462	52.7
15:44:21.471	53.2
15:44:21.483	53.7
15:44:21.495	54.9
15:44:21.503	56.8
15:44:21.516	58.7
15:44:21.528	62.6
15:44:21.536	66.3
15:44:21.549	63.3
15:44:21.561	64.4
15:44:21.569	65.1
15:44:21.581	65.4
15:44:21.593	65.6
15:44:21.606	67.0
15:44:21.614	65.8
15:44:21.626	64.5
15:44:21.638	63.4
15:44:21.647	60.6
15:44:21.659	65.9
15:44:21.671	66.2
15:44:21.679	71.2
15:44:21.692	74.5
15:44:21.704	81.5
15:44:21.712	88.6
15:44:21.725	94.4
15:44:21.738	99.9
15:44:21.750	106.9
15:44:21.758	112.4
15:44:21.769	115.2
15:44:21.783	121.4
15:44:21.791	122.9
15:44:21.803	125.7
15:44:21.816	127.2
15:44:21.824	124.0
15:44:21.836	124.8
15:44:21.848	126.4
15:44:21.861	126.4
15:44:21.869	125.9
15:44:21.881	125.1
15:44:21.893	124.4
15:44:21.906	124.0
15:44:21.914	122.0
15:44:21.926	119.1
15:44:21.938	120.4
15:44:21.947	119.3
15:44:21.959	118.0
15:44:21.971	116.4
15:44:21.979	115.3
15:44:21.992	115.8
15:44:22.004	116.0
15:44:22.012	115.9
15:44:22.024	116.6
15:44:22.037	117.9
15:44:22.045	117.7
15:44:22.057	117.7
15:44:22.069	114.8
15:44:22.082	115.7
15:44:22.090	115.7
15:44:22.102	113.7
15:44:22.115	109.1
15:44:22.123	106.8
15:44:22.135	103.3
15:44:22.147	102.4
15:44:22.160	100.2
15:44:22.168	98.9
15:44:22.180	99.2
15:44:22.192	96.8
15:44:22.200	95.7
15:44:22.213	93.9
15:44:22.225	96.0
15:44:22.233	96.9
15:44:22.245	97.7
15:44:22.258	96.8
15:44:22.266	96.3
15:44:22.278	96.3
15:44:22.291	97.3
15:44:22.299	97.7
15:44:22.311	98.0
15:44:22.323	100.2
15:44:22.335	97.6
15:44:22.344	95.4
15:44:22.356	96.5
15:44:22.368	95.4
15:44:22.377	95.4
15:44:22.389	94.5
15:44:22.401	97.2
15:44:22.413	97.7
15:44:22.422	97.6
15:44:22.433	97.5
15:44:22.445	102.6
15:44:22.454	112.2
15:44:22.466	118.6
15:44:22.478	127.4
15:44:22.486	133.2
15:44:22.499	141.9
15:44:22.511	145.4
15:44:22.519	150.2
15:44:22.531	157.1
15:44:22.544	161.5
15:44:22.552	164.2
15:44:22.564	161.6
15:44:22.576	160.5
15:44:22.589	157.7
15:44:22.597	159.5
15:44:22.609	157.4
15:44:22.621	159.0
15:44:22.630	161.9
15:44:22.642	164.7
15:44:22.654	167.3
15:44:22.662	170.1
15:44:22.675	175.4
15:44:22.687	178.1
15:44:22.695	181.2
15:44:22.707	183.4
15:44:22.720	186.2
15:44:22.732	189.1
15:44:22.740	190.7
15:44:22.752	190.3
15:44:22.765	195.2
15:44:22.773	196.3
15:44:22.785	194.6
15:44:22.798	194.9
15:44:22.806	194.9
15:44:22.818	194.9
15:44:22.830	195.3
15:44:22.844	194.5
15:44:22.851	191.1
15:44:22.863	190.0
15:44:22.875	182.5
15:44:22.884	177.9
15:44:22.896	177.3
15:44:22.908	173.9
15:44:22.916	170.9
15:44:22.929	168.5
15:44:22.941	168.6
15:44:22.950	166.4
15:44:22.962	164.7
15:44:22.975	163.4
15:44:22.983	165.5
15:44:22.995	166.9
15:44:23.007	166.0
15:44:23.020	166.6
15:44:23.028	168.3
15:44:23.040	168.6
15:44:23.052	164.6
15:44:23.061	166.7
15:44:23.073	165.4
15:44:23.085	162.8
15:44:23.097	157.3
15:44:23.105	153.1
15:44:23.117	148.0
15:44:23.129	144.4
15:44:23.138	138.6
15:44:23.150	130.6
15:44:23.162	126.1
15:44:23.170	116.6
15:44:23.183	113.7
15:44:23.195	109.3
15:44:23.203	104.2
15:44:23.215	99.8
15:44:23.228	93.9
15:44:23.236	88.7
15:44:23.248	84.0
15:44:23.260	81.7
15:44:23.273	77.3
15:44:23.281	72.3
15:44:23.293	67.1
15:44:23.305	63.2
15:44:23.314	60.5
15:44:23.326	56.3
15:44:23.338	53.2
15:44:23.347	46.1
15:44:23.359	43.1
15:44:23.371	38.5
15:44:23.383	36.8
15:44:23.392	34.6
15:44:23.404	30.7
15:44:23.416	25.7
15:44:23.424	22.7
15:44:23.437	19.5
15:44:23.449	16.7
15:44:23.457	16.6
15:44:23.469	12.8
15:44:23.482	10.7
15:44:23.490	6.5
15:44:23.502	4.4
15:44:23.514	0.8
15:44:23.527	-1.8
15:44:23.535	-3.7
15:44:23.547	-5.0
15:44:23.559	-8.0
15:44:23.568	-10.2
15:44:23.580	-11.8
15:44:23.592	-13.8
15:44:23.600	-17.8
15:44:23.613	-21.6
15:44:23.625	-29.4
15:44:23.633	-39.1
15:44:23.645	-49.7
15:44:23.658	-62.1
15:44:23.670	-73.3
15:44:23.678	-85.3
15:44:23.690	-95.9
15:44:23.703	-105.8
15:44:23.711	-114.4
15:44:23.723	-123.9
15:44:23.736	-126.9
15:44:23.744	-130.1
15:44:23.756	-133.6
15:44:23.768	-136.6
15:44:23.781	-141.5
15:44:23.789	-145.4
15:44:23.801	-150.7
15:44:23.813	-158.4
15:44:23.822	-165.8
15:44:23.834	-174.9
15:44:23.846	-182.8
15:44:23.858	-188.5
15:44:23.867	-194.8
15:44:23.879	-198.3
15:44:23.891	-200.3
15:44:23.899	-202.9
15:44:23.912	-207.7
15:44:23.924	-209.4
15:44:23.932	-214.2
15:44:23.944	-214.9
15:44:23.957	-217.1
15:44:23.965	-221.3
15:44:23.977	-221.7
15:44:23.989	-225.7
15:44:24.002	-226.2
15:44:24.010	-227.6
15:44:24.022	-226.4
15:44:24.035	-227.6
15:44:24.043	-226.9
15:44:24.055	-224.5
15:44:24.067	-223.9
15:44:24.079	-221.8
15:44:24.088	-221.7
15:44:24.100	-220.4
15:44:24.112	-219.9
15:44:24.120	-218.4
15:44:24.133	-219.0
15:44:24.145	-217.1
15:44:24.153	-216.7
15:44:24.166	-219.3
15:44:24.178	-219.6
15:44:24.186	-220.1
15:44:24.198	-221.9
15:44:24.211	-221.2
15:44:24.219	-223.8
15:44:24.231	-224.8
15:44:24.243	-224.1
15:44:24.256	-225.6
15:44:24.264	-222.0
15:44:24.276	-220.4
15:44:24.288	-218.7
15:44:24.297	-216.5
15:44:24.309	-214.7
15:44:24.321	-213.3
15:44:24.334	-209.2
15:44:24.342	-206.3
15:44:24.354	-205.1
15:44:24.366	-202.8
15:44:24.375	-201.0
15:44:24.387	-198.5
15:44:24.399	-196.8
15:44:24.407	-194.9
15:44:24.420	-192.1
15:44:24.432	-190.3
15:44:24.440	-187.8
15:44:24.452	-187.1
15:44:24.465	-181.1
15:44:24.473	-178.4
15:44:24.485	-177.9
15:44:24.497	-177.6
15:44:24.510	-175.6
15:44:24.518	-173.1
15:44:24.530	-170.5
15:44:24.542	-167.5
15:44:24.551	-166.4
15:44:24.563	-162.6
15:44:24.575	-163.9
15:44:24.584	-159.4
15:44:24.596	-156.7
15:44:24.608	-152.1
15:44:24.616	-147.5
15:44:24.628	-143.7
15:44:24.641	-140.9
15:44:24.653	-137.3
15:44:24.661	-132.8
15:44:24.673	-129.8
15:44:24.686	-124.5
15:44:24.695	-123.7
15:44:24.706	-120.0
15:44:24.719	-117.0
15:44:24.727	-115.0
15:44:24.739	-113.5
15:44:24.751	-109.2
15:44:24.764	-107.6
15:44:24.772	-106.7
15:44:24.784	-104.8
15:44:24.797	-103.9
15:44:24.805	-99.9
15:44:24.817	-97.8
15:44:24.829	-94.8
15:44:24.837	-92.1
15:44:24.850	-89.3
15:44:24.862	-88.4
15:44:24.870	-85.1
15:44:24.883	-81.7
15:44:24.895	-79.8
15:44:24.903	-77.8
15:44:24.915	-75.8
15:44:24.928	-75.9
15:44:24.940	-74.3
15:44:24.948	-74.8
15:44:24.960	-74.8
15:44:24.973	-71.2
15:44:24.981	-70.4
15:44:24.993	-69.6
15:44:25.005	-65.8
15:44:25.018	-64.8
15:44:25.026	-65.3
15:44:25.038	-61.4
15:44:25.050	-58.5
15:44:25.059	-55.6
15:44:25.071	-52.3
15:44:25.083	-51.3
15:44:25.091	-49.0
15:44:25.104	-47.3
15:44:25.116	-47.3
15:44:25.124	-45.3
15:44:25.136	-42.6
15:44:25.149	-40.2
15:44:25.157	-40.9
15:44:25.169	-40.4
15:44:25.181	-36.5
15:44:25.194	-35.9
15:44:25.202	-33.2
15:44:25.214	-31.8
15:44:25.226	-30.2
15:44:25.235	-30.3
15:44:25.247	-30.0
15:44:25.259	-30.0
15:44:25.267	-26.7
15:44:25.280	-24.2
15:44:25.292	-27.0
15:44:25.304	-25.3
15:44:25.312	-25.9
15:44:25.325	-23.0
15:44:25.337	-22.9
15:44:25.345	-20.2
15:44:25.358	-17.0
15:44:25.370	-14.1
15:44:25.378	-11.0
15:44:25.390	-6.7
15:44:25.403	-1.0
15:44:25.411	1.0
15:44:25.423	5.0
15:44:25.435	5.1
15:44:25.448	7.8
15:44:25.456	9.5
15:44:25.468	11.7
15:44:25.481	13.9
15:44:25.489	16.2
15:44:25.501	18.1
15:44:25.513	20.0
15:44:25.522	26.2
15:44:25.534	29.2
15:44:25.546	32.8
15:44:25.554	35.6
15:44:25.567	40.5
15:44:25.579	43.6
15:44:25.591	46.8
15:44:25.599	48.8
15:44:25.612	51.1
15:44:25.624	54.6
15:44:25.632	53.5
15:44:25.644	54.2
15:44:25.657	56.9
15:44:25.665	61.9
15:44:25.677	63.5
15:44:25.689	64.2
15:44:25.702	65.3
15:44:25.710	64.5
15:44:25.722	65.7
15:44:25.734	66.3
15:44:25.743	68.4
15:44:25.755	69.6
15:44:25.767	70.7
15:44:25.775	68.0
15:44:25.788	68.8
15:44:25.800	68.8
15:44:25.808	70.7
15:44:25.820	71.3
15:44:25.833	70.9
15:44:25.841	72.1
15:44:25.853	72.4
15:44:25.865	72.9
15:44:25.878	73.2
15:44:25.886	76.2
15:44:25.898	76.4
15:44:25.910	78.4
15:44:25.919	79.0
15:44:25.931	82.7
15:44:25.943	85.4
15:44:25.956	85.9
15:44:25.964	88.4
15:44:25.976	90.7
15:44:25.988	99.9
15:44:26.001	110.1
15:44:26.009	122.8
15:44:26.021	140.7
15:44:26.033	160.4
15:44:26.042	183.4
15:44:26.054	208.2
15:44:26.066	236.4
15:44:26.074	272.9
15:44:26.087	313.4
15:44:26.099	351.9
15:44:26.107	390.0
15:44:26.119	431.9
15:44:26.132	472.3
15:44:26.140	514.5
15:44:26.152	554.9
15:44:26.164	612.5
15:44:26.177	670.3
15:44:26.185	727.1
15:44:26.197	789.6
15:44:26.209	862.2
15:44:26.218	960.3
15:44:26.230	1064.8
15:44:26.242	1177.6
15:44:26.254	1292.1
15:44:26.263	1409.3
15:44:26.275	1512.1
15:44:26.287	1615.5
15:44:26.296	1716.8
15:44:26.308	1819.9
15:44:26.320	1926.2
15:44:26.328	2009.1
15:44:26.341	2080.6
15:44:26.353	2139.8
15:44:26.361	2192.6
15:44:26.373	2239.9
15:44:26.386	2283.1
15:44:26.394	2322.0
15:44:26.406	2354.4
15:44:26.418	2376.3
15:44:26.431	2380.0
15:44:26.439	2380.0
15:44:26.451	2380.0
15:44:26.463	2380.0
15:44:26.472	2380.0
15:44:26.484	2380.0
15:44:26.496	2380.0
15:44:26.504	2380.0
15:44:26.517	2380.0
15:44:26.529	2380.0
15:44:26.537	2380.0
15:44:26.550	2380.0
15:44:26.562	2380.0
15:44:26.574	2380.0
15:44:26.582	2380.0
15:44:26.594	2380.0
15:44:26.607	2380.0
15:44:26.615	2380.0
15:44:26.627	2380.0
15:44:26.640	2380.0
15:44:26.648	2380.0
15:44:26.660	2380.0
15:44:26.672	2380.0
15:44:26.685	2380.0
15:44:26.693	2380.0
15:44:26.705	2380.0
15:44:26.717	2380.0
15:44:26.725	2380.0
15:44:26.738	2380.0
15:44:26.750	2379.0
15:44:26.758	2375.1
15:44:26.771	2369.2
15:44:26.783	2361.1
15:44:26.791	2349.2
15:44:26.803	2335.4
15:44:26.816	2318.9
15:44:26.824	2300.6
15:44:26.836	2278.8
15:44:26.848	2254.5
15:44:26.861	2229.5
15:44:26.869	2203.8
15:44:26.881	2178.2
15:44:26.894	2154.3
15:44:26.902	2131.3
15:44:26.914	2109.2
15:44:26.926	2086.1
15:44:26.939	2063.6
15:44:26.947	2040.6
15:44:26.959	2019.8
15:44:26.971	1997.7
15:44:26.980	1969.6
15:44:26.992	1921.3
15:44:27.004	1848.5
15:44:27.012	1764.4
15:44:27.025	1676.1
15:44:27.037	1572.6
15:44:27.045	1461.5
15:44:27.057	1338.7
15:44:27.070	1199.3
15:44:27.078	1047.2
15:44:27.090	888.4
15:44:27.103	736.9
15:44:27.115	582.6
15:44:27.123	425.0
15:44:27.135	218.5
15:44:27.148	31.3
15:44:27.156	-151.7
15:44:27.168	-326.1
15:44:27.180	-502.4
15:44:27.189	-665.4
15:44:27.201	-815.5
15:44:27.213	-951.8
15:44:27.226	-1066.1
15:44:27.234	-1164.8
15:44:27.246	-1214.7
15:44:27.258	-1267.5
15:44:27.266	-1319.7
15:44:27.279	-1367.0
15:44:27.291	-1399.4
15:44:27.299	-1431.8
15:44:27.311	-1461.7
15:44:27.324	-1489.8
15:44:27.332	-1514.7
15:44:27.344	-1538.5
15:44:27.356	-1559.4
15:44:27.369	-1577.8
15:44:27.377	-1593.0
15:44:27.389	-1606.9
15:44:27.401	-1616.3
15:44:27.410	-1623.8
15:44:27.422	-1628.6
15:44:27.434	-1633.9
15:44:27.442	-1635.5
15:44:27.455	-1635.9
15:44:27.467	-1632.1
15:44:27.475	-1628.8
15:44:27.487	-1623.5
15:44:27.500	-1614.3
15:44:27.512	-1605.4
15:44:27.524	-1594.7
15:44:27.533	-1587.0
15:44:27.545	-1580.3
15:44:27.557	-1574.3
15:44:27.565	-1567.6
15:44:27.578	-1561.6
15:44:27.590	-1553.2
15:44:27.598	-1545.1
15:44:27.610	-1539.0
15:44:27.623	-1529.8
15:44:27.631	-1521.4
15:44:27.643	-1509.9
15:44:27.655	-1496.2
15:44:27.668	-1481.1
15:44:27.676	-1465.7
15:44:27.688	-1449.8
15:44:27.700	-1435.6
15:44:27.709	-1420.2
15:44:27.721	-1403.3
15:44:27.733	-1387.3
15:44:27.742	-1371.7
15:44:27.754	-1358.3
15:44:27.766	-1344.0
15:44:27.775	-1329.5
15:44:27.787	-1315.1
15:44:27.799	-1301.5
15:44:27.808	-1286.5
15:44:27.820	-1271.3
15:44:27.832	-1259.4
15:44:27.844	-1245.2
15:44:27.853	-1232.0
15:44:27.865	-1216.4
15:44:27.877	-1201.3
15:44:27.885	-1187.7
15:44:27.898	-1173.4
15:44:27.910	-1158.9
15:44:27.922	-1146.1
15:44:27.930	-1134.2
15:44:27.943	-1120.1
15:44:27.955	-1110.1
15:44:27.963	-1095.3
15:44:27.976	-1083.5
15:44:27.988	-1072.1
15:44:27.996	-1060.0
15:44:28.008	-1047.8
15:44:28.020	-1035.9
15:44:28.029	-1022.6
15:44:28.041	-1010.0
15:44:28.053	-998.2
15:44:28.062	-984.8
15:44:28.074	-973.3
15:44:28.086	-961.3
15:44:28.098	-949.5
15:44:28.106	-936.9
15:44:28.119	-925.3
15:44:28.131	-912.8
15:44:28.139	-904.4
15:44:28.152	-892.0
15:44:28.164	-881.4
15:44:28.176	-871.6
15:44:28.184	-862.1
15:44:28.197	-851.1
15:44:28.209	-840.3
15:44:28.217	-833.0
15:44:28.229	-825.4
15:44:28.242	-817.5
15:44:28.250	-805.1
15:44:28.262	-798.0
15:44:28.274	-789.4
15:44:28.283	-779.9
15:44:28.295	-771.9
15:44:28.307	-764.0
15:44:28.315	-756.7
15:44:28.328	-746.3
15:44:28.340	-735.5
15:44:28.352	-726.8
15:44:28.360	-719.3
15:44:28.373	-711.2
15:44:28.385	-701.9
15:44:28.393	-694.8
15:44:28.405	-683.9
15:44:28.418	-674.5
15:44:28.426	-664.7
15:44:28.438	-656.3
15:44:28.450	-648.9
15:44:28.459	-640.7
15:44:28.471	-633.6
15:44:28.483	-623.8
15:44:28.495	-614.4
15:44:28.504	-606.1
15:44:28.516	-599.2
15:44:28.528	-589.4
15:44:28.536	-579.8
15:44:28.549	-570.5
15:44:28.561	-562.1
15:44:28.569	-551.5
15:44:28.581	-541.6
15:44:28.594	-533.5
15:44:28.606	-525.0
15:44:28.614	-515.9
15:44:28.626	-508.5
15:44:28.639	-502.9
15:44:28.647	-497.7
15:44:28.659	-491.0
15:44:28.672	-486.6
15:44:28.680	-480.2
15:44:28.692	-473.7
15:44:28.704	-468.1
15:44:28.712	-463.6
15:44:28.725	-457.2
15:44:28.737	-450.7
15:44:28.745	-442.5
15:44:28.758	-434.5
15:44:28.770	-424.4
15:44:28.782	-409.8
15:44:28.790	-394.3
15:44:28.803	-377.3
15:44:28.815	-355.3
15:44:28.823	-332.6
15:44:28.835	-306.1
15:44:28.848	-275.4
15:44:28.860	-245.8
15:44:28.868	-214.4
15:44:28.880	-184.9
15:44:28.893	-154.7
15:44:28.901	-130.2
15:44:28.913	-102.4
15:44:28.925	-78.2
15:44:28.934	-57.1
15:44:28.946	-35.6
15:44:28.958	-21.1
15:44:28.966	-6.4
15:44:28.979	6.2
15:44:28.991	19.0
15:44:28.999	28.9
15:44:29.012	36.7
15:44:29.024	45.3
15:44:29.036	48.3
15:44:29.044	56.7
15:44:29.057	58.7
15:44:29.069	64.0
15:44:29.077	71.4
15:44:29.090	82.5
15:44:29.102	93.3
15:44:29.110	105.9
15:44:29.122	120.1
15:44:29.135	127.8
15:44:29.147	140.2
15:44:29.155	148.6
15:44:29.167	158.4
15:44:29.180	166.8
15:44:29.188	169.6
15:44:29.200	169.3
15:44:29.212	168.7
15:44:29.221	164.3
15:44:29.233	162.5
15:44:29.245	161.1
15:44:29.253	160.1
15:44:29.266	161.1
15:44:29.278	157.7
15:44:29.290	155.8
15:44:29.298	155.7
15:44:29.311	153.9
15:44:29.323	151.8
15:44:29.331	150.6
15:44:29.343	148.7
15:44:29.356	147.4
15:44:29.364	144.4
15:44:29.376	141.2
15:44:29.388	142.6
15:44:29.397	139.5
15:44:29.409	140.6
15:44:29.421	139.5
15:44:29.433	136.9
15:44:29.442	137.0
15:44:29.454	132.7
15:44:29.466	133.9
15:44:29.475	135.7
15:44:29.487	136.4
15:44:29.499	135.4
15:44:29.507	140.2
15:44:29.519	143.7
15:44:29.532	165.0
15:44:29.544	189.9
15:44:29.552	215.9
15:44:29.565	250.4
15:44:29.577	283.9
15:44:29.585	320.5
15:44:29.597	356.3
15:44:29.610	393.9
15:44:29.618	427.3
15:44:29.630	458.4
15:44:29.642	474.5
15:44:29.650	485.6
15:44:29.663	494.1
15:44:29.675	497.7
15:44:29.683	498.0
15:44:29.696	493.5
15:44:29.708	487.6
15:44:29.720	478.8
15:44:29.728	470.6
15:44:29.741	460.7
15:44:29.753	449.0
15:44:29.765	439.9
15:44:29.773	428.0
15:44:29.785	415.0
15:44:29.797	402.1
15:44:29.805	390.9
15:44:29.819	380.9
15:44:29.831	371.3
15:44:29.843	361.3
15:44:29.851	354.1
15:44:29.864	346.4
15:44:29.876	337.1
15:44:29.884	329.2
15:44:29.896	322.0
15:44:29.909	315.0
15:44:29.917	307.7
15:44:29.929	303.0
15:44:29.941	297.1
15:44:29.950	289.9
15:44:29.962	281.7
15:44:29.974	274.4
15:44:29.982	268.2
15:44:29.995	262.1
15:44:30.007	254.8
15:44:30.019	249.2
15:44:30.027	245.1
15:44:30.040	238.9
15:44:30.052	234.8
15:44:30.060	230.6
15:44:30.073	225.3
15:44:30.085	221.1
15:44:30.097	213.8
15:44:30.105	210.0
15:44:30.117	206.7
15:44:30.130	204.6
15:44:30.138	198.4
15:44:30.150	193.8
15:44:30.163	187.4
15:44:30.171	181.8
15:44:30.183	176.1
15:44:30.195	169.8
15:44:30.204	167.7
15:44:30.216	161.0
15:44:30.228	154.5
15:44:30.236	143.3
15:44:30.249	133.1
15:44:30.260	117.7
15:44:30.272	104.2
15:44:30.280	95.0
15:44:30.293	84.6
15:44:30.305	74.9
15:44:30.314	63.3
15:44:30.326	52.4
15:44:30.339	42.6
15:44:30.347	34.8
15:44:30.359	26.5
15:44:30.371	24.2
15:44:30.380	19.3
15:44:30.392	9.6
15:44:30.404	3.3
15:44:30.417	-6.4
15:44:30.425	-13.8
15:44:30.437	-21.9
15:44:30.449	-33.2
15:44:30.458	-46.9
15:44:30.470	-62.0
15:44:30.482	-86.8
15:44:30.490	-111.3
15:44:30.503	-135.5
15:44:30.515	-162.1
15:44:30.527	-184.2
15:44:30.535	-208.6
15:44:30.548	-232.8
15:44:30.560	-254.9
15:44:30.568	-274.3
15:44:30.580	-292.0
15:44:30.593	-301.5
15:44:30.601	-307.1
15:44:30.613	-313.6
15:44:30.625	-319.6
15:44:30.634	-326.0
15:44:30.646	-330.9
15:44:30.658	-334.3
15:44:30.666	-337.9
15:44:30.679	-342.9
15:44:30.691	-344.8
15:44:30.703	-351.3
15:44:30.711	-356.9
15:44:30.724	-359.6
15:44:30.736	-361.4
15:44:30.744	-362.9
15:44:30.757	-365.9
15:44:30.769	-367.0
15:44:30.781	-367.0
15:44:30.789	-367.3
15:44:30.801	-370.1
15:44:30.814	-367.9
15:44:30.822	-367.7
15:44:30.834	-370.0
15:44:30.847	-378.4
15:44:30.855	-387.6
15:44:30.867	-395.8
15:44:30.879	-405.4
15:44:30.887	-415.6
15:44:30.900	-423.9
15:44:30.912	-431.5
15:44:30.920	-440.3
15:44:30.933	-449.0
15:44:30.945	-455.4
15:44:30.957	-455.2
15:44:30.965	-452.9
15:44:30.978	-454.3
15:44:30.990	-453.0
15:44:30.998	-452.6
15:44:31.010	-451.2
15:44:31.023	-450.5
15:44:31.031	-448.8
15:44:31.043	-448.4
15:44:31.055	-447.1
15:44:31.068	-447.7
15:44:31.076	-450.6
15:44:31.088	-450.3
15:44:31.100	-454.9
15:44:31.109	-459.2
15:44:31.121	-464.0
15:44:31.133	-465.9
15:44:31.141	-468.4
15:44:31.154	-469.0
15:44:31.166	-472.0
15:44:31.174	-473.8
15:44:31.186	-471.6
15:44:31.199	-470.4
15:44:31.211	-465.9
15:44:31.219	-460.4
15:44:31.231	-455.3
15:44:31.244	-451.5
15:44:31.252	-447.8
15:44:31.264	-445.0
15:44:31.276	-437.3
15:44:31.285	-432.1
15:44:31.297	-426.8
15:44:31.309	-419.8
15:44:31.317	-415.1
15:44:31.330	-409.5
15:44:31.342	-405.8
15:44:31.354	-402.0
15:44:31.362	-396.3
15:44:31.375	-391.0
15:44:31.387	-388.5
15:44:31.395	-383.5
15:44:31.408	-379.9
15:44:31.420	-376.4
15:44:31.428	-371.5
15:44:31.440	-367.4
15:44:31.453	-362.4
15:44:31.465	-356.8
15:44:31.473	-353.9
15:44:31.485	-348.7
15:44:31.498	-346.9
15:44:31.506	-343.0
15:44:31.518	-340.5
15:44:31.530	-335.8
15:44:31.539	-331.8
15:44:31.551	-329.8
15:44:31.563	-326.1
15:44:31.571	-323.6
15:44:31.584	-318.6
15:44:31.596	-314.3
15:44:31.604	-306.6
15:44:31.616	-301.1
15:44:31.629	-295.2
15:44:31.641	-292.9
15:44:31.649	-288.3
15:44:31.661	-283.7
15:44:31.674	-280.8
15:44:31.686	-274.5
15:44:31.694	-271.5
15:44:31.706	-268.3
15:44:31.719	-265.7
15:44:31.727	-261.8
15:44:31.739	-259.6
15:44:31.751	-256.3
15:44:31.764	-254.8
15:44:31.772	-249.2
15:44:31.784	-244.2
15:44:31.796	-242.6
15:44:31.805	-240.4
15:44:31.817	-235.5
15:44:31.829	-232.0
15:44:31.837	-229.1
15:44:31.850	-226.1
15:44:31.862	-222.3
15:44:31.870	-220.0
15:44:31.882	-218.0
15:44:31.895	-213.8
15:44:31.903	-210.5
15:44:31.915	-205.5
15:44:31.927	-205.9
15:44:31.940	-203.0
15:44:31.948	-198.2
15:44:31.960	-194.7
15:44:31.973	-191.4
15:44:31.981	-186.1
15:44:31.993	-183.2
15:44:32.005	-182.4
15:44:32.018	-179.7
15:44:32.026	-176.6
15:44:32.038	-172.8
15:44:32.050	-166.5
15:44:32.059	-161.6
15:44:32.071	-154.5
15:44:32.083	-148.7
15:44:32.091	-140.6
15:44:32.104	-133.9
15:44:32.116	-128.6
15:44:32.124	-122.1
15:44:32.136	-118.6
15:44:32.149	-112.5
15:44:32.157	-110.2
15:44:32.169	-108.6
15:44:32.181	-107.0
15:44:32.194	-103.1
15:44:32.202	-103.5
15:44:32.214	-103.3
15:44:32.226	-97.5
15:44:32.235	-94.6
15:44:32.247	-89.7
15:44:32.259	-88.1
15:44:32.267	-85.8
15:44:32.280	-83.4
15:44:32.292	-79.8
15:44:32.300	-80.3
15:44:32.312	-78.3
15:44:32.325	-74.7
15:44:32.337	-75.4
15:44:32.345	-75.1
15:44:32.357	-72.9
15:44:32.370	-70.2
15:44:32.378	-68.4
15:44:32.390	-65.8
15:44:32.403	-66.0
15:44:32.411	-63.3
15:44:32.423	-61.0
15:44:32.435	-62.4
15:44:32.448	-61.7
15:44:32.456	-60.6
15:44:32.468	-61.7
15:44:32.480	-62.5
15:44:32.489	-62.5
15:44:32.501	-63.6
15:44:32.513	-63.2
15:44:32.521	-63.3
15:44:32.534	-63.7
15:44:32.546	-61.4
15:44:32.554	-60.2
15:44:32.566	-59.4
15:44:32.579	-57.1
15:44:32.587	-55.7
15:44:32.599	-54.9
15:44:32.611	-54.1
15:44:32.624	-55.3
15:44:32.632	-53.7
15:44:32.644	-53.0
15:44:32.656	-52.0
15:44:32.665	-52.7
15:44:32.677	-50.9
15:44:32.689	-51.9
15:44:32.701	-51.5
15:44:32.710	-49.7
15:44:32.722	-49.1
15:44:32.734	-48.0
15:44:32.742	-49.9
15:44:32.755	-48.7
15:44:32.767	-46.7
15:44:32.775	-45.6
15:44:32.787	-47.1
15:44:32.800	-45.4
15:44:32.808	-44.9
15:44:32.820	-46.6
15:44:32.833	-46.9
15:44:32.841	-47.2
15:44:32.853	-45.4
15:44:32.865	-47.7
15:44:32.878	-48.1
15:44:32.886	-48.2
15:44:32.898	-49.0
15:44:32.911	-50.6
15:44:32.919	-51.1
15:44:32.931	-49.2
15:44:32.944	-50.3
15:44:32.952	-49.0
15:44:32.964	-50.0
15:44:32.976	-49.1
15:44:32.989	-52.8
15:44:32.997	-54.9
15:44:33.009	-54.5
15:44:33.021	-56.1
15:44:33.030	-57.8
15:44:33.042	-61.2
15:44:33.054	-62.6
15:44:33.062	-64.4
15:44:33.075	-67.1
15:44:33.087	-69.7
15:44:33.095	-71.1
15:44:33.107	-71.1
15:44:33.120	-73.4
15:44:33.132	-75.1
15:44:33.140	-75.9
15:44:33.152	-78.3
15:44:33.165	-79.4
15:44:33.173	-80.7
15:44:33.185	-81.4
15:44:33.197	-83.2
15:44:33.205	-84.0
15:44:33.217	-86.8
15:44:33.229	-87.1
15:44:33.238	-88.0
15:44:33.250	-89.0
15:44:33.262	-90.2
15:44:33.274	-91.2
15:44:33.283	-94.5
15:44:33.295	-96.5
15:44:33.307	-97.1
15:44:33.315	-99.0
15:44:33.328	-98.6
15:44:33.340	-100.4
15:44:33.348	-99.3
15:44:33.360	-100.0
15:44:33.373	-100.4
15:44:33.385	-100.6
15:44:33.393	-99.6
15:44:33.405	-100.2
15:44:33.418	-99.1
15:44:33.426	-97.2
15:44:33.438	-95.7
15:44:33.451	-94.9
15:44:33.459	-98.4
15:44:33.471	-100.4
15:44:33.483	-102.3
15:44:33.492	-107.7
15:44:33.504	-110.5
15:44:33.516	-113.4
15:44:33.524	-118.2
15:44:33.537	-124.1
15:44:33.549	-127.7
15:44:33.561	-132.4
15:44:33.569	-132.7
15:44:33.582	-134.4
15:44:33.594	-132.7
15:44:33.602	-130.1
15:44:33.614	-131.4
15:44:33.628	-130.7
15:44:33.640	-129.2
15:44:33.648	-126.9
15:44:33.660	-127.0
15:44:33.673	-125.9
15:44:33.685	-126.6
15:44:33.693	-124.6
15:44:33.705	-126.5
15:44:33.718	-127.4
15:44:33.726	-126.4
15:44:33.738	-123.7
15:44:33.750	-123.5
15:44:33.759	-123.1
15:44:33.770	-122.4
15:44:33.782	-121.4
15:44:33.791	-118.8
15:44:33.803	-119.3
15:44:33.815	-117.0
15:44:33.823	-114.8
15:44:33.836	-113.0
15:44:33.848	-112.5
15:44:33.860	-112.0
15:44:33.868	-110.4
15:44:33.881	-109.1
15:44:33.893	-106.4
15:44:33.901	-105.5
15:44:33.913	-104.3
15:44:33.926	-103.3
15:44:33.938	-103.0
15:44:33.946	-101.6
15:44:33.958	-99.3
15:44:33.971	-96.6
15:44:33.979	-94.1
15:44:33.991	-91.2
15:44:34.003	-90.2
15:44:34.012	-86.8
15:44:34.024	-82.9
15:44:34.036	-79.8
15:44:34.044	-74.8
15:44:34.057	-70.7
15:44:34.069	-69.1
15:44:34.077	-66.1
15:44:34.089	-62.8
15:44:34.102	-62.4
15:44:34.114	-59.8
15:44:34.122	-58.9
15:44:34.135	-58.6
15:44:34.147	-55.8
15:44:34.155	-52.6
15:44:34.167	-50.1
15:44:34.180	-47.4
15:44:34.188	-44.0
15:44:34.200	-43.0
15:44:34.212	-38.4
15:44:34.221	-35.0
15:44:34.233	-30.4
15:44:34.245	-26.9
15:44:34.257	-24.3
15:44:34.266	-24.9
15:44:34.278	-24.3
15:44:34.290	-23.4
15:44:34.298	-23.3
15:44:34.311	-21.0
15:44:34.323	-22.9
15:44:34.331	-23.5
15:44:34.343	-23.8
15:44:34.356	-23.4
15:44:34.368	-25.6
15:44:34.376	-25.3
15:44:34.389	-23.6
15:44:34.401	-22.4
15:44:34.409	-20.3
15:44:34.421	-19.5
15:44:34.434	-17.8
15:44:34.442	-15.9
15:44:34.454	-15.5
15:44:34.466	-15.5
15:44:34.475	-14.6
15:44:34.487	-13.7
15:44:34.499	-13.5
15:44:34.507	-13.4
15:44:34.520	-14.9
15:44:34.532	-14.1
15:44:34.544	-12.6
15:44:34.552	-11.7
15:44:34.565	-13.5
15:44:34.577	-11.6
15:44:34.585	-8.0
15:44:34.597	-6.6
15:44:34.610	-4.6
15:44:34.622	-3.9
15:44:34.630	-0.5
15:44:34.642	0.5
15:44:34.655	1.3
15:44:34.663	2.1
15:44:34.675	5.6
15:44:34.687	7.2
15:44:34.696	6.4
15:44:34.708	6.4
15:44:34.720	4.7
15:44:34.728	5.1
15:44:34.741	4.4
15:44:34.753	3.8
15:44:34.761	4.1
15:44:34.773	7.2
15:44:34.786	8.2
15:44:34.798	11.0
15:44:34.806	12.3
15:44:34.819	14.8
15:44:34.831	19.1
15:44:34.839	21.5
15:44:34.851	23.5
15:44:34.864	26.4
15:44:34.872	29.0
15:44:34.884	27.9
15:44:34.896	28.8
15:44:34.909	29.7
15:44:34.917	30.9
15:44:34.929	33.0
15:44:34.941	32.9
15:44:34.950	36.5
15:44:34.962	37.3
15:44:34.974	38.5
15:44:34.982	40.0
15:44:34.995	41.2
15:44:35.007	42.3
15:44:35.015	42.5
15:44:35.027	44.5
15:44:35.040	44.3
15:44:35.052	45.7
15:44:35.060	46.4
15:44:35.072	48.4
15:44:35.085	48.5
15:44:35.093	49.5
15:44:35.106	49.9
15:44:35.119	49.0
15:44:35.126	48.8
15:44:35.138	49.2
15:44:35.151	50.4
15:44:35.159	49.5
15:44:35.172	47.9
15:44:35.184	47.2
15:44:35.196	47.0
15:44:35.204	44.2
15:44:35.217	43.7
15:44:35.229	46.2
15:44:35.237	46.2
15:44:35.250	44.9
15:44:35.262	44.0
15:44:35.270	45.8
15:44:35.282	45.4
15:44:35.295	49.4
15:44:35.307	53.9
15:44:35.315	59.4
15:44:35.327	63.7
15:44:35.340	66.5
15:44:35.348	71.1
15:44:35.360	75.6
15:44:35.372	79.6
15:44:35.381	82.6
15:44:35.393	85.6
15:44:35.405	84.2
15:44:35.413	85.1
15:44:35.426	84.3
15:44:35.438	85.1
15:44:35.446	82.9
15:44:35.458	82.5
15:44:35.471	82.0
15:44:35.483	81.4
15:44:35.491	80.8
15:44:35.503	80.6
15:44:35.516	80.4
15:44:35.524	77.3
15:44:35.536	77.7
15:44:35.548	75.2
15:44:35.561	76.4
15:44:35.569	76.9
15:44:35.581	75.9
15:44:35.593	74.6
15:44:35.602	75.2
15:44:35.614	75.8
15:44:35.626	75.2
15:44:35.634	76.4
15:44:35.647	74.9
15:44:35.659	75.5
15:44:35.667	73.5
15:44:35.679	70.9
15:44:35.692	72.0
15:44:35.700	73.2
15:44:35.712	72.6
15:44:35.725	72.5
15:44:35.737	73.5
15:44:35.745	75.3
15:44:35.757	82.2
15:44:35.770	87.4
15:44:35.778	93.3
15:44:35.790	99.8
15:44:35.802	104.7
15:44:35.815	111.9
15:44:35.823	116.5
15:44:35.835	122.9
15:44:35.847	127.9
15:44:35.860	131.6
15:44:35.868	129.9
15:44:35.880	128.8
15:44:35.892	130.5
15:44:35.901	130.6
15:44:35.913	130.3
15:44:35.925	126.7
15:44:35.933	127.4
15:44:35.946	124.9
15:44:35.958	125.1
15:44:35.966	124.6
15:44:35.978	124.8
15:44:35.991	124.0
15:44:35.999	121.0
15:44:36.011	118.2
15:44:36.023	116.2
15:44:36.036	116.1
15:44:36.044	112.2
15:44:36.056	109.8
15:44:36.068	106.7
15:44:36.077	103.3
15:44:36.089	100.3
15:44:36.101	99.2
15:44:36.109	97.9
15:44:36.122	96.1
15:44:36.134	93.3
15:44:36.142	87.9
15:44:36.155	82.7
15:44:36.167	78.5
15:44:36.179	70.6
15:44:36.187	65.5
15:44:36.200	59.6
15:44:36.212	52.1
15:44:36.220	46.2
15:44:36.232	40.9
15:44:36.245	36.5
15:44:36.253	33.7
15:44:36.265	32.5
15:44:36.277	28.2
15:44:36.290	27.1
15:44:36.298	26.3
15:44:36.310	23.4
15:44:36.322	21.8
15:44:36.331	20.2
15:44:36.343	18.1
15:44:36.355	15.4
15:44:36.363	13.6
15:44:36.376	8.6
15:44:36.388	6.7
15:44:36.396	4.3
15:44:36.408	-1.5
15:44:36.421	-3.5
15:44:36.429	-2.7
15:44:36.441	-5.5
15:44:36.454	-8.4
15:44:36.466	-12.7
15:44:36.474	-20.3
15:44:36.486	-24.5
15:44:36.499	-31.6
15:44:36.507	-37.1
15:44:36.519	-44.1
15:44:36.531	-49.9
15:44:36.544	-60.5
15:44:36.552	-66.5
15:44:36.564	-74.8
15:44:36.577	-82.3
15:44:36.585	-88.0
15:44:36.597	-94.2
15:44:36.609	-99.0
15:44:36.618	-104.9
15:44:36.630	-110.6
15:44:36.642	-117.6
15:44:36.650	-121.7
15:44:36.662	-128.7
15:44:36.675	-133.1
15:44:36.683	-136.7
15:44:36.695	-139.2
15:44:36.708	-144.5
15:44:36.720	-147.0
15:44:36.728	-148.5
15:44:36.740	-149.7
15:44:36.753	-152.0
15:44:36.761	-153.5
15:44:36.773	-153.5
15:44:36.785	-153.6
15:44:36.794	-153.6
15:44:36.806	-155.0
15:44:36.818	-153.2
15:44:36.830	-152.5
15:44:36.839	-153.4
15:44:36.851	-153.8
15:44:36.863	-152.1
15:44:36.871	-149.9
15:44:36.884	-150.3
15:44:36.896	-150.6
15:44:36.904	-151.7
15:44:36.917	-149.6
15:44:36.929	-149.5
15:44:36.937	-148.1
15:44:36.949	-146.3
15:44:36.961	-145.0
15:44:36.974	-141.6
15:44:36.982	-142.1
15:44:36.994	-143.3
15:44:37.007	-142.8
15:44:37.015	-140.1
15:44:37.027	-139.1
15:44:37.039	-135.9
15:44:37.047	-136.1
15:44:37.060	-134.4
15:44:37.072	-132.3
15:44:37.080	-133.8
15:44:37.092	-132.6
15:44:37.105	-128.3
15:44:37.117	-125.1
15:44:37.125	-123.5
15:44:37.137	-122.5
15:44:37.150	-122.2
15:44:37.158	-120.2
15:44:37.170	-119.7
15:44:37.183	-117.0
15:44:37.191	-114.1
15:44:37.203	-112.1
15:44:37.215	-111.6
15:44:37.228	-111.4
15:44:37.236	-110.3
15:44:37.248	-108.2
15:44:37.260	-105.9
15:44:37.269	-104.8
15:44:37.281	-103.1
15:44:37.293	-101.4
15:44:37.301	-101.6
15:44:37.314	-101.0
15:44:37.326	-99.1
15:44:37.334	-96.9
15:44:37.346	-96.4
15:44:37.359	-96.1
15:44:37.367	-96.4
15:44:37.379	-95.3
15:44:37.391	-95.4
15:44:37.404	-95.6
15:44:37.412	-93.1
15:44:37.424	-92.5
15:44:37.436	-92.3
15:44:37.445	-90.4
15:44:37.457	-88.4
15:44:37.469	-87.9
15:44:37.481	-85.9
15:44:37.490	-85.9
15:44:37.502	-83.6
15:44:37.514	-82.1
15:44:37.522	-82.3
15:44:37.535	-79.3
15:44:37.547	-78.1
15:44:37.555	-80.3
15:44:37.567	-79.3
15:44:37.580	-75.9
15:44:37.588	-74.6
15:44:37.600	-72.2
15:44:37.613	-70.9
15:44:37.621	-70.1
15:44:37.633	-67.6
15:44:37.645	-68.1
15:44:37.658	-65.6
15:44:37.666	-62.7
15:44:37.678	-61.6
15:44:37.690	-60.3
15:44:37.699	-59.6
15:44:37.711	-56.5
15:44:37.723	-53.8
15:44:37.731	-51.6
15:44:37.744	-51.7
15:44:37.756	-48.7
15:44:37.768	-48.0
15:44:37.780	-44.9
15:44:37.789	-42.5
15:44:37.801	-41.2
15:44:37.813	-38.2
15:44:37.822	-36.7
15:44:37.834	-34.9
15:44:37.846	-32.3
15:44:37.854	-28.8
15:44:37.867	-27.7
15:44:37.879	-25.5
15:44:37.887	-25.3
15:44:37.898	-24.6
15:44:37.911	-23.8
15:44:37.919	-22.9
15:44:37.931	-23.8
15:44:37.944	-23.8
15:44:37.956	-24.4
15:44:37.965	-25.1
15:44:37.976	-26.7
15:44:37.989	-26.2
15:44:37.997	-26.5
15:44:38.010	-26.6
15:44:38.022	-25.6
15:44:38.030	-23.5
15:44:38.043	-22.7
15:44:38.055	-23.6
15:44:38.063	-25.5
15:44:38.076	-25.7
15:44:38.088	-26.1
15:44:38.100	-29.3
15:44:38.108	-30.8
15:44:38.121	-33.6
15:44:38.133	-36.6
15:44:38.141	-38.5
15:44:38.153	-39.3
15:44:38.166	-38.9
15:44:38.174	-36.9
15:44:38.186	-37.8
15:44:38.198	-35.3
15:44:38.211	-33.6
15:44:38.219	-31.2
15:44:38.231	-29.0
15:44:38.243	-27.2
15:44:38.252	-27.2
15:44:38.264	-26.8
15:44:38.276	-26.5
15:44:38.284	-25.9
15:44:38.297	-24.3
15:44:38.309	-23.8
15:44:38.317	-23.3
15:44:38.329	-23.1
15:44:38.342	-21.9
15:44:38.350	-20.4
15:44:38.362	-18.7
15:44:38.374	-15.6
15:44:38.387	-14.4
15:44:38.395	-13.3
15:44:38.407	-10.6
15:44:38.419	-9.4
15:44:38.428	-7.5
15:44:38.440	-5.5
15:44:38.452	-4.5
15:44:38.465	-5.7
15:44:38.473	-6.2
15:44:38.485	-8.1
15:44:38.497	-8.4
15:44:38.505	-9.4
15:44:38.518	-10.1
15:44:38.530	-12.6
15:44:38.538	-12.5
15:44:38.551	-15.0
15:44:38.563	-14.6
15:44:38.571	-14.9
15:44:38.584	-16.0
15:44:38.596	-15.9
15:44:38.604	-17.1
15:44:38.616	-14.5
15:44:38.628	-14.9
15:44:38.641	-13.2
15:44:38.649	-13.1
15:44:38.661	-10.5
15:44:38.673	-9.5
15:44:38.682	-6.9
15:44:38.694	-3.1
15:44:38.706	-1.1
15:44:38.714	1.8
15:44:38.727	0.5
15:44:38.739	0.3
15:44:38.751	0.3
15:44:38.759	0.1
15:44:38.772	0.5
15:44:38.784	0.4
15:44:38.792	0.9
15:44:38.804	0.4
15:44:38.817	1.7
15:44:38.825	1.2
15:44:38.837	2.3
15:44:38.849	5.4
15:44:38.858	6.3
15:44:38.870	8.4
15:44:38.882	7.2
15:44:38.895	7.5
15:44:38.903	8.3
15:44:38.915	7.7
15:44:38.928	8.0
15:44:38.936	9.0
15:44:38.948	9.2
15:44:38.961	9.7
15:44:38.969	10.6
15:44:38.981	9.1
15:44:38.993	11.3
15:44:39.001	11.7
15:44:39.014	12.6
15:44:39.026	15.3
15:44:39.038	14.9
15:44:39.046	16.1
15:44:39.058	18.0
15:44:39.071	19.4
15:44:39.079	23.1
15:44:39.091	28.1
15:44:39.104	31.8
15:44:39.112	36.9
15:44:39.124	39.2
15:44:39.136	40.3
15:44:39.149	43.8
15:44:39.157	45.8
15:44:39.169	50.4
15:44:39.181	51.4
15:44:39.190	53.2
15:44:39.202	54.5
15:44:39.214	56.7
15:44:39.222	56.3
15:44:39.235	57.9
15:44:39.247	59.3
15:44:39.255	61.6
15:44:39.267	65.9
15:44:39.280	65.8
15:44:39.288	68.8
15:44:39.300	70.7
15:44:39.312	73.9
15:44:39.325	72.5
15:44:39.333	76.8
15:44:39.345	79.1
15:44:39.358	83.4
15:44:39.366	85.6
15:44:39.378	88.5
15:44:39.390	91.8
15:44:39.402	92.8
15:44:39.411	94.1
15:44:39.423	94.2
15:44:39.435	99.2
15:44:39.443	99.4
15:44:39.456	102.5
15:44:39.468	102.0
15:44:39.476	102.6
15:44:39.488	102.1
15:44:39.501	102.4
15:44:39.513	105.1
15:44:39.521	106.8
15:44:39.534	109.0
15:44:39.546	109.1
15:44:39.554	110.7
15:44:39.566	111.8
15:44:39.579	114.8
15:44:39.587	115.8
15:44:39.599	120.1
15:44:39.611	131.2
15:44:39.624	140.2
15:44:39.632	150.9
15:44:39.644	161.7
15:44:39.656	174.2
15:44:39.665	185.9
15:44:39.677	193.9
15:44:39.689	203.9
15:44:39.701	213.0
15:44:39.710	218.7
15:44:39.722	217.5
15:44:39.734	218.4
15:44:39.742	217.1
15:44:39.755	216.7
15:44:39.767	213.2
15:44:39.775	211.3
15:44:39.787	209.9
15:44:39.800	207.9
15:44:39.808	208.8
15:44:39.820	206.4
15:44:39.832	205.2
15:44:39.840	204.0
15:44:39.852	203.4
15:44:39.864	202.4
15:44:39.877	203.0
15:44:39.885	199.8
15:44:39.897	198.3
15:44:39.909	193.6
15:44:39.918	190.4
15:44:39.931	189.7
15:44:39.943	188.5
15:44:39.950	186.7
15:44:39.963	185.2
15:44:39.975	181.2
15:44:39.984	176.7
15:44:39.997	176.5
15:44:40.009	175.1
15:44:40.021	175.0
15:44:40.029	172.3
15:44:40.042	169.4
15:44:40.054	164.9
15:44:40.062	162.1
15:44:40.074	160.0
15:44:40.087	159.6
15:44:40.095	159.3
15:44:40.107	155.2
15:44:40.119	152.8
15:44:40.132	152.4
15:44:40.140	150.5
15:44:40.152	149.7
15:44:40.164	148.1
15:44:40.173	146.6
15:44:40.185	144.9
15:44:40.197	142.5
15:44:40.205	141.1
15:44:40.218	141.1
15:44:40.230	140.2
15:44:40.238	138.2
15:44:40.250	137.5
15:44:40.263	136.2
15:44:40.271	136.5
15:44:40.283	135.3
15:44:40.295	133.2
15:44:40.308	129.2
15:44:40.316	126.9
15:44:40.328	123.8
15:44:40.340	121.5
15:44:40.349	118.1
15:44:40.361	117.3
15:44:40.373	114.8
15:44:40.385	113.4
15:44:40.394	110.1
15:44:40.406	105.9
15:44:40.418	102.9
15:44:40.426	99.9
15:44:40.439	94.9
15:44:40.451	91.6
15:44:40.459	86.1
15:44:40.471	80.1
15:44:40.484	74.8
15:44:40.492	69.9
15:44:40.504	64.1
15:44:40.516	60.1
15:44:40.525	55.1
15:44:40.537	50.8
15:44:40.549	48.0
15:44:40.561	42.9
15:44:40.570	40.7
15:44:40.582	36.2
15:44:40.594	33.2
15:44:40.603	31.2
15:44:40.615	29.3
15:44:40.627	26.9
15:44:40.635	27.0
15:44:40.648	23.3
15:44:40.660	21.0
15:44:40.672	19.8
15:44:40.680	17.5
15:44:40.693	17.7
15:44:40.705	15.0
15:44:40.713	10.7
15:44:40.726	10.5
15:44:40.738	7.6
15:44:40.746	4.9
15:44:40.758	3.4
15:44:40.770	1.7
15:44:40.779	0.3
15:44:40.791	-0.2
15:44:40.803	0.3
15:44:40.815	3.0
15:44:40.824	2.8
15:44:40.836	0.8
15:44:40.848	1.1
15:44:40.856	-0.6
15:44:40.869	-0.6
15:44:40.881	-1.0
15:44:40.889	-3.3
15:44:40.901	-5.4
15:44:40.914	-10.4
15:44:40.922	-16.0
15:44:40.934	-23.5
15:44:40.946	-33.7
15:44:40.959	-42.6
15:44:40.967	-51.3
15:44:40.979	-62.6
15:44:40.992	-72.9
15:44:41.000	-83.0
15:44:41.012	-91.5
15:44:41.024	-100.9
15:44:41.032	-109.5
15:44:41.045	-114.0
15:44:41.057	-115.2
15:44:41.069	-119.8
15:44:41.077	-120.1
15:44:41.090	-120.6
15:44:41.102	-121.9
15:44:41.110	-123.1
15:44:41.123	-124.5
15:44:41.135	-123.5
15:44:41.143	-124.6
15:44:41.155	-125.6
15:44:41.168	-125.7
15:44:41.176	-125.3
15:44:41.188	-126.1
15:44:41.200	-128.1
15:44:41.209	-129.3
15:44:41.221	-129.4
15:44:41.233	-131.7
15:44:41.245	-136.2
15:44:41.254	-137.3
15:44:41.266	-137.4
15:44:41.278	-139.4
15:44:41.286	-141.2
15:44:41.299	-140.9
15:44:41.311	-141.5
15:44:41.323	-143.5
15:44:41.331	-143.8
15:44:41.344	-144.5
15:44:41.356	-141.3
15:44:41.364	-140.7
15:44:41.376	-139.8
15:44:41.389	-141.1
15:44:41.397	-139.6
15:44:41.409	-140.7
15:44:41.422	-140.7
15:44:41.430	-138.5
15:44:41.442	-137.7
15:44:41.454	-135.6
15:44:41.463	-137.0
15:44:41.475	-136.2
15:44:41.487	-137.2
15:44:41.499	-132.8
15:44:41.508	-132.7
15:44:41.520	-132.7
15:44:41.532	-132.6
15:44:41.544	-133.2
15:44:41.553	-132.8
15:44:41.566	-131.9
15:44:41.577	-132.4
15:44:41.585	-132.0
15:44:41.598	-132.0
15:44:41.610	-134.0
15:44:41.622	-133.0
15:44:41.630	-132.2
15:44:41.643	-131.3
15:44:41.654	-128.0
15:44:41.663	-126.2
15:44:41.675	-125.7
15:44:41.687	-122.7
15:44:41.695	-119.6
15:44:41.708	-117.7
15:44:41.720	-117.1
15:44:41.728	-114.5
15:44:41.740	-111.3
15:44:41.753	-107.7
15:44:41.761	-106.1
15:44:41.773	-102.6
15:44:41.785	-99.5
15:44:41.798	-97.3
15:44:41.806	-99.0
15:44:41.818	-96.2
15:44:41.830	-91.1
15:44:41.839	-88.5
15:44:41.852	-86.9
15:44:41.864	-85.0
15:44:41.872	-81.2
15:44:41.885	-79.2
15:44:41.897	-75.4
15:44:41.905	-70.3
15:44:41.917	-64.9
15:44:41.930	-60.6
15:44:41.942	-56.8
15:44:41.950	-52.5
15:44:41.962	-49.9
15:44:41.974	-47.7
15:44:41.982	-44.6
15:44:41.994	-40.7
15:44:42.007	-37.0
15:44:42.015	-34.7
15:44:42.027	-31.7
15:44:42.039	-29.7
15:44:42.052	-28.6
15:44:42.060	-27.3
15:44:42.072	-24.6
15:44:42.084	-20.8
15:44:42.093	-19.6
15:44:42.105	-19.0
15:44:42.117	-18.6
15:44:42.125	-18.2
15:44:42.138	-15.7
15:44:42.150	-14.5
15:44:42.158	-11.0
15:44:42.170	-9.8
15:44:42.183	-8.4
15:44:42.191	-5.7
15:44:42.203	-3.5
15:44:42.215	0.0
15:44:42.228	1.3
15:44:42.236	4.0
15:44:42.248	5.4
15:44:42.260	8.8
15:44:42.269	10.1
15:44:42.281	12.6
15:44:42.293	14.3
15:44:42.305	15.3
15:44:42.314	16.2
15:44:42.326	15.6
15:44:42.338	16.8
15:44:42.346	19.2
15:44:42.359	21.9
15:44:42.371	22.2
15:44:42.379	23.4
15:44:42.392	26.7
15:44:42.404	30.8
15:44:42.412	34.4
15:44:42.425	36.7
15:44:42.437	37.1
15:44:42.445	38.8
15:44:42.458	40.8
15:44:42.470	41.3
15:44:42.483	44.1
15:44:42.491	46.9
15:44:42.503	49.4
15:44:42.515	52.6
15:44:42.524	53.7
15:44:42.536	57.6
15:44:42.548	64.7
15:44:42.556	69.5
15:44:42.569	72.3
15:44:42.581	75.1
15:44:42.593	77.1
15:44:42.601	77.9
15:44:42.614	78.6
15:44:42.626	77.7
15:44:42.634	80.8
15:44:42.646	81.4
15:44:42.659	83.4
15:44:42.667	83.7
15:44:42.679	85.0
15:44:42.691	89.0
15:44:42.700	93.9
15:44:42.712	96.8
15:44:42.724	100.5
15:44:42.737	104.2
15:44:42.745	106.4
15:44:42.757	111.9
15:44:42.769	111.7
15:44:42.777	115.6
15:44:42.790	116.6
15:44:42.802	118.2
15:44:42.810	116.9
15:44:42.822	119.3
15:44:42.835	119.9
15:44:42.843	122.0
15:44:42.855	125.7
15:44:42.867	123.5
15:44:42.880	125.8
15:44:42.888	126.1
15:44:42.900	129.9
15:44:42.913	129.6
15:44:42.921	131.1
15:44:42.933	131.8
15:44:42.945	132.0
15:44:42.953	131.7
15:44:42.966	131.7
15:44:42.978	131.9
15:44:42.990	131.8
15:44:42.999	131.7
15:44:43.011	131.1
15:44:43.023	129.8
15:44:43.032	130.5
15:44:43.044	127.5
15:44:43.056	127.2
15:44:43.064	128.2
15:44:43.076	125.8
15:44:43.089	126.5
15:44:43.097	124.7
15:44:43.109	122.4
15:44:43.121	122.0
15:44:43.130	121.6
15:44:43.142	118.5
15:44:43.154	121.9
15:44:43.166	120.5
15:44:43.175	117.8
15:44:43.187	116.0
15:44:43.199	113.2
15:44:43.207	111.0
15:44:43.220	110.3
15:44:43.232	107.2
15:44:43.244	106.3
15:44:43.252	105.3
15:44:43.265	100.4
15:44:43.277	99.6
15:44:43.285	99.6
15:44:43.297	98.4
15:44:43.310	98.5
15:44:43.318	99.6
15:44:43.330	98.7
15:44:43.343	97.4
15:44:43.351	97.0
15:44:43.363	95.4
15:44:43.375	97.6
15:44:43.384	94.9
15:44:43.396	94.1
15:44:43.408	91.8
15:44:43.420	90.5
15:44:43.428	88.3
15:44:43.441	87.5
15:44:43.453	85.2
15:44:43.461	81.3
15:44:43.474	81.6
15:44:43.486	75.9
15:44:43.494	76.0
15:44:43.506	71.2
15:44:43.519	70.0
15:44:43.531	66.5
15:44:43.539	62.5
15:44:43.551	59.0
15:44:43.564	57.5
15:44:43.572	57.3
15:44:43.584	54.2
15:44:43.596	53.9
15:44:43.605	50.9
15:44:43.617	48.6
15:44:43.629	45.1
15:44:43.637	43.2
15:44:43.650	42.1
15:44:43.662	42.6
15:44:43.674	39.2
15:44:43.682	36.3
15:44:43.695	34.9
15:44:43.707	31.5
15:44:43.719	29.2
15:44:43.727	27.4
15:44:43.740	25.6
15:44:43.752	22.0
15:44:43.760	20.6
15:44:43.772	15.9
15:44:43.785	15.1
15:44:43.793	11.8
15:44:43.805	9.3
15:44:43.813	8.9
15:44:43.826	6.1
15:44:43.838	3.5
15:44:43.850	1.9
15:44:43.858	1.9
15:44:43.871	-0.6
15:44:43.883	-1.3
15:44:43.895	-4.2
15:44:43.903	-5.1
15:44:43.916	-6.6
15:44:43.928	-8.8
15:44:43.936	-8.8
15:44:43.948	-11.2
15:44:43.961	-10.3
15:44:43.973	-10.3
15:44:43.981	-11.0
15:44:43.994	-11.9
15:44:44.006	-11.4
15:44:44.014	-10.5
15:44:44.026	-12.3
15:44:44.039	-16.3
15:44:44.047	-18.8
15:44:44.059	-24.8
15:44:44.071	-35.5
15:44:44.080	-46.1
15:44:44.092	-55.6
15:44:44.104	-64.8
15:44:44.112	-74.2
15:44:44.125	-85.1
15:44:44.137	-92.1
15:44:44.149	-99.8
15:44:44.158	-108.6
15:44:44.170	-111.4
15:44:44.182	-111.9
15:44:44.190	-113.2
15:44:44.203	-114.9
15:44:44.215	-116.8
15:44:44.227	-118.0
15:44:44.235	-117.9
15:44:44.247	-119.0
15:44:44.259	-117.3
15:44:44.267	-116.2
15:44:44.280	-115.1
15:44:44.292	-112.9
15:44:44.300	-108.8
15:44:44.313	-102.9
15:44:44.325	-92.6
15:44:44.333	-67.7
15:44:44.345	-35.7
15:44:44.358	8.2
15:44:44.366	72.4
15:44:44.378	144.9
15:44:44.390	223.5
15:44:44.403	307.4
15:44:44.411	397.6
15:44:44.423	494.5
15:44:44.435	595.4
15:44:44.443	688.7
15:44:44.456	781.3
15:44:44.468	862.9
15:44:44.476	926.6
15:44:44.489	980.6
15:44:44.501	1029.3
15:44:44.514	1069.0
15:44:44.521	1101.2
15:44:44.534	1128.3
15:44:44.546	1152.2
15:44:44.554	1183.6
15:44:44.566	1238.1
15:44:44.579	1304.3
15:44:44.587	1412.0
15:44:44.599	1534.5
15:44:44.611	1656.2
15:44:44.620	1779.1
15:44:44.632	1903.4
15:44:44.644	2024.3
15:44:44.656	2139.7
15:44:44.665	2240.1
15:44:44.677	2310.4
15:44:44.689	2367.4
15:44:44.697	2380.7
15:44:44.710	2380.6
15:44:44.722	2380.6
15:44:44.731	2380.6
15:44:44.742	2380.7
15:44:44.756	2380.7
15:44:44.764	2380.7
15:44:44.776	2380.7
15:44:44.789	2380.7
15:44:44.801	2380.7
15:44:44.809	2380.7
15:44:44.821	2381.3
15:44:44.834	2381.3
15:44:44.842	2381.3
15:44:44.854	2381.1
15:44:44.866	2381.1
15:44:44.875	2381.1
15:44:44.887	2381.8
15:44:44.899	2381.8
15:44:44.911	2381.8
15:44:44.919	2381.8
15:44:44.932	2381.2
15:44:44.944	2381.2
15:44:44.952	2381.1
15:44:44.965	2377.5
15:44:44.977	2376.9
15:44:44.985	2370.3
15:44:44.997	2360.1
15:44:45.010	2347.3
15:44:45.018	2330.2
15:44:45.030	2311.8
15:44:45.042	2288.4
15:44:45.051	2260.7
15:44:45.063	2228.6
15:44:45.075	2198.5
15:44:45.087	2162.7
15:44:45.096	2129.6
15:44:45.108	2094.8
15:44:45.120	2060.0
15:44:45.128	2026.2
15:44:45.141	1992.7
15:44:45.153	1959.6
15:44:45.165	1926.0
15:44:45.174	1897.2
15:44:45.186	1868.0
15:44:45.198	1840.9
15:44:45.210	1817.8
15:44:45.218	1799.0
15:44:45.231	1779.9
15:44:45.243	1764.4
15:44:45.251	1748.2
15:44:45.264	1733.2
15:44:45.276	1724.2
15:44:45.284	1709.3
15:44:45.296	1700.1
15:44:45.308	1688.6
15:44:45.317	1675.6
15:44:45.329	1659.7
15:44:45.341	1642.1
15:44:45.349	1624.3
15:44:45.362	1607.8
15:44:45.374	1590.4
15:44:45.386	1571.5
15:44:45.395	1559.7
15:44:45.407	1541.3
15:44:45.419	1524.0
15:44:45.427	1504.8
15:44:45.440	1485.4
15:44:45.452	1470.2
15:44:45.465	1451.1
15:44:45.472	1429.6
15:44:45.485	1413.1
15:44:45.497	1397.0
15:44:45.505	1375.1
15:44:45.517	1356.3
15:44:45.530	1339.3
15:44:45.538	1320.4
15:44:45.550	1299.7
15:44:45.562	1274.4
15:44:45.571	1251.6
15:44:45.583	1229.6
15:44:45.595	1213.2
15:44:45.603	1186.3
15:44:45.616	1164.5
15:44:45.628	1142.6
15:44:45.640	1111.6
15:44:45.648	1089.3
15:44:45.661	1070.9
15:44:45.673	1058.2
15:44:45.681	1041.6
15:44:45.693	1035.3
15:44:45.706	1020.1
15:44:45.714	1023.5
15:44:45.726	1024.2
15:44:45.738	1024.0
15:44:45.747	1032.8
15:44:45.759	1034.2
15:44:45.771	1068.2
15:44:45.783	1103.4
15:44:45.792	1143.1
15:44:45.804	1172.0
15:44:45.816	1202.9
15:44:45.824	1224.5
15:44:45.837	1247.0
15:44:45.849	1267.0
15:44:45.857	1285.7
15:44:45.870	1307.4
15:44:45.882	1295.2
15:44:45.894	1281.4
15:44:45.902	1267.0
15:44:45.915	1253.4
15:44:45.927	1239.4
15:44:45.935	1225.3
15:44:45.948	1210.1
15:44:45.960	1196.7
15:44:45.968	1185.9
15:44:45.980	1172.9
15:44:45.992	1159.9
15:44:46.001	1146.7
15:44:46.013	1133.5
15:44:46.026	1121.9
15:44:46.034	1109.6
15:44:46.046	1097.9
15:44:46.058	1085.8
15:44:46.070	1074.3
15:44:46.079	1060.8
15:44:46.091	1049.7
15:44:46.103	1039.8
15:44:46.111	1029.3
15:44:46.124	1019.0
15:44:46.136	1007.9
15:44:46.148	997.6
15:44:46.156	987.1
15:44:46.169	976.7
15:44:46.181	964.7
15:44:46.189	953.3
15:44:46.201	942.2
15:44:46.214	931.9
15:44:46.222	922.0
15:44:46.234	913.0
15:44:46.246	902.1
15:44:46.255	891.0
15:44:46.267	881.4
15:44:46.279	872.2
15:44:46.287	864.6
15:44:46.300	857.6
15:44:46.312	848.7
15:44:46.324	839.3
15:44:46.332	828.3
15:44:46.345	817.8
15:44:46.357	809.7
15:44:46.365	801.7
15:44:46.377	791.8
15:44:46.390	783.5
15:44:46.398	775.3
15:44:46.410	766.9
15:44:46.422	759.0
15:44:46.435	752.0
15:44:46.443	745.6
15:44:46.455	738.0
15:44:46.468	729.9
15:44:46.476	721.9
15:44:46.488	715.3
15:44:46.500	707.5
15:44:46.509	699.7
15:44:46.521	692.4
15:44:46.533	685.8
15:44:46.541	678.6
15:44:46.554	672.9
15:44:46.566	667.1
15:44:46.578	660.8
15:44:46.586	655.2
15:44:46.599	647.9
15:44:46.611	642.8
15:44:46.619	630.6
15:44:46.631	615.1
15:44:46.644	594.3
15:44:46.652	568.8
15:44:46.664	530.4
15:44:46.677	470.7
15:44:46.685	391.2
15:44:46.697	300.8
15:44:46.709	202.3
15:44:46.722	96.2
15:44:46.730	-6.1
15:44:46.742	-110.9
15:44:46.754	-208.8
15:44:46.763	-307.7
15:44:46.775	-391.3
15:44:46.787	-458.1
15:44:46.795	-507.8
15:44:46.808	-548.7
15:44:46.820	-584.4
15:44:46.832	-615.8
15:44:46.840	-646.5
15:44:46.853	-681.2
15:44:46.865	-738.1
15:44:46.873	-868.9
15:44:46.885	-1008.6
15:44:46.898	-1141.9
15:44:46.906	-1268.8
15:44:46.918	-1392.7
15:44:46.930	-1513.0
15:44:46.939	-1631.8
15:44:46.951	-1747.9
15:44:46.963	-1865.3
15:44:46.971	-1967.4
15:44:46.984	-1985.6
15:44:46.996	-1996.7
15:44:47.008	-2009.9
15:44:47.016	-2030.7
15:44:47.029	-2055.7
15:44:47.041	-2081.9
15:44:47.049	-2104.9
15:44:47.061	-2129.0
15:44:47.074	-2140.9
15:44:47.086	-2146.8
15:44:47.094	-2155.0
15:44:47.106	-2162.6
15:44:47.119	-2170.0
15:44:47.131	-2174.6
15:44:47.139	-2176.4
15:44:47.152	-2176.7
15:44:47.164	-2179.8
15:44:47.172	-2180.4
15:44:47.184	-2179.7
15:44:47.196	-2179.2
15:44:47.205	-2179.1
15:44:47.217	-2177.5
15:44:47.229	-2173.7
15:44:47.238	-2165.6
15:44:47.250	-2154.4
15:44:47.262	-2140.7
15:44:47.270	-2124.6
15:44:47.283	-2110.0
15:44:47.295	-2093.4
15:44:47.307	-2074.1
15:44:47.315	-2055.0
15:44:47.328	-2035.4
15:44:47.340	-2014.3
15:44:47.348	-1993.9
15:44:47.361	-1976.1
15:44:47.373	-1956.2
15:44:47.385	-1936.8
15:44:47.394	-1915.1
15:44:47.405	-1897.2
15:44:47.418	-1878.2
15:44:47.426	-1859.4
15:44:47.438	-1841.9
15:44:47.450	-1826.3
15:44:47.459	-1811.5
15:44:47.471	-1793.9
15:44:47.483	-1781.3
15:44:47.491	-1767.7
15:44:47.504	-1757.1
15:44:47.516	-1747.9
15:44:47.524	-1741.7
15:44:47.536	-1733.5
15:44:47.549	-1724.6
15:44:47.561	-1715.3
15:44:47.569	-1704.1
15:44:47.581	-1693.4
15:44:47.594	-1682.8
15:44:47.602	-1672.3
15:44:47.614	-1656.8
15:44:47.626	-1640.9
15:44:47.635	-1623.3
15:44:47.647	-1607.7
15:44:47.659	-1593.8
15:44:47.667	-1578.0
15:44:47.680	-1565.0
15:44:47.692	-1559.0
15:44:47.704	-1551.7
15:44:47.713	-1546.2
15:44:47.725	-1542.0
15:44:47.737	-1536.4
15:44:47.745	-1533.0
15:44:47.758	-1527.6
15:44:47.770	-1522.0
15:44:47.778	-1518.4
15:44:47.790	-1513.6
15:44:47.803	-1503.2
15:44:47.815	-1492.2
15:44:47.823	-1480.8
15:44:47.835	-1468.3
15:44:47.848	-1455.4
15:44:47.856	-1441.8
15:44:47.868	-1429.2
15:44:47.880	-1416.8
15:44:47.889	-1403.6
15:44:47.901	-1390.1
15:44:47.913	-1376.0
15:44:47.921	-1362.4
15:44:47.934	-1347.4
15:44:47.946	-1337.0
15:44:47.954	-1323.9
15:44:47.966	-1312.3
15:44:47.979	-1301.9
15:44:47.991	-1290.7
15:44:47.999	-1280.7
15:44:48.011	-1268.7
15:44:48.024	-1256.4
15:44:48.032	-1243.9
15:44:48.044	-1231.8
15:44:48.057	-1217.5
15:44:48.069	-1206.8
15:44:48.077	-1193.7
15:44:48.089	-1180.2
15:44:48.102	-1166.3
15:44:48.110	-1151.2
15:44:48.122	-1139.0
15:44:48.134	-1128.1
15:44:48.143	-1115.3
15:44:48.155	-1102.1
15:44:48.167	-1091.4
15:44:48.175	-1078.6
15:44:48.188	-1067.8
15:44:48.200	-1056.3
15:44:48.208	-1044.7
15:44:48.221	-1034.2
15:44:48.233	-1023.2
15:44:48.245	-1011.1
15:44:48.253	-1000.0
15:44:48.266	-990.1
15:44:48.278	-977.0
15:44:48.286	-966.5
15:44:48.298	-954.6
15:44:48.311	-943.5
15:44:48.319	-934.7
15:44:48.331	-922.9
15:44:48.343	-911.9
15:44:48.356	-900.2
15:44:48.364	-889.0
15:44:48.376	-876.5
15:44:48.388	-867.0
15:44:48.397	-858.2
15:44:48.409	-847.0
15:44:48.421	-836.1
15:44:48.429	-824.8
15:44:48.442	-816.3
15:44:48.454	-805.4
15:44:48.462	-794.8
15:44:48.475	-786.9
15:44:48.487	-779.6
15:44:48.499	-770.3
15:44:48.507	-761.2
15:44:48.520	-755.4
15:44:48.532	-746.9
15:44:48.540	-739.8
15:44:48.552	-730.5
15:44:48.565	-722.4
15:44:48.573	-716.9
15:44:48.585	-708.8
15:44:48.597	-699.1
15:44:48.605	-691.5
15:44:48.617	-681.0
15:44:48.629	-672.7
15:44:48.642	-665.5
15:44:48.651	-655.6
15:44:48.663	-648.5
15:44:48.675	-642.2
15:44:48.684	-634.1
15:44:48.696	-623.9
15:44:48.708	-617.3
15:44:48.716	-610.1
15:44:48.729	-604.5
15:44:48.741	-596.1
15:44:48.753	-587.7
15:44:48.761	-581.8
15:44:48.774	-574.2
15:44:48.786	-566.3
15:44:48.794	-558.9
15:44:48.806	-553.7
15:44:48.819	-547.4
15:44:48.827	-541.3
15:44:48.839	-533.1
15:44:48.851	-525.5
15:44:48.860	-520.3
15:44:48.872	-512.9
15:44:48.884	-508.4
15:44:48.892	-501.9
15:44:48.905	-495.6
15:44:48.917	-491.7
15:44:48.929	-487.5
15:44:48.937	-480.1
15:44:48.950	-477.7
15:44:48.962	-474.6
15:44:48.970	-470.2
15:44:48.982	-465.5
15:44:48.995	-459.5
15:44:49.007	-454.1
15:44:49.015	-451.1
15:44:49.027	-445.4
15:44:49.040	-440.1
15:44:49.048	-436.8
15:44:49.060	-430.7
15:44:49.072	-426.3
15:44:49.081	-423.1
15:44:49.092	-419.4
15:44:49.105	-416.5
15:44:49.114	-411.7
15:44:49.126	-404.4
15:44:49.138	-399.0
15:44:49.146	-394.2
15:44:49.159	-389.1
15:44:49.171	-384.7
15:44:49.183	-378.7
15:44:49.191	-371.4
15:44:49.204	-366.8
15:44:49.216	-361.2
15:44:49.224	-359.1
15:44:49.236	-355.0
15:44:49.249	-351.2
15:44:49.257	-345.5
15:44:49.269	-341.7
15:44:49.281	-338.4
15:44:49.294	-335.0
15:44:49.306	-331.6
15:44:49.314	-328.8
15:44:49.326	-324.3
15:44:49.339	-319.8
15:44:49.347	-317.7
15:44:49.360	-314.2
15:44:49.371	-313.3
15:44:49.380	-309.2
15:44:49.392	-303.9
15:44:49.404	-302.2
15:44:49.412	-300.6
15:44:49.425	-295.8
15:44:49.437	-290.8
15:44:49.445	-287.2
15:44:49.458	-283.2
15:44:49.470	-279.4
15:44:49.482	-274.6
15:44:49.490	-273.6
15:44:49.503	-271.2
15:44:49.515	-266.0
15:44:49.523	-260.8
15:44:49.535	-257.5
15:44:49.548	-255.6
15:44:49.556	-251.7
15:44:49.568	-248.0
15:44:49.580	-244.5
15:44:49.589	-241.6
15:44:49.601	-233.7
15:44:49.613	-231.6
15:44:49.625	-228.6
15:44:49.634	-224.7
15:44:49.646	-219.9
15:44:49.658	-214.9
15:44:49.666	-213.1
15:44:49.679	-209.4
15:44:49.691	-205.6
15:44:49.699	-201.6
15:44:49.711	-200.3
15:44:49.724	-194.7
15:44:49.736	-190.5
15:44:49.744	-189.0
15:44:49.756	-187.5
15:44:49.769	-187.2
15:44:49.777	-183.7
15:44:49.789	-181.4
15:44:49.801	-180.1
15:44:49.810	-178.6
15:44:49.822	-177.1
15:44:49.834	-175.7
15:44:49.842	-175.7
15:44:49.855	-173.6
15:44:49.867	-170.5
15:44:49.875	-167.6
15:44:49.888	-165.8
15:44:49.900	-165.5
15:44:49.912	-162.9
15:44:49.920	-159.2
15:44:49.933	-157.1
15:44:49.945	-154.4
15:44:49.953	-149.9
15:44:49.965	-146.7
15:44:49.978	-143.2
15:44:49.990	-140.0
15:44:49.998	-135.5
15:44:50.010	-132.9
15:44:50.023	-131.2
15:44:50.031	-129.5
15:44:50.042	-128.1
15:44:50.055	-126.4
15:44:50.063	-124.5
15:44:50.075	-120.6
15:44:50.088	-119.6
15:44:50.096	-115.8
15:44:50.108	-113.4
15:44:50.121	-109.8
15:44:50.129	-103.7
15:44:50.141	-100.6
15:44:50.153	-97.7
15:44:50.166	-94.6
15:44:50.174	-91.9
15:44:50.186	-91.1
15:44:50.198	-87.2
15:44:50.207	-86.8
15:44:50.219	-85.3
15:44:50.231	-83.4
15:44:50.239	-85.4
15:44:50.252	-85.2
15:44:50.264	-82.0
15:44:50.276	-80.7
15:44:50.284	-79.3
15:44:50.297	-77.0
15:44:50.309	-76.0
15:44:50.317	-75.0
15:44:50.329	-73.5
15:44:50.342	-72.4
15:44:50.350	-69.6
15:44:50.362	-67.5
15:44:50.374	-64.4
15:44:50.383	-63.6
15:44:50.395	-59.2
15:44:50.407	-58.0
15:44:50.419	-57.3
15:44:50.428	-56.4
15:44:50.440	-55.5
15:44:50.452	-55.1
15:44:50.461	-53.3
15:44:50.473	-50.0
15:44:50.485	-51.2
15:44:50.493	-48.3
15:44:50.506	-49.4
15:44:50.518	-45.6
15:44:50.526	-43.7
15:44:50.538	-42.8
15:44:50.550	-40.0
15:44:50.563	-35.9
15:44:50.571	-31.7
15:44:50.583	-30.5
15:44:50.595	-24.9
15:44:50.604	-21.4
15:44:50.616	-17.4
15:44:50.628	-15.1
15:44:50.637	-10.8
15:44:50.649	-3.9
15:44:50.661	-0.8
15:44:50.673	2.2
15:44:50.681	4.7
15:44:50.694	9.1
15:44:50.706	11.3
15:44:50.714	17.3
15:44:50.727	20.4
15:44:50.739	24.3
15:44:50.747	26.5
15:44:50.759	29.0
15:44:50.772	31.5
15:44:50.780	35.1
15:44:50.792	36.7
15:44:50.804	38.1
15:44:50.813	39.8
15:44:50.825	37.6
15:44:50.837	39.1
15:44:50.849	38.9
15:44:50.858	39.9
15:44:50.870	40.3
15:44:50.882	40.9
15:44:50.890	42.7
15:44:50.903	44.6
15:44:50.915	46.5
15:44:50.927	49.7
15:44:50.935	54.0
15:44:50.948	56.8
15:44:50.960	59.6
15:44:50.968	63.0
15:44:50.980	65.5
15:44:50.993	68.2
15:44:51.001	70.0
15:44:51.013	72.8
15:44:51.025	74.2
15:44:51.034	74.8
15:44:51.046	75.4
15:44:51.058	75.4
15:44:51.066	75.6
15:44:51.079	75.1
15:44:51.091	76.4
15:44:51.103	76.3
15:44:51.111	76.1
15:44:51.124	72.7
15:44:51.136	71.5
15:44:51.144	70.8
15:44:51.156	70.3
15:44:51.169	68.5
15:44:51.177	66.6
15:44:51.189	63.5
15:44:51.202	59.1
15:44:51.214	57.3
15:44:51.222	55.0
15:44:51.234	55.7
15:44:51.247	55.3
15:44:51.255	52.5
15:44:51.267	49.6
15:44:51.279	48.7
15:44:51.288	46.8
15:44:51.300	46.7
15:44:51.312	45.8
15:44:51.320	43.0
15:44:51.333	39.9
15:44:51.345	35.6
15:44:51.357	34.0
15:44:51.365	30.5
15:44:51.378	28.0
15:44:51.390	25.5
15:44:51.398	23.5
15:44:51.410	22.4
15:44:51.423	21.1
15:44:51.431	18.5
15:44:51.443	16.3
15:44:51.455	15.6
15:44:51.464	10.9
15:44:51.476	10.3
15:44:51.488	6.7
15:44:51.496	3.4
15:44:51.509	-0.3
15:44:51.521	-5.8
15:44:51.533	-8.9
15:44:51.545	-11.8
15:44:51.554	-14.7
15:44:51.566	-18.7
15:44:51.578	-21.0
15:44:51.586	-25.2
15:44:51.599	-28.8
15:44:51.611	-31.5
15:44:51.619	-34.1
15:44:51.632	-36.4
15:44:51.644	-42.1
15:44:51.656	-44.7
15:44:51.664	-48.4
15:44:51.677	-51.6
15:44:51.689	-56.4
15:44:51.697	-61.1
15:44:51.709	-67.2
15:44:51.722	-76.7
15:44:51.730	-86.9
15:44:51.742	-99.7
15:44:51.754	-110.6
15:44:51.763	-121.2
15:44:51.775	-132.3
15:44:51.787	-144.3
15:44:51.795	-154.1
15:44:51.808	-162.8
15:44:51.820	-172.3
15:44:51.832	-176.0
15:44:51.840	-180.4
15:44:51.853	-181.7
15:44:51.865	-182.4
15:44:51.873	-183.8
15:44:51.885	-183.5
15:44:51.899	-182.3
15:44:51.911	-179.9
15:44:51.918	-179.5
15:44:51.931	-176.3
15:44:51.944	-177.1
15:44:51.952	-175.1
15:44:51.964	-175.1
15:44:51.977	-176.2
15:44:51.985	-176.4
15:44:51.997	-176.2
15:44:52.009	-176.8
15:44:52.017	-179.4
15:44:52.030	-179.3
15:44:52.042	-180.7
15:44:52.050	-181.1
15:44:52.063	-179.8
15:44:52.075	-177.2
15:44:52.087	-175.5
15:44:52.095	-174.9
15:44:52.108	-174.0
15:44:52.120	-174.2
15:44:52.128	-174.3
15:44:52.140	-175.3
15:44:52.153	-173.8
15:44:52.161	-172.3
15:44:52.173	-173.7
15:44:52.185	-173.4
15:44:52.198	-171.3
15:44:52.206	-170.4
15:44:52.218	-171.5
15:44:52.230	-171.0
15:44:52.239	-168.1
15:44:52.251	-165.5
15:44:52.263	-164.5
15:44:52.271	-164.4
15:44:52.284	-163.1
15:44:52.296	-163.4
15:44:52.304	-162.2
15:44:52.316	-159.3
15:44:52.329	-157.6
15:44:52.341	-155.4
15:44:52.349	-154.0
15:44:52.361	-151.7
15:44:52.374	-150.3
15:44:52.382	-147.0
15:44:52.394	-145.3
15:44:52.406	-141.8
15:44:52.415	-140.2
15:44:52.427	-140.4
15:44:52.439	-138.7
15:44:52.447	-137.1
15:44:52.460	-135.7
15:44:52.472	-135.4
15:44:52.484	-135.4
15:44:52.492	-135.9
15:44:52.505	-133.5
15:44:52.517	-130.3
15:44:52.525	-129.1
15:44:52.537	-127.0
15:44:52.550	-124.8
15:44:52.558	-121.8
15:44:52.570	-119.9
15:44:52.582	-119.2
15:44:52.595	-115.0
15:44:52.603	-112.4
15:44:52.615	-108.9
15:44:52.628	-110.3
15:44:52.636	-107.9
15:44:52.648	-106.3
15:44:52.660	-104.7
15:44:52.669	-101.1
15:44:52.681	-100.5
15:44:52.693	-97.4
15:44:52.701	-98.1
15:44:52.714	-95.7
15:44:52.726	-96.1
15:44:52.734	-93.5
15:44:52.746	-93.3
15:44:52.759	-90.5
15:44:52.771	-86.9
15:44:52.779	-85.8
15:44:52.791	-80.4
15:44:52.804	-79.2
15:44:52.812	-72.5
15:44:52.824	-70.1
15:44:52.836	-65.3
15:44:52.849	-59.7
15:44:52.857	-53.9
15:44:52.869	-49.9
15:44:52.881	-43.3
15:44:52.890	-40.5
15:44:52.902	-39.6
15:44:52.914	-33.8
15:44:52.922	-33.0
15:44:52.935	-28.7
15:44:52.947	-25.4
15:44:52.955	-23.6
15:44:52.967	-20.8
15:44:52.980	-15.2
15:44:52.988	-14.2
15:44:53.000	-11.7
15:44:53.012	-8.6
15:44:53.025	-8.8
15:44:53.033	-5.4
15:44:53.045	-3.4
15:44:53.057	-1.5
15:44:53.066	-1.1
15:44:53.078	2.7
15:44:53.090	-0.2
15:44:53.098	-1.7
15:44:53.111	-0.7
15:44:53.123	-0.7
15:44:53.135	3.4
15:44:53.143	2.6
15:44:53.156	5.5
15:44:53.168	6.0
15:44:53.176	9.5
15:44:53.189	7.6
15:44:53.201	9.1
15:44:53.209	11.6
15:44:53.221	13.1
15:44:53.234	15.5
15:44:53.242	14.5
15:44:53.254	16.0
15:44:53.266	15.3
15:44:53.279	14.1
15:44:53.287	12.7
15:44:53.299	13.0
15:44:53.311	14.5
15:44:53.320	14.6
15:44:53.332	13.9
15:44:53.344	13.5
15:44:53.352	13.0
15:44:53.365	14.0
15:44:53.377	13.4
15:44:53.385	14.3
15:44:53.397	15.9
15:44:53.410	15.7
15:44:53.418	12.6
15:44:53.430	11.6
15:44:53.442	10.4
15:44:53.455	11.6
15:44:53.463	11.4
15:44:53.475	11.6
15:44:53.487	10.5
15:44:53.500	11.2
15:44:53.508	8.2
15:44:53.520	7.1
15:44:53.532	8.2
15:44:53.541	7.2
15:44:53.553	7.5
15:44:53.565	5.9
15:44:53.573	6.4
15:44:53.586	2.9
15:44:53.598	2.0
15:44:53.606	0.1
15:44:53.618	-0.2
15:44:53.631	-2.7
15:44:53.639	-5.4
15:44:53.651	-8.2
15:44:53.664	-10.9
15:44:53.676	-14.9
15:44:53.684	-16.1
15:44:53.696	-17.7
15:44:53.709	-21.2
15:44:53.717	-24.7
15:44:53.729	-27.6
15:44:53.741	-30.8
15:44:53.754	-32.6
15:44:53.762	-33.1
15:44:53.774	-33.3
15:44:53.786	-35.0
15:44:53.795	-39.9
15:44:53.807	-40.3
15:44:53.819	-39.6
15:44:53.832	-41.3
15:44:53.840	-42.5
15:44:53.852	-43.1
15:44:53.864	-44.8
15:44:53.873	-47.2
15:44:53.885	-50.2
15:44:53.897	-51.1
15:44:53.905	-53.3
15:44:53.918	-56.2
15:44:53.930	-58.7
15:44:53.938	-59.2
15:44:53.950	-61.6
15:44:53.963	-63.6
15:44:53.971	-64.3
15:44:53.983	-64.8
15:44:53.996	-65.9
15:44:54.008	-66.0
15:44:54.016	-63.7
15:44:54.028	-62.9
15:44:54.040	-65.3
15:44:54.049	-66.4
15:44:54.061	-65.6
15:44:54.073	-67.1
15:44:54.081	-70.0
15:44:54.094	-74.3
15:44:54.106	-77.2
15:44:54.118	-82.9
15:44:54.126	-87.9
15:44:54.139	-93.6
15:44:54.151	-97.1
15:44:54.159	-100.0
15:44:54.172	-103.7
15:44:54.184	-108.4
15:44:54.192	-112.1
15:44:54.204	-115.2
15:44:54.217	-118.6
15:44:54.225	-120.8
15:44:54.237	-122.8
15:44:54.249	-124.9
15:44:54.262	-127.4
15:44:54.270	-130.8
15:44:54.281	-135.6
15:44:54.294	-135.3
15:44:54.302	-135.0
15:44:54.315	-135.2
15:44:54.327	-135.1
15:44:54.335	-133.4
15:44:54.348	-134.0
15:44:54.360	-133.8
15:44:54.368	-132.7
15:44:54.381	-133.4
15:44:54.393	-132.1
15:44:54.405	-129.6
15:44:54.413	-130.1
15:44:54.426	-127.9
15:44:54.438	-128.6
15:44:54.446	-131.4
15:44:54.458	-133.2
15:44:54.471	-133.7
15:44:54.479	-134.8
15:44:54.491	-133.6
15:44:54.504	-135.0
15:44:54.516	-137.6
15:44:54.524	-138.3
15:44:54.536	-139.8
15:44:54.549	-139.6
15:44:54.557	-138.0
15:44:54.569	-135.9
15:44:54.581	-133.8
15:44:54.590	-132.4
15:44:54.602	-132.0
15:44:54.614	-130.9
15:44:54.622	-129.9
15:44:54.635	-127.4
15:44:54.647	-125.8
15:44:54.655	-124.0
15:44:54.667	-121.9
15:44:54.680	-120.9
15:44:54.692	-119.1
15:44:54.700	-117.5
15:44:54.712	-114.7
15:44:54.725	-112.1
15:44:54.733	-107.9
15:44:54.745	-106.9
15:44:54.757	-102.4
15:44:54.770	-100.4
15:44:54.778	-98.6
15:44:54.790	-96.8
15:44:54.802	-94.9
15:44:54.811	-92.6
15:44:54.823	-93.1
15:44:54.835	-91.4
15:44:54.843	-90.8
15:44:54.856	-89.0
15:44:54.868	-89.6
15:44:54.876	-87.2
15:44:54.888	-85.1
15:44:54.901	-84.7
15:44:54.909	-83.1
15:44:54.921	-81.8
15:44:54.934	-79.8
15:44:54.946	-78.2
15:44:54.954	-79.4
15:44:54.966	-76.7
15:44:54.978	-75.6
15:44:54.987	-75.6
15:44:54.999	-75.1
15:44:55.011	-72.4
15:44:55.019	-75.1
15:44:55.032	-74.6
15:44:55.044	-72.5
15:44:55.056	-70.2
15:44:55.064	-67.2
15:44:55.077	-66.2
15:44:55.089	-65.8
15:44:55.097	-65.2
15:44:55.110	-64.4
15:44:55.122	-64.7
15:44:55.130	-62.8
15:44:55.142	-62.0
15:44:55.155	-61.6
15:44:55.163	-63.3
15:44:55.175	-61.5
15:44:55.187	-62.5
15:44:55.200	-59.7
15:44:55.208	-59.8
15:44:55.220	-58.8
15:44:55.232	-57.8
15:44:55.241	-56.3
15:44:55.253	-55.6
15:44:55.265	-55.5
15:44:55.273	-53.7
15:44:55.286	-54.1
15:44:55.298	-53.1
15:44:55.306	-54.0
15:44:55.318	-53.7
15:44:55.331	-54.6
15:44:55.339	-54.2
15:44:55.351	-53.3
15:44:55.364	-53.5
15:44:55.376	-52.0
15:44:55.384	-49.5
15:44:55.396	-48.7
15:44:55.409	-46.6
15:44:55.417	-47.0
15:44:55.429	-44.3
15:44:55.441	-42.9
15:44:55.454	-39.8
15:44:55.462	-39.0
15:44:55.474	-34.8
15:44:55.486	-35.0
15:44:55.499	-35.8
15:44:55.507	-33.8
15:44:55.519	-34.0
15:44:55.531	-31.5
15:44:55.540	-30.5
15:44:55.552	-30.1
15:44:55.564	-31.7
15:44:55.573	-29.7
15:44:55.585	-30.8
15:44:55.597	-30.1
15:44:55.605	-28.6
15:44:55.618	-27.4
15:44:55.630	-26.5
15:44:55.638	-27.0
15:44:55.650	-27.3
15:44:55.663	-26.1
15:44:55.675	-24.8
15:44:55.683	-25.3
15:44:55.695	-20.6
15:44:55.708	-19.3
15:44:55.716	-19.4
15:44:55.728	-22.6
15:44:55.740	-22.6
15:44:55.753	-19.9
15:44:55.761	-19.2
15:44:55.773	-18.7
15:44:55.785	-19.7
15:44:55.794	-19.8
15:44:55.806	-24.0
15:44:55.818	-24.5
15:44:55.826	-24.3
15:44:55.839	-22.0
15:44:55.851	-22.1
15:44:55.859	-25.4
15:44:55.871	-24.7
15:44:55.884	-25.7
15:44:55.892	-25.3
15:44:55.904	-23.9
15:44:55.916	-22.5
15:44:55.929	-22.6
15:44:55.937	-21.8
15:44:55.949	-21.0
15:44:55.961	-20.4
15:44:55.970	-19.4
15:44:55.982	-17.2
15:44:55.994	-13.6
15:44:56.002	-11.9
15:44:56.015	-8.8
15:44:56.027	-5.7
15:44:56.039	-1.1
15:44:56.047	1.1
15:44:56.060	4.4
15:44:56.072	9.2
15:44:56.080	13.3
15:44:56.093	15.2
15:44:56.105	17.8
15:44:56.113	23.0
15:44:56.125	25.9
15:44:56.138	27.4
15:44:56.146	30.2
15:44:56.158	34.1
15:44:56.170	36.2
15:44:56.183	36.7
15:44:56.191	40.3
15:44:56.203	44.7
15:44:56.215	48.8
15:44:56.224	52.3
15:44:56.236	52.7
15:44:56.248	57.2
15:44:56.256	59.0
15:44:56.269	61.7
15:44:56.281	64.7
15:44:56.289	69.5
15:44:56.301	73.6
15:44:56.314	74.3
15:44:56.326	74.5
15:44:56.334	76.7
15:44:56.346	81.5
15:44:56.359	81.3
15:44:56.367	82.9
15:44:56.379	84.6
15:44:56.391	85.4
15:44:56.400	87.7
15:44:56.412	88.6
15:44:56.425	92.0
15:44:56.437	94.2
15:44:56.445	94.8
15:44:56.457	94.5
15:44:56.469	95.4
15:44:56.477	98.3
15:44:56.490	99.5
15:44:56.502	102.6
15:44:56.510	102.7
15:44:56.522	105.4
15:44:56.535	108.0
15:44:56.543	112.6
15:44:56.555	115.1
15:44:56.568	119.1
15:44:56.576	124.7
15:44:56.588	126.5
15:44:56.600	131.4
15:44:56.613	133.6
15:44:56.621	136.6
15:44:56.633	135.8
15:44:56.645	135.7
15:44:56.654	136.2
15:44:56.666	136.4
15:44:56.678	137.4
15:44:56.690	136.6
15:44:56.699	137.9
15:44:56.711	135.0
15:44:56.723	136.2
15:44:56.731	136.7
15:44:56.744	138.6
15:44:56.756	139.4
15:44:56.764	138.8
15:44:56.776	143.2
15:44:56.789	142.8
15:44:56.797	142.7
15:44:56.809	141.5
15:44:56.821	142.4
15:44:56.830	141.1
15:44:56.842	139.2
15:44:56.854	137.2
15:44:56.867	135.8
15:44:56.875	135.1
15:44:56.887	131.5
15:44:56.899	129.1
15:44:56.908	128.5
15:44:56.920	127.8
15:44:56.932	126.1
15:44:56.940	125.5
15:44:56.953	126.2
15:44:56.965	122.1
15:44:56.977	121.1
15:44:56.985	119.8
15:44:56.998	118.3
15:44:57.010	118.7
15:44:57.018	117.7
15:44:57.030	116.3
15:44:57.043	115.4
15:44:57.051	113.7
15:44:57.063	111.6
15:44:57.075	117.0
15:44:57.084	116.2
15:44:57.096	115.8
15:44:57.108	114.0
15:44:57.120	112.4
15:44:57.129	111.7
15:44:57.141	111.0
15:44:57.153	110.5
15:44:57.161	108.8
15:44:57.174	107.8
15:44:57.186	105.0
15:44:57.198	103.7
15:44:57.207	103.2
15:44:57.219	103.4
15:44:57.231	103.7
15:44:57.239	102.6
15:44:57.251	102.5
15:44:57.264	103.0
15:44:57.272	103.7
15:44:57.284	104.2
15:44:57.297	103.7
15:44:57.309	104.6
15:44:57.317	106.9
15:44:57.329	109.9
15:44:57.341	113.8
15:44:57.350	119.4
15:44:57.362	124.5
15:44:57.374	128.5
15:44:57.383	133.9
15:44:57.395	139.1
15:44:57.407	143.6
15:44:57.419	147.9
15:44:57.428	149.7
15:44:57.440	150.0
15:44:57.452	150.4
15:44:57.460	149.4
15:44:57.473	148.9
15:44:57.485	150.5
15:44:57.493	149.5
15:44:57.505	149.3
15:44:57.518	151.2
15:44:57.526	152.4
15:44:57.538	155.1
15:44:57.550	156.4
15:44:57.559	155.4
15:44:57.571	155.6
15:44:57.583	156.0
15:44:57.595	154.3
15:44:57.604	154.6
15:44:57.616	154.8
15:44:57.628	152.9
15:44:57.636	150.2
15:44:57.649	145.9
15:44:57.661	146.0
15:44:57.673	145.2
15:44:57.681	145.3
15:44:57.694	144.1
15:44:57.706	140.7
15:44:57.714	139.4
15:44:57.726	136.5
15:44:57.739	131.6
15:44:57.747	130.3
15:44:57.759	126.2
15:44:57.771	122.6
15:44:57.779	117.9
15:44:57.791	112.9
15:44:57.804	107.0
15:44:57.812	104.1
15:44:57.825	99.4
15:44:57.837	95.5
15:44:57.849	94.2
15:44:57.857	91.7
15:44:57.869	91.1
15:44:57.882	87.3
15:44:57.890	83.9
15:44:57.902	80.6
15:44:57.915	79.5
15:44:57.923	76.1
15:44:57.936	74.5
15:44:57.948	71.7
15:44:57.960	70.1
15:44:57.969	66.0
15:44:57.981	62.0
15:44:57.993	59.2
15:44:58.001	59.4
15:44:58.014	58.4
15:44:58.026	56.3
15:44:58.033	56.2
15:44:58.045	55.0
15:44:58.058	56.2
15:44:58.066	53.2
15:44:58.078	52.5
15:44:58.091	52.0
15:44:58.103	52.6
15:44:58.111	51.4
15:44:58.123	47.4
15:44:58.136	45.4
15:44:58.144	44.6
15:44:58.156	41.3
15:44:58.168	36.4
15:44:58.177	35.9
15:44:58.189	32.8
15:44:58.201	28.9
15:44:58.209	23.3
15:44:58.222	17.3
15:44:58.234	17.3
15:44:58.246	13.6
15:44:58.254	2.8
15:44:58.267	-9.9
15:44:58.279	-20.1
15:44:58.287	-34.4
15:44:58.299	-47.8
15:44:58.312	-57.6
15:44:58.320	-68.6
15:44:58.332	-75.2
15:44:58.344	-83.6
15:44:58.357	-90.9
15:44:58.365	-93.0
15:44:58.377	-90.6
15:44:58.389	-93.0
15:44:58.398	-89.1
15:44:58.410	-87.1
15:44:58.422	-87.6
15:44:58.430	-85.8
15:44:58.443	-87.9
15:44:58.455	-90.9
15:44:58.463	-92.0
15:44:58.475	-92.8
15:44:58.488	-95.5
15:44:58.496	-94.9
15:44:58.508	-100.4
15:44:58.521	-100.9
15:44:58.533	-102.0
15:44:58.541	-105.0
15:44:58.553	-104.9
15:44:58.566	-105.9
15:44:58.574	-107.6
15:44:58.586	-109.1
15:44:58.598	-109.8
15:44:58.611	-112.2
15:44:58.619	-112.2
15:44:58.632	-114.4
15:44:58.643	-117.0
15:44:58.652	-118.5
15:44:58.664	-121.7
15:44:58.676	-122.5
15:44:58.684	-124.0
15:44:58.697	-125.9
15:44:58.710	-129.3
15:44:58.718	-130.0
15:44:58.730	-130.0
15:44:58.743	-130.5
15:44:58.751	-130.6
15:44:58.763	-130.6
15:44:58.775	-129.0
15:44:58.788	-129.1
15:44:58.796	-129.4
15:44:58.808	-127.6
15:44:58.820	-127.4
15:44:58.829	-126.6
15:44:58.841	-126.6
15:44:58.853	-126.5
15:44:58.861	-123.8
15:44:58.874	-120.6
15:44:58.886	-119.6
15:44:58.898	-118.1
15:44:58.906	-115.7
15:44:58.919	-115.0
15:44:58.931	-111.6
15:44:58.939	-111.2
15:44:58.951	-109.8
15:44:58.964	-107.2
15:44:58.972	-107.6
15:44:58.984	-107.9
15:44:58.997	-105.6
15:44:59.005	-104.7
15:44:59.017	-101.7
15:44:59.029	-100.3
15:44:59.042	-98.5
15:44:59.050	-96.3
15:44:59.062	-95.0
15:44:59.074	-93.8
15:44:59.082	-91.1
15:44:59.095	-89.2
15:44:59.107	-88.5
15:44:59.115	-88.4
15:44:59.128	-89.7
15:44:59.140	-89.5
15:44:59.148	-87.6
15:44:59.160	-86.8
15:44:59.173	-85.6
15:44:59.181	-83.3
15:44:59.193	-81.3
15:44:59.205	-80.1
15:44:59.218	-79.2
15:44:59.226	-78.1
15:44:59.238	-76.0
15:44:59.250	-74.6
15:44:59.259	-72.4
15:44:59.271	-70.0
15:44:59.283	-68.9
15:44:59.295	-68.6
15:44:59.304	-67.9
15:44:59.316	-65.0
15:44:59.328	-64.4
15:44:59.340	-61.9
15:44:59.349	-61.3
15:44:59.361	-56.6
15:44:59.373	-55.7
15:44:59.381	-53.9
15:44:59.394	-50.2
15:44:59.406	-46.4
15:44:59.414	-44.1
15:44:59.426	-41.8
15:44:59.439	-37.0
15:44:59.447	-32.3
15:44:59.459	-28.3
15:44:59.471	-27.7
15:44:59.480	-25.1
15:44:59.492	-22.2
15:44:59.504	-21.9
15:44:59.516	-18.7
15:44:59.525	-15.9
15:44:59.537	-13.1
15:44:59.549	-14.2
15:44:59.558	-16.8
15:44:59.570	-16.6
15:44:59.582	-13.4
15:44:59.594	-11.4
15:44:59.602	-8.8
15:44:59.615	-6.4
15:44:59.627	-6.3
15:44:59.635	-2.6
15:44:59.648	-1.3
15:44:59.660	3.0
15:44:59.668	7.6
15:44:59.680	10.3
15:44:59.693	11.4
15:44:59.701	12.9
15:44:59.713	12.8
15:44:59.725	16.5
15:44:59.734	18.3
15:44:59.746	17.4
15:44:59.758	16.5
15:44:59.771	17.6
15:44:59.779	19.0
15:44:59.791	20.1
15:44:59.803	20.3
15:44:59.812	21.0
15:44:59.824	22.6
15:44:59.836	22.8
15:44:59.844	22.6
15:44:59.857	23.6
15:44:59.869	25.3
15:44:59.881	25.0
15:44:59.889	23.1
15:44:59.901	24.6
15:44:59.913	23.8
15:44:59.921	24.4
15:44:59.934	24.7
15:44:59.946	26.5
15:44:59.954	29.1
15:44:59.966	32.9
15:44:59.979	35.1
15:44:59.987	38.9
15:44:59.999	44.9
15:45:00.011	50.6
15:45:00.024	57.3
15:45:00.032	64.2
15:45:00.044	69.5
15:45:00.056	75.5
15:45:00.065	81.0
15:45:00.077	83.6
15:45:00.089	88.1
15:45:00.097	92.9
15:45:00.110	97.9
15:45:00.122	102.7
15:45:00.130	106.9
15:45:00.142	109.8
15:45:00.155	114.6
15:45:00.167	118.8
15:45:00.175	124.0
15:45:00.188	127.5
15:45:00.200	132.0
15:45:00.208	137.6
15:45:00.220	141.6
15:45:00.233	143.2
15:45:00.241	145.5
15:45:00.253	147.6
15:45:00.265	150.5
15:45:00.278	151.0
15:45:00.286	150.9
15:45:00.298	154.1
15:45:00.311	156.8
15:45:00.319	159.3
15:45:00.331	161.2
15:45:00.343	165.4
15:45:00.351	169.0
15:45:00.364	172.2
15:45:00.376	177.6
15:45:00.384	183.4
15:45:00.396	188.9
15:45:00.409	192.9
15:45:00.417	195.3
15:45:00.429	194.2
15:45:00.442	196.4
15:45:00.454	196.7
15:45:00.462	197.7
15:45:00.474	200.0
15:45:00.487	195.7
15:45:00.495	194.1
15:45:00.507	190.8
15:45:00.519	189.7
15:45:00.532	189.9
15:45:00.540	193.7
15:45:00.552	191.9
15:45:00.564	192.1
15:45:00.573	193.7
15:45:00.585	193.7
15:45:00.597	198.3
15:45:00.605	199.1
15:45:00.618	200.8
15:45:00.630	201.7
15:45:00.638	201.4
15:45:00.650	201.1
15:45:00.663	203.9
15:45:00.671	206.4
15:45:00.683	212.0
15:45:00.695	218.8
15:45:00.708	225.8
15:45:00.716	235.7
15:45:00.728	245.9
15:45:00.741	256.3
15:45:00.749	267.1
15:45:00.761	274.9
15:45:00.773	283.0
15:45:00.782	286.3
15:45:00.794	291.7
15:45:00.806	293.3
15:45:00.818	292.7
15:45:00.827	289.7
15:45:00.839	287.1
15:45:00.851	283.9
15:45:00.859	281.8
15:45:00.872	278.8
15:45:00.884	274.9
15:45:00.892	274.6
15:45:00.904	268.0
15:45:00.917	266.1
15:45:00.925	264.1
15:45:00.937	263.3
15:45:00.949	262.2
15:45:00.962	260.0
15:45:00.970	259.0
15:45:00.982	258.2
15:45:00.994	256.7
15:45:01.003	253.9
15:45:01.015	253.5
15:45:01.027	250.2
15:45:01.035	246.5
15:45:01.048	244.3
15:45:01.060	241.6
15:45:01.068	239.8
15:45:01.080	238.8
15:45:01.093	236.3
15:45:01.105	237.4
15:45:01.113	240.9
15:45:01.125	241.5
15:45:01.138	241.4
15:45:01.150	247.8
15:45:01.159	251.9
15:45:01.171	257.0
15:45:01.183	264.5
15:45:01.191	267.9
15:45:01.203	272.4
15:45:01.216	277.1
15:45:01.224	278.7
15:45:01.236	282.7
15:45:01.248	285.7
15:45:01.261	283.8
15:45:01.269	282.8
15:45:01.281	281.9
15:45:01.293	277.0
15:45:01.302	275.9
15:45:01.314	273.7
15:45:01.326	269.6
15:45:01.334	268.0
15:45:01.347	262.5
15:45:01.359	258.9
15:45:01.367	252.7
15:45:01.379	247.7
15:45:01.392	239.6
15:45:01.400	231.2
15:45:01.412	220.6
15:45:01.424	210.4
15:45:01.437	201.8
15:45:01.445	189.7
15:45:01.457	182.0
15:45:01.469	169.9
15:45:01.478	160.1
15:45:01.490	147.4
15:45:01.502	137.1
15:45:01.514	129.5
15:45:01.523	120.7
15:45:01.535	114.9
15:45:01.547	105.9
15:45:01.555	99.5
15:45:01.568	88.3
15:45:01.580	84.0
15:45:01.588	78.0
15:45:01.601	72.5
15:45:01.613	68.2
15:45:01.621	62.2
15:45:01.633	57.2
15:45:01.646	51.2
15:45:01.654	46.6
15:45:01.666	41.6
15:45:01.678	38.4
15:45:01.691	34.8
15:45:01.699	29.2
15:45:01.711	21.6
15:45:01.723	11.4
15:45:01.732	-1.0
15:45:01.744	-15.7
15:45:01.756	-28.3
15:45:01.765	-43.3
15:45:01.777	-57.2
15:45:01.789	-72.0
15:45:01.801	-87.5
15:45:01.810	-99.3
15:45:01.822	-111.4
15:45:01.834	-121.3
15:45:01.842	-130.9
15:45:01.855	-136.8
15:45:01.867	-148.4
15:45:01.875	-155.3
15:45:01.887	-164.6
15:45:01.900	-172.2
15:45:01.908	-180.1
15:45:01.920	-187.0
15:45:01.932	-192.4
15:45:01.945	-199.2
15:45:01.953	-205.3
15:45:01.965	-212.4
15:45:01.977	-217.2
15:45:01.986	-222.6
15:45:01.998	-228.5
15:45:02.010	-233.3
15:45:02.018	-239.6
15:45:02.031	-245.0
15:45:02.043	-249.6
15:45:02.051	-250.9
15:45:02.063	-252.2
15:45:02.076	-251.5
15:45:02.088	-250.4
15:45:02.096	-249.2
15:45:02.109	-249.9
15:45:02.121	-250.3
15:45:02.129	-249.0
15:45:02.141	-249.7
15:45:02.154	-251.2
15:45:02.162	-252.5
15:45:02.174	-253.5
15:45:02.186	-255.5
15:45:02.199	-254.7
15:45:02.207	-255.4
15:45:02.219	-252.7
15:45:02.231	-252.8
15:45:02.240	-251.7
15:45:02.252	-250.3
15:45:02.264	-247.5
15:45:02.272	-246.9
15:45:02.285	-242.2
15:45:02.297	-240.3
15:45:02.305	-239.6
15:45:02.317	-237.8
15:45:02.330	-236.4
15:45:02.338	-231.7
15:45:02.350	-230.6
15:45:02.362	-227.3
15:45:02.375	-225.4
15:45:02.383	-223.1
15:45:02.395	-222.0
15:45:02.407	-218.8
15:45:02.416	-215.5
15:45:02.428	-215.4
15:45:02.440	-214.4
15:45:02.452	-213.3
15:45:02.461	-210.0
15:45:02.473	-208.5
15:45:02.485	-207.6
15:45:02.493	-205.1
15:45:02.506	-203.5
15:45:02.518	-201.0
15:45:02.526	-198.8
15:45:02.538	-195.0
15:45:02.551	-191.4
15:45:02.559	-188.3
15:45:02.571	-187.4
15:45:02.583	-185.5
15:45:02.592	-180.2
15:45:02.604	-177.4
15:45:02.616	-175.6
15:45:02.629	-174.4
15:45:02.637	-174.3
15:45:02.649	-172.9
15:45:02.661	-170.2
15:45:02.670	-168.5
15:45:02.682	-165.5
15:45:02.694	-162.6
15:45:02.702	-162.5
15:45:02.715	-161.3
15:45:02.727	-159.8
15:45:02.739	-152.5
15:45:02.747	-147.8
15:45:02.760	-144.2
15:45:02.772	-141.9
15:45:02.780	-139.1
15:45:02.793	-135.2
15:45:02.805	-132.0
15:45:02.813	-129.0
15:45:02.825	-124.9
15:45:02.837	-121.6
15:45:02.846	-123.8
15:45:02.858	-122.0
15:45:02.870	-119.9
15:45:02.883	-118.7
15:45:02.891	-118.4
15:45:02.903	-116.6
15:45:02.915	-115.7
15:45:02.924	-113.2
15:45:02.936	-111.3
15:45:02.948	-107.3
15:45:02.956	-102.3
15:45:02.968	-98.7
15:45:02.981	-95.4
15:45:02.989	-90.2
15:45:03.001	-84.8
15:45:03.014	-80.5
15:45:03.022	-75.4
15:45:03.034	-68.9
15:45:03.046	-64.4
15:45:03.059	-60.4
15:45:03.067	-58.3
15:45:03.079	-53.8
15:45:03.091	-49.7
15:45:03.100	-47.7
15:45:03.112	-45.1
15:45:03.124	-41.2
15:45:03.136	-37.8
15:45:03.145	-36.9
15:45:03.157	-34.3
15:45:03.169	-32.8
15:45:03.177	-30.7
15:45:03.190	-29.6
15:45:03.202	-28.2
15:45:03.210	-24.9
15:45:03.222	-22.2
15:45:03.235	-20.4
15:45:03.243	-20.1
15:45:03.255	-18.3
15:45:03.267	-16.1
15:45:03.280	-15.1
15:45:03.288	-14.1
15:45:03.300	-11.9
15:45:03.313	-10.5
15:45:03.321	-9.3
15:45:03.334	-6.8
15:45:03.345	-7.2
15:45:03.354	-4.5
15:45:03.367	-2.6
15:45:03.379	-3.3
15:45:03.391	-1.5
15:45:03.399	1.8
15:45:03.412	1.2
15:45:03.424	0.7
15:45:03.432	0.7
15:45:03.445	-1.4
15:45:03.457	-1.1
15:45:03.465	-3.3
15:45:03.477	-4.3
15:45:03.490	-5.2
15:45:03.498	-4.9
15:45:03.510	-7.2
15:45:03.522	-9.1
15:45:03.535	-8.3
15:45:03.543	-10.3
15:45:03.555	-10.8
15:45:03.567	-11.6
15:45:03.576	-11.0
15:45:03.588	-13.9
15:45:03.600	-18.7
15:45:03.612	-22.6
15:45:03.621	-27.1
15:45:03.633	-29.5
15:45:03.645	-34.4
15:45:03.653	-36.3
15:45:03.666	-41.9
15:45:03.678	-47.1
15:45:03.686	-54.0
15:45:03.698	-58.5
15:45:03.711	-60.7
15:45:03.723	-66.1
15:45:03.731	-71.2
15:45:03.743	-76.0
15:45:03.756	-81.7
15:45:03.764	-88.0
15:45:03.776	-93.3
15:45:03.788	-99.6
15:45:03.797	-104.8
15:45:03.809	-109.0
15:45:03.821	-112.8
15:45:03.829	-117.9
15:45:03.842	-123.8
15:45:03.854	-130.4
15:45:03.866	-134.8
15:45:03.874	-139.9
15:45:03.887	-141.8
15:45:03.899	-144.6
15:45:03.907	-149.2
15:45:03.920	-152.7
15:45:03.932	-156.3
15:45:03.940	-158.5
15:45:03.952	-157.9
15:45:03.965	-156.7
15:45:03.973	-156.9
15:45:03.985	-159.1
15:45:03.998	-163.0
15:45:04.010	-165.6
15:45:04.018	-165.4
15:45:04.030	-168.4
15:45:04.042	-169.8
15:45:04.051	-170.8
15:45:04.063	-170.9
15:45:04.075	-172.6
15:45:04.083	-173.7
15:45:04.096	-171.9
15:45:04.108	-169.9
15:45:04.120	-169.2
15:45:04.128	-168.8
15:45:04.141	-166.4
15:45:04.153	-165.2
15:45:04.161	-163.2
15:45:04.173	-162.4
15:45:04.186	-158.6
15:45:04.194	-154.4
15:45:04.206	-151.9
15:45:04.218	-147.5
15:45:04.227	-141.3
15:45:04.239	-133.4
15:45:04.251	-128.1
15:45:04.259	-122.7
15:45:04.272	-115.8
15:45:04.284	-109.3
15:45:04.296	-105.5
15:45:04.304	-102.2
15:45:04.317	-97.5
15:45:04.329	-94.8
15:45:04.337	-92.2
15:45:04.350	-92.0
15:45:04.362	-88.2
15:45:04.374	-86.3
15:45:04.382	-86.1
15:45:04.395	-86.6
15:45:04.407	-86.6
15:45:04.415	-85.4
15:45:04.427	-84.6
15:45:04.440	-83.1
15:45:04.448	-83.4
15:45:04.460	-82.8
15:45:04.473	-84.1
15:45:04.481	-84.2
15:45:04.493	-84.1
15:45:04.505	-83.5
15:45:04.514	-81.8
15:45:04.526	-81.6
15:45:04.538	-79.4
15:45:04.550	-78.9
15:45:04.559	-76.8
15:45:04.571	-77.6
15:45:04.583	-77.5
15:45:04.591	-76.2
15:45:04.604	-75.5
15:45:04.616	-75.1
15:45:04.624	-74.9
15:45:04.636	-74.7
15:45:04.649	-76.5
15:45:04.661	-77.2
15:45:04.669	-78.4
15:45:04.681	-77.4
15:45:04.694	-74.4
15:45:04.702	-74.5
15:45:04.714	-72.9
15:45:04.726	-71.9
15:45:04.735	-68.8
15:45:04.747	-67.2
15:45:04.759	-67.2
15:45:04.767	-64.9
15:45:04.780	-62.8
15:45:04.792	-61.0
15:45:04.804	-63.8
15:45:04.812	-63.0
15:45:04.825	-62.9
15:45:04.837	-62.8
15:45:04.845	-66.8
15:45:04.857	-67.6
15:45:04.870	-66.3
15:45:04.878	-67.6
15:45:04.890	-67.8
15:45:04.902	-65.3
15:45:04.911	-63.6
15:45:04.923	-60.1
15:45:04.935	-60.7
15:45:04.943	-58.6
15:45:04.956	-57.3
15:45:04.968	-56.1
15:45:04.980	-55.1
15:45:04.988	-52.5
15:45:05.001	-51.7
15:45:05.013	-54.1
15:45:05.021	-53.1
15:45:05.034	-53.1
15:45:05.046	-51.4
15:45:05.058	-50.3
15:45:05.066	-47.0
15:45:05.079	-47.0
15:45:05.091	-46.0
15:45:05.099	-46.1
15:45:05.111	-45.5
15:45:05.124	-45.2
15:45:05.132	-42.4
15:45:05.144	-42.4
15:45:05.156	-39.1
15:45:05.165	-38.5
15:45:05.177	-36.9
15:45:05.189	-35.5
15:45:05.197	-33.6
15:45:05.210	-32.6
15:45:05.222	-31.1
15:45:05.234	-30.3
15:45:05.242	-31.7
15:45:05.255	-30.6
15:45:05.267	-31.4
15:45:05.279	-31.5
15:45:05.287	-34.1
15:45:05.300	-32.2
15:45:05.312	-35.0
15:45:05.320	-36.0
15:45:05.332	-35.6
15:45:05.345	-34.1
15:45:05.357	-33.0
15:45:05.365	-33.5
15:45:05.377	-31.2
15:45:05.390	-31.4
15:45:05.398	-30.1
15:45:05.410	-30.6
15:45:05.422	-27.2
15:45:05.431	-27.3
15:45:05.443	-28.4
15:45:05.455	-27.7
15:45:05.463	-27.6
15:45:05.476	-25.2
15:45:05.488	-26.2
15:45:05.496	-24.7
15:45:05.508	-20.5
15:45:05.521	-17.8
15:45:05.533	-16.9
15:45:05.541	-12.5
15:45:05.554	-8.3
15:45:05.566	-4.9
15:45:05.574	0.1
15:45:05.586	1.3
15:45:05.598	4.3
15:45:05.607	7.7
15:45:05.619	9.9
15:45:05.632	13.9
15:45:05.644	17.5
15:45:05.652	21.8
15:45:05.664	25.2
15:45:05.676	30.1
15:45:05.685	31.5
15:45:05.697	35.1
15:45:05.709	39.7
15:45:05.717	44.1
15:45:05.730	45.1
15:45:05.742	50.0
15:45:05.750	52.8
15:45:05.762	54.5
15:45:05.775	59.3
15:45:05.787	61.3
15:45:05.795	67.8
15:45:05.807	72.2
15:45:05.820	74.7
15:45:05.828	78.6
15:45:05.840	84.9
15:45:05.852	85.2
15:45:05.861	89.9
15:45:05.873	92.7
15:45:05.885	94.4
15:45:05.893	99.9
15:45:05.906	100.2
15:45:05.918	102.6
15:45:05.930	101.3
15:45:05.938	102.3
15:45:05.951	102.7
15:45:05.963	103.7
15:45:05.971	103.5
15:45:05.983	105.5
15:45:05.996	108.5
15:45:06.004	107.9
15:45:06.016	110.5
15:45:06.029	110.6
15:45:06.041	115.9
15:45:06.049	115.5
15:45:06.061	117.1
15:45:06.074	118.5
15:45:06.082	121.8
15:45:06.094	122.9
15:45:06.106	120.8
15:45:06.115	120.4
15:45:06.127	120.4
15:45:06.139	121.5
15:45:06.147	120.2
15:45:06.160	121.1
15:45:06.172	119.5
15:45:06.180	119.4
15:45:06.192	118.7
15:45:06.205	117.2
15:45:06.217	119.4
15:45:06.225	118.6
15:45:06.237	118.1
15:45:06.250	116.5
15:45:06.258	117.1
15:45:06.270	116.9
15:45:06.282	116.9
15:45:06.295	118.4
15:45:06.303	116.9
15:45:06.315	117.0
15:45:06.328	117.0
15:45:06.336	117.8
15:45:06.348	117.2
15:45:06.360	119.7
15:45:06.368	123.4
15:45:06.381	128.6
15:45:06.393	133.3
15:45:06.401	135.2
15:45:06.413	141.4
15:45:06.426	147.6
15:45:06.434	152.6
15:45:06.446	156.2
15:45:06.459	158.9
15:45:06.471	164.1
15:45:06.479	163.0
15:45:06.492	160.2
15:45:06.504	158.9
15:45:06.512	158.8
15:45:06.524	157.0
15:45:06.536	156.5
15:45:06.544	155.2
15:45:06.557	156.2
15:45:06.569	159.4
15:45:06.581	158.3
15:45:06.590	158.9
15:45:06.602	160.9
15:45:06.614	163.4
15:45:06.622	162.9
15:45:06.635	164.2
15:45:06.647	164.0
15:45:06.655	163.1
15:45:06.668	161.9
15:45:06.680	159.7
15:45:06.688	157.9
15:45:06.700	157.2
15:45:06.713	155.8
15:45:06.725	152.1
15:45:06.733	153.8
15:45:06.746	152.1
15:45:06.758	152.1
15:45:06.766	151.2
15:45:06.778	157.5
15:45:06.791	163.9
15:45:06.799	170.9
15:45:06.811	178.0
15:45:06.823	183.6
15:45:06.832	191.4
15:45:06.844	194.6
15:45:06.856	201.9
15:45:06.864	206.9
15:45:06.877	213.5
15:45:06.889	211.1
15:45:06.901	207.9
15:45:06.909	206.1
15:45:06.922	202.9
15:45:06.934	203.3
15:45:06.942	199.5
15:45:06.954	200.0
15:45:06.967	196.0
15:45:06.979	193.1
15:45:06.987	189.6
15:45:06.999	188.0
15:45:07.012	186.1
15:45:07.024	182.5
15:45:07.032	180.2
15:45:07.044	173.3
15:45:07.057	172.8
15:45:07.065	167.7
15:45:07.077	164.0
15:45:07.089	160.0
15:45:07.098	155.0
15:45:07.110	151.1
15:45:07.122	146.3
15:45:07.130	144.4
15:45:07.143	138.8
15:45:07.155	137.6
15:45:07.163	132.4
15:45:07.176	131.0
15:45:07.188	126.7
15:45:07.200	123.1
15:45:07.208	120.5
15:45:07.221	116.4
15:45:07.233	112.6
15:45:07.241	105.2
15:45:07.253	103.6
15:45:07.266	99.1
15:45:07.278	95.7
15:45:07.286	89.7
15:45:07.298	86.6
15:45:07.310	85.7
15:45:07.318	81.6
15:45:07.330	78.2
15:45:07.343	75.2
15:45:07.351	73.6
15:45:07.363	71.1
15:45:07.375	69.8
15:45:07.384	67.6
15:45:07.396	65.7
15:45:07.408	64.2
15:45:07.416	59.3
15:45:07.429	56.7
15:45:07.441	54.2
15:45:07.453	53.6
15:45:07.462	53.2
15:45:07.474	50.9
15:45:07.486	48.7
15:45:07.494	48.0
15:45:07.507	46.8
15:45:07.519	46.5
15:45:07.527	44.7
15:45:07.539	36.8
15:45:07.552	26.3
15:45:07.564	15.1
15:45:07.572	2.4
15:45:07.584	-8.8
15:45:07.597	-19.0
15:45:07.605	-31.7
15:45:07.617	-44.1
15:45:07.629	-56.2
15:45:07.638	-65.5
15:45:07.650	-69.3
15:45:07.662	-71.6
15:45:07.670	-75.2
15:45:07.683	-76.6
15:45:07.695	-80.4
15:45:07.707	-85.2
15:45:07.715	-88.0
15:45:07.728	-88.4
15:45:07.740	-93.0
15:45:07.748	-96.4
15:45:07.760	-96.9
15:45:07.773	-97.5
15:45:07.782	-97.7
15:45:07.794	-100.0
15:45:07.806	-100.5
15:45:07.815	-100.9
15:45:07.827	-103.4
15:45:07.839	-107.6
15:45:07.851	-110.4
15:45:07.860	-114.5
15:45:07.872	-120.0
15:45:07.884	-121.9
15:45:07.892	-123.7
15:45:07.905	-126.2
15:45:07.917	-128.4
15:45:07.925	-129.8
15:45:07.938	-130.3
15:45:07.950	-131.0
15:45:07.962	-128.2
15:45:07.970	-129.6
15:45:07.983	-130.3
15:45:07.995	-134.4
15:45:08.003	-137.5
15:45:08.015	-138.8
15:45:08.028	-139.6
15:45:08.036	-141.0
15:45:08.048	-142.5
15:45:08.060	-143.3
15:45:08.069	-147.3
15:45:08.081	-144.9
15:45:08.093	-144.2
15:45:08.101	-141.6
15:45:08.114	-139.2
15:45:08.126	-138.7
15:45:08.138	-136.8
15:45:08.146	-135.8
15:45:08.159	-133.8
15:45:08.171	-130.8
15:45:08.179	-128.2
15:45:08.191	-128.7
15:45:08.204	-128.8
15:45:08.216	-127.1
15:45:08.224	-126.7
15:45:08.236	-121.9
15:45:08.249	-122.6
15:45:08.257	-120.4
15:45:08.268	-118.8
15:45:08.281	-118.8
15:45:08.289	-118.8
15:45:08.301	-116.6
15:45:08.313	-113.9
15:45:08.322	-115.0
15:45:08.334	-112.5
15:45:08.346	-114.0
15:45:08.354	-112.0
15:45:08.367	-110.8
15:45:08.379	-111.6
15:45:08.391	-110.2
15:45:08.399	-108.3
15:45:08.412	-105.9
15:45:08.424	-106.1
15:45:08.432	-102.1
15:45:08.444	-101.7
15:45:08.457	-99.9
15:45:08.465	-98.0
15:45:08.477	-96.6
15:45:08.489	-93.4
15:45:08.502	-91.3
15:45:08.510	-89.4
15:45:08.522	-88.2
15:45:08.535	-83.7
15:45:08.543	-83.9
15:45:08.555	-83.2
15:45:08.567	-81.8
15:45:08.576	-80.8
15:45:08.588	-78.9
15:45:08.600	-75.6
15:45:08.608	-74.9
15:45:08.621	-74.1
15:45:08.633	-72.0
15:45:08.645	-69.1
15:45:08.653	-67.6
15:45:08.666	-63.2
15:45:08.678	-60.7
15:45:08.686	-56.4
15:45:08.698	-54.2
15:45:08.711	-51.1
15:45:08.719	-47.4
15:45:08.731	-41.5
15:45:08.744	-38.7
15:45:08.752	-36.4
15:45:08.764	-30.4
15:45:08.776	-26.8
15:45:08.785	-23.8
15:45:08.797	-18.9
15:45:08.809	-16.3
15:45:08.821	-14.0
15:45:08.829	-11.7
15:45:08.842	-10.9
15:45:08.854	-8.6
15:45:08.862	-7.3
15:45:08.875	-6.8
15:45:08.887	-5.6
15:45:08.899	-3.0
15:45:08.907	-5.1
15:45:08.920	-3.1
15:45:08.932	-3.9
15:45:08.940	-1.4
15:45:08.952	0.2
15:45:08.965	-0.1
15:45:08.973	0.6
15:45:08.985	2.4
15:45:08.997	2.5
15:45:09.006	1.1
15:45:09.018	5.1
15:45:09.030	5.2
15:45:09.038	8.3
15:45:09.051	9.1
15:45:09.063	10.4
15:45:09.075	11.5
15:45:09.083	11.9
15:45:09.096	14.6
15:45:09.108	15.3
15:45:09.116	19.0
15:45:09.129	18.4
15:45:09.141	21.3
15:45:09.153	22.0
15:45:09.161	23.3
15:45:09.174	24.2
15:45:09.186	26.3
15:45:09.198	30.7
15:45:09.206	30.1
15:45:09.219	32.5
15:45:09.231	32.0
15:45:09.239	32.2
15:45:09.251	32.5
15:45:09.264	32.6
15:45:09.272	33.4
15:45:09.284	33.8
15:45:09.296	35.7
15:45:09.305	34.4
15:45:09.317	34.1
15:45:09.329	35.5
15:45:09.337	37.7
15:45:09.350	41.0
15:45:09.362	41.2
15:45:09.374	43.4
15:45:09.383	43.9
15:45:09.395	48.0
15:45:09.407	48.3
15:45:09.415	50.8
15:45:09.428	54.3
15:45:09.440	55.4
15:45:09.448	56.9
15:45:09.460	57.6
15:45:09.473	60.4
15:45:09.485	61.8
15:45:09.493	62.7
15:45:09.505	61.3
15:45:09.518	62.2
15:45:09.526	61.6
15:45:09.538	60.5
15:45:09.550	61.7
15:45:09.559	64.3
15:45:09.571	66.5
15:45:09.583	69.8
15:45:09.591	75.1
15:45:09.604	80.0
15:45:09.616	83.5
15:45:09.628	88.3
15:45:09.636	92.6
15:45:09.649	97.8
15:45:09.661	99.4
15:45:09.669	99.3
15:45:09.682	99.8
15:45:09.694	100.4
15:45:09.702	98.6
15:45:09.714	99.8
15:45:09.727	101.3
15:45:09.735	100.9
15:45:09.747	99.4
15:45:09.760	99.9
15:45:09.772	100.6
15:45:09.780	101.2
15:45:09.792	102.5
15:45:09.805	102.0
15:45:09.813	103.3
15:45:09.825	102.3
15:45:09.837	102.6
15:45:09.846	103.7
15:45:09.858	105.7
15:45:09.870	105.3
15:45:09.882	103.8
15:45:09.891	104.1
15:45:09.903	102.4
15:45:09.915	103.5
15:45:09.923	102.1
15:45:09.936	102.4
15:45:09.948	101.3
15:45:09.956	99.7
15:45:09.968	97.9
15:45:09.981	97.3
15:45:09.989	99.0
15:45:10.001	98.6
15:45:10.013	97.7
15:45:10.022	95.4
15:45:10.034	96.4
15:45:10.046	95.6
15:45:10.058	95.7
15:45:10.067	95.5
15:45:10.079	95.9
15:45:10.091	95.8
15:45:10.099	95.2
15:45:10.112	96.4
15:45:10.124	98.7
15:45:10.136	99.3
15:45:10.144	98.2
15:45:10.157	98.2
15:45:10.169	97.4
15:45:10.177	98.0
15:45:10.190	98.6
15:45:10.202	98.6
15:45:10.210	98.4
15:45:10.222	99.3
15:45:10.235	97.4
15:45:10.243	98.1
15:45:10.255	98.5
15:45:10.267	97.9
15:45:10.276	97.9
15:45:10.288	98.5
15:45:10.300	100.0
15:45:10.312	100.2
15:45:10.321	101.3
15:45:10.333	100.4
15:45:10.345	101.3
15:45:10.353	103.4
15:45:10.366	104.0
15:45:10.378	103.7
15:45:10.386	105.6
15:45:10.398	105.3
15:45:10.411	104.5
15:45:10.423	104.1
15:45:10.431	105.2
15:45:10.443	104.8
15:45:10.456	106.3
15:45:10.464	103.1
15:45:10.476	101.8
15:45:10.488	104.3
15:45:10.497	103.7
15:45:10.509	104.1
15:45:10.521	101.6
15:45:10.529	101.3
15:45:10.542	100.3
15:45:10.554	101.3
15:45:10.566	100.4
15:45:10.574	102.5
15:45:10.587	101.4
15:45:10.599	97.1
15:45:10.607	95.1
15:45:10.619	93.6
15:45:10.632	92.8
15:45:10.640	93.0
15:45:10.653	90.7
15:45:10.665	86.0
15:45:10.673	82.6
15:45:10.685	77.8
15:45:10.698	75.9
15:45:10.706	73.7
15:45:10.718	70.7
15:45:10.731	63.8
15:45:10.743	59.9
15:45:10.751	53.2
15:45:10.763	49.0
15:45:10.775	47.4
15:45:10.784	42.4
15:45:10.796	39.1
15:45:10.808	33.0
15:45:10.821	29.1
15:45:10.829	24.6
15:45:10.841	23.1
15:45:10.853	20.8
15:45:10.861	19.6
15:45:10.874	17.9
15:45:10.886	15.4
15:45:10.894	16.8
15:45:10.906	15.5
15:45:10.919	17.2
15:45:10.927	17.3
15:45:10.939	15.5
15:45:10.952	15.7
15:45:10.960	15.5
15:45:10.972	13.3
15:45:10.984	10.7
15:45:10.997	10.2
15:45:11.005	7.6
15:45:11.017	5.6
15:45:11.029	2.3
15:45:11.038	2.7
15:45:11.050	3.4
15:45:11.062	1.7
15:45:11.074	-1.1
15:45:11.083	-5.1
15:45:11.095	-12.6
15:45:11.107	-23.5
15:45:11.119	-32.7
15:45:11.128	-42.2
15:45:11.140	-51.4
15:45:11.152	-62.8
15:45:11.160	-73.8
15:45:11.173	-83.0
15:45:11.185	-92.0
15:45:11.194	-95.9
15:45:11.206	-97.6
15:45:11.218	-100.0
15:45:11.226	-101.6
15:45:11.239	-105.3
15:45:11.251	-105.2
15:45:11.259	-109.0
15:45:11.271	-110.8
15:45:11.284	-114.4
15:45:11.296	-116.5
15:45:11.304	-121.1
15:45:11.316	-123.6
15:45:11.329	-125.2
15:45:11.337	-127.1
15:45:11.348	-128.0
15:45:11.361	-131.0
15:45:11.369	-132.1
15:45:11.381	-132.5
15:45:11.394	-133.0
15:45:11.406	-133.2
15:45:11.414	-130.6
15:45:11.426	-131.4
15:45:11.439	-131.0
15:45:11.447	-131.0
15:45:11.459	-133.0
15:45:11.472	-131.7
15:45:11.480	-130.4
15:45:11.492	-128.8
15:45:11.504	-127.8
15:45:11.513	-125.6
15:45:11.525	-126.6
15:45:11.537	-124.2
15:45:11.549	-123.8
15:45:11.558	-121.1
15:45:11.570	-116.3
15:45:11.582	-116.9
15:45:11.591	-114.1
15:45:11.603	-113.0
15:45:11.615	-109.7
15:45:11.623	-108.7
15:45:11.635	-106.5
15:45:11.648	-105.6
15:45:11.656	-103.7
15:45:11.668	-104.0
15:45:11.680	-100.7
15:45:11.693	-98.0
15:45:11.701	-97.4
15:45:11.713	-95.8
15:45:11.726	-96.9
15:45:11.734	-96.2
15:45:11.746	-96.5
15:45:11.758	-95.0
15:45:11.767	-93.3
15:45:11.779	-89.7
15:45:11.791	-91.4
15:45:11.803	-90.5
15:45:11.812	-89.1
15:45:11.824	-87.8
15:45:11.836	-84.2
15:45:11.844	-82.2
15:45:11.857	-76.4
15:45:11.869	-76.5
15:45:11.877	-74.7
15:45:11.889	-77.1
15:45:11.902	-76.0
15:45:11.910	-73.6
15:45:11.922	-72.3
15:45:11.935	-70.9
15:45:11.943	-69.0
15:45:11.955	-67.7
15:45:11.967	-71.3
15:45:11.980	-69.1
15:45:11.988	-68.9
15:45:12.000	-65.8
15:45:12.012	-64.0
15:45:12.021	-61.1
15:45:12.033	-59.2
15:45:12.045	-57.1
15:45:12.058	-56.9
15:45:12.066	-55.6
15:45:12.078	-55.1
15:45:12.090	-54.3
15:45:12.099	-51.5
15:45:12.111	-51.4
15:45:12.123	-49.5
15:45:12.131	-50.5
15:45:12.144	-49.4
15:45:12.156	-51.0
15:45:12.164	-50.7
15:45:12.176	-51.2
15:45:12.189	-48.0
15:45:12.197	-46.8
15:45:12.209	-46.6
15:45:12.221	-45.4
15:45:12.234	-46.1
15:45:12.242	-45.9
15:45:12.254	-45.8
15:45:12.266	-44.3
15:45:12.275	-44.2
15:45:12.287	-44.2
15:45:12.299	-45.4
15:45:12.307	-46.8
15:45:12.320	-48.5
15:45:12.332	-48.8
15:45:12.344	-47.4
15:45:12.352	-46.9
15:45:12.365	-47.0
15:45:12.377	-45.1
15:45:12.385	-44.3
15:45:12.397	-44.1
15:45:12.410	-41.4
15:45:12.418	-39.5
15:45:12.430	-38.1
15:45:12.442	-36.9
15:45:12.451	-34.9
15:45:12.463	-34.7
15:45:12.475	-33.1
15:45:12.488	-33.3
15:45:12.496	-32.5
15:45:12.508	-29.7
15:45:12.520	-30.3
15:45:12.528	-31.1
15:45:12.541	-31.8
15:45:12.553	-31.3
15:45:12.561	-33.4
15:45:12.574	-32.2
15:45:12.586	-32.9
15:45:12.594	-31.5
15:45:12.606	-31.4
15:45:12.619	-33.5
15:45:12.627	-34.1
15:45:12.639	-31.9
15:45:12.651	-29.1
15:45:12.664	-27.8
15:45:12.672	-26.5
15:45:12.684	-25.2
15:45:12.696	-25.1
15:45:12.705	-25.3
15:45:12.717	-25.1
15:45:12.729	-22.6
15:45:12.741	-21.8
15:45:12.750	-22.3
15:45:12.762	-22.9
15:45:12.774	-23.7
15:45:12.782	-23.4
15:45:12.795	-23.3
15:45:12.807	-21.2
15:45:12.815	-19.3
15:45:12.827	-19.1
15:45:12.840	-20.6
15:45:12.848	-22.9
15:45:12.860	-22.9
15:45:12.872	-22.1
15:45:12.881	-23.0
15:45:12.893	-22.9
15:45:12.905	-23.8
15:45:12.917	-25.2
15:45:12.926	-27.3
15:45:12.938	-25.5
15:45:12.950	-25.6
15:45:12.958	-24.6
15:45:12.971	-24.1
15:45:12.983	-25.2
15:45:12.995	-24.3
15:45:13.003	-23.3
15:45:13.016	-22.3
15:45:13.028	-22.2
15:45:13.036	-23.0
15:45:13.049	-25.1
15:45:13.061	-23.4
15:45:13.073	-22.1
15:45:13.081	-22.3
15:45:13.094	-20.2
15:45:13.106	-19.6
15:45:13.114	-17.9
15:45:13.126	-19.5
15:45:13.139	-19.2
15:45:13.147	-18.8
15:45:13.159	-18.3
15:45:13.171	-17.1
15:45:13.180	-15.1
15:45:13.192	-13.8
15:45:13.204	-13.3
15:45:13.216	-10.4
15:45:13.225	-12.0
15:45:13.237	-11.7
15:45:13.249	-10.9
15:45:13.257	-10.7
15:45:13.270	-9.2
15:45:13.282	-13.2
15:45:13.290	-14.6
15:45:13.302	-14.4
15:45:13.315	-12.0
15:45:13.327	-10.9
15:45:13.335	-8.3
15:45:13.347	-4.2
15:45:13.360	-0.7
15:45:13.368	2.1
15:45:13.380	4.1
15:45:13.392	8.7
15:45:13.401	12.7
15:45:13.413	13.8
15:45:13.425	13.5
15:45:13.433	14.8
15:45:13.446	16.7
15:45:13.458	18.2
15:45:13.470	18.2
15:45:13.478	21.6
15:45:13.491	26.1
15:45:13.503	32.6
15:45:13.511	35.4
15:45:13.524	41.6
15:45:13.536	44.8
15:45:13.544	47.5
15:45:13.556	49.0
15:45:13.568	49.9
15:45:13.577	50.7
15:45:13.589	50.5
15:45:13.601	50.6
15:45:13.614	47.7
15:45:13.622	46.0
15:45:13.634	44.6
15:45:13.646	43.9
15:45:13.655	41.7
15:45:13.667	41.6
15:45:13.679	40.8
15:45:13.687	42.7
15:45:13.700	41.6
15:45:13.712	38.3
15:45:13.724	35.5
15:45:13.732	33.4
15:45:13.745	30.4
15:45:13.757	27.9
15:45:13.765	24.4
15:45:13.777	20.7
15:45:13.790	18.5
15:45:13.798	12.1
15:45:13.810	10.3
15:45:13.822	6.7
15:45:13.831	7.0
15:45:13.843	5.9
15:45:13.855	3.7
15:45:13.863	0.6
15:45:13.876	-0.8
15:45:13.888	-3.1
15:45:13.900	-7.8
15:45:13.908	-8.2
15:45:13.921	-11.5
15:45:13.933	-14.3
15:45:13.941	-18.8
15:45:13.953	-22.5
15:45:13.966	-25.8
15:45:13.978	-28.8
15:45:13.986	-32.6
15:45:13.999	-35.2
15:45:14.011	-36.4
15:45:14.019	-40.1
15:45:14.031	-44.0
15:45:14.044	-45.3
15:45:14.052	-47.3
15:45:14.064	-50.8
15:45:14.076	-53.2
15:45:14.084	-55.5
15:45:14.097	-58.8
15:45:14.109	-62.4
15:45:14.117	-65.9
15:45:14.130	-68.5
15:45:14.142	-72.0
15:45:14.154	-72.5
15:45:14.162	-76.8
15:45:14.175	-77.9
15:45:14.187	-81.0
15:45:14.195	-83.2
15:45:14.207	-85.4
15:45:14.220	-86.0
15:45:14.228	-87.6
15:45:14.240	-88.8
15:45:14.252	-88.0
15:45:14.265	-92.1
15:45:14.273	-89.1
15:45:14.285	-89.7
15:45:14.297	-89.4
15:45:14.306	-91.6
15:45:14.318	-91.4
15:45:14.330	-93.3
15:45:14.338	-92.6
15:45:14.351	-91.6
15:45:14.363	-91.7
15:45:14.371	-91.5
15:45:14.383	-94.4
15:45:14.396	-94.5
15:45:14.408	-95.0
15:45:14.416	-91.1
15:45:14.428	-90.1
15:45:14.441	-87.5
15:45:14.449	-87.5
15:45:14.461	-86.9
15:45:14.474	-87.2
15:45:14.482	-87.7
15:45:14.494	-86.0
15:45:14.506	-86.7
15:45:14.515	-85.3
15:45:14.527	-87.5
15:45:14.539	-88.3
15:45:14.547	-89.9
15:45:14.560	-92.6
15:45:14.572	-96.2
15:45:14.584	-97.9
15:45:14.592	-97.5
15:45:14.605	-99.4
15:45:14.617	-100.5
15:45:14.625	-102.6
15:45:14.638	-104.4
15:45:14.650	-106.0
15:45:14.662	-108.1
15:45:14.670	-105.4
15:45:14.683	-105.1
15:45:14.695	-104.1
15:45:14.703	-104.6
15:45:14.715	-104.9
15:45:14.728	-105.7
15:45:14.736	-105.9
15:45:14.748	-105.4
15:45:14.760	-103.7
15:45:14.769	-101.2
15:45:14.781	-103.4
15:45:14.793	-102.6
15:45:14.805	-102.3
15:45:14.814	-99.5
15:45:14.826	-98.2
15:45:14.838	-94.6
15:45:14.846	-93.4
15:45:14.859	-92.8
15:45:14.871	-91.0
15:45:14.879	-89.4
15:45:14.891	-87.8
15:45:14.904	-83.2
15:45:14.916	-81.2
15:45:14.924	-80.7
15:45:14.936	-78.9
15:45:14.949	-78.2
15:45:14.957	-77.5
15:45:14.969	-74.1
15:45:14.981	-73.4
15:45:14.990	-73.4
15:45:15.002	-71.8
15:45:15.014	-72.8
15:45:15.026	-71.7
15:45:15.035	-71.5
15:45:15.047	-72.2
15:45:15.059	-71.8
15:45:15.067	-70.0
15:45:15.080	-70.5
15:45:15.092	-69.3
15:45:15.100	-68.1
15:45:15.112	-67.0
15:45:15.125	-66.1
15:45:15.137	-65.4
15:45:15.145	-64.7
15:45:15.158	-64.1
15:45:15.170	-64.4
15:45:15.178	-61.8
15:45:15.190	-59.9
15:45:15.203	-59.0
15:45:15.211	-58.2
15:45:15.223	-56.3
15:45:15.235	-54.0
15:45:15.248	-54.1
15:45:15.256	-52.1
15:45:15.268	-49.2
15:45:15.280	-48.3
15:45:15.289	-49.3
15:45:15.301	-49.3
15:45:15.313	-49.5
15:45:15.321	-48.0
15:45:15.334	-46.3
15:45:15.346	-46.2
15:45:15.354	-44.2
15:45:15.366	-45.0
15:45:15.379	-45.8
15:45:15.391	-41.8
15:45:15.399	-38.6
15:45:15.412	-37.6
15:45:15.424	-36.1
15:45:15.432	-34.0
15:45:15.444	-34.3
15:45:15.456	-35.0
15:45:15.465	-34.2
15:45:15.477	-32.7
15:45:15.489	-31.7
15:45:15.497	-32.7
15:45:15.510	-33.7
15:45:15.522	-32.3
15:45:15.534	-32.6
15:45:15.543	-33.1
15:45:15.555	-33.6
15:45:15.567	-31.9
15:45:15.575	-31.3
15:45:15.587	-30.0
15:45:15.600	-28.3
15:45:15.608	-28.8
15:45:15.620	-28.3
15:45:15.633	-29.1
15:45:15.645	-26.7
15:45:15.653	-27.2
15:45:15.665	-24.4
15:45:15.678	-24.3
15:45:15.686	-24.0
15:45:15.698	-25.0
15:45:15.710	-26.0
15:45:15.719	-23.9
15:45:15.731	-25.7
15:45:15.743	-21.9
15:45:15.751	-23.4
15:45:15.764	-20.7
15:45:15.776	-20.8
15:45:15.784	-22.2
15:45:15.796	-21.7
15:45:15.809	-20.7
15:45:15.821	-20.1
15:45:15.829	-21.2
15:45:15.841	-19.9
15:45:15.854	-22.4
15:45:15.862	-21.1
15:45:15.874	-20.4
15:45:15.886	-20.4
15:45:15.899	-18.6
15:45:15.907	-19.3
15:45:15.919	-19.3
15:45:15.931	-18.6
15:45:15.940	-18.4
15:45:15.952	-17.0
15:45:15.964	-14.8
15:45:15.972	-12.9
15:45:15.985	-13.6
15:45:15.997	-12.4
15:45:16.006	-9.7
15:45:16.018	-7.8
15:45:16.030	-5.8
15:45:16.038	-5.0
15:45:16.051	-3.5
15:45:16.063	-3.6
15:45:16.075	-3.8
15:45:16.083	-4.2
15:45:16.096	-6.0
15:45:16.108	-4.4
15:45:16.116	-5.2
15:45:16.129	-4.7
15:45:16.141	-3.8
15:45:16.149	-1.2
15:45:16.161	-0.7
15:45:16.174	1.3
15:45:16.186	3.4
15:45:16.194	4.7
15:45:16.206	7.7
15:45:16.219	8.3
15:45:16.227	10.3
15:45:16.239	9.5
15:45:16.251	11.2
15:45:16.260	11.7
15:45:16.272	14.3
15:45:16.284	15.9
15:45:16.292	16.6
15:45:16.305	19.9
15:45:16.317	19.6
15:45:16.329	19.8
15:45:16.337	19.8
15:45:16.350	24.5
15:45:16.362	27.6
15:45:16.370	32.3
15:45:16.382	36.3
15:45:16.395	41.4
15:45:16.403	46.2
15:45:16.415	49.8
15:45:16.427	56.7
15:45:16.436	62.2
15:45:16.448	68.5
15:45:16.460	73.2
15:45:16.468	75.7
15:45:16.481	78.1
15:45:16.493	80.6
15:45:16.505	80.5
15:45:16.514	82.6
15:45:16.526	84.4
15:45:16.538	86.4
15:45:16.546	85.8
15:45:16.559	85.4
15:45:16.571	84.8
15:45:16.583	83.5
15:45:16.591	82.2
15:45:16.604	81.0
15:45:16.616	82.0
15:45:16.624	81.0
15:45:16.636	80.4
15:45:16.649	76.8
15:45:16.657	78.1
15:45:16.669	77.4
15:45:16.681	77.6
15:45:16.690	79.9
15:45:16.702	79.4
15:45:16.714	81.1
15:45:16.722	81.4
15:45:16.735	82.2
15:45:16.747	82.8
15:45:16.759	88.0
15:45:16.767	89.1
15:45:16.780	92.3
15:45:16.792	91.6
15:45:16.800	92.5
15:45:16.812	94.6
15:45:16.825	95.5
15:45:16.837	99.4
15:45:16.845	100.5
15:45:16.858	102.9
15:45:16.870	102.3
15:45:16.882	102.5
15:45:16.890	104.6
15:45:16.903	107.8
15:45:16.915	108.7
15:45:16.923	109.5
15:45:16.935	111.7
15:45:16.948	110.6
15:45:16.956	111.7
15:45:16.968	110.7
15:45:16.980	110.4
15:45:16.989	112.3
15:45:17.001	109.5
15:45:17.013	108.2
15:45:17.021	107.4
15:45:17.034	111.3
15:45:17.046	113.3
15:45:17.058	114.6
15:45:17.066	117.7
15:45:17.079	121.6
15:45:17.091	124.7
15:45:17.099	127.7
15:45:17.111	131.5
15:45:17.124	134.9
15:45:17.132	138.8
15:45:17.144	137.9
15:45:17.156	136.2
15:45:17.169	137.8
15:45:17.177	137.2
15:45:17.189	135.2
15:45:17.201	135.9
15:45:17.210	133.5
15:45:17.222	134.9
15:45:17.234	134.8
15:45:17.242	134.2
15:45:17.255	134.8
15:45:17.267	135.1
15:45:17.275	134.0
15:45:17.287	133.5
15:45:17.300	132.9
15:45:17.312	132.2
15:45:17.320	133.6
15:45:17.333	131.8
15:45:17.345	130.8
15:45:17.353	131.7
15:45:17.365	130.3
15:45:17.378	130.1
15:45:17.386	130.3
15:45:17.398	132.5
15:45:17.410	134.3
15:45:17.418	134.4
15:45:17.431	135.7
15:45:17.443	136.1
15:45:17.455	140.2
15:45:17.464	138.6
15:45:17.476	141.6
15:45:17.488	143.4
15:45:17.496	143.1
15:45:17.509	141.1
15:45:17.521	139.5
15:45:17.529	138.9
15:45:17.542	136.3
15:45:17.554	137.1
15:45:17.566	135.6
15:45:17.574	137.1
15:45:17.587	135.7
15:45:17.599	135.5
15:45:17.607	136.8
15:45:17.619	134.3
15:45:17.632	135.4
15:45:17.640	135.1
15:45:17.652	136.9
15:45:17.664	137.8
15:45:17.673	136.9
15:45:17.685	135.8
15:45:17.697	133.9
15:45:17.705	131.6
15:45:17.718	129.7
15:45:17.730	129.8
15:45:17.742	125.5
15:45:17.750	122.8
15:45:17.763	116.9
15:45:17.775	110.4
15:45:17.783	105.5
15:45:17.795	99.3
15:45:17.808	93.9
15:45:17.820	87.6
15:45:17.828	80.5
15:45:17.840	75.1
15:45:17.853	72.1
15:45:17.861	69.1
15:45:17.873	66.0
15:45:17.886	63.5
15:45:17.894	60.0
15:45:17.906	56.7
15:45:17.918	54.4
15:45:17.926	54.3
15:45:17.939	54.1
15:45:17.951	53.4
15:45:17.959	49.8
15:45:17.971	47.2
15:45:17.984	46.4
15:45:17.997	43.9
15:45:18.005	44.0
15:45:18.016	43.6
15:45:18.029	41.0
15:45:18.037	37.2
15:45:18.049	32.9
15:45:18.061	30.7
15:45:18.070	28.2
15:45:18.082	27.4
15:45:18.094	25.5
15:45:18.106	24.1
15:45:18.115	22.0
15:45:18.127	22.9
15:45:18.139	25.1
15:45:18.147	24.9
15:45:18.160	25.1
15:45:18.172	23.5
15:45:18.180	25.2
15:45:18.192	22.3
15:45:18.205	19.2
15:45:18.213	18.9
15:45:18.225	17.0
15:45:18.237	13.3
15:45:18.250	9.8
15:45:18.259	6.4
15:45:18.270	3.1
15:45:18.283	-0.2
15:45:18.292	-6.2
15:45:18.304	-9.8
15:45:18.316	-11.1
15:45:18.324	-16.6
15:45:18.337	-22.6
15:45:18.349	-27.6
15:45:18.357	-33.2
15:45:18.369	-36.3
15:45:18.382	-38.8
15:45:18.390	-43.1
15:45:18.402	-44.2
15:45:18.414	-47.4
15:45:18.427	-49.1
15:45:18.435	-51.7
15:45:18.447	-53.0
15:45:18.459	-55.0
15:45:18.468	-57.0
15:45:18.480	-59.7
15:45:18.492	-63.4
15:45:18.504	-64.4
15:45:18.513	-65.2
15:45:18.525	-66.8
15:45:18.537	-72.1
15:45:18.545	-76.3
15:45:18.558	-79.2
15:45:18.570	-79.8
15:45:18.578	-82.1
15:45:18.590	-83.3
15:45:18.603	-83.9
15:45:18.611	-86.2
15:45:18.623	-89.7
15:45:18.636	-91.6
15:45:18.644	-92.6
15:45:18.656	-91.5
15:45:18.668	-92.0
15:45:18.681	-92.3
15:45:18.689	-92.1
15:45:18.701	-92.5
15:45:18.713	-92.8
15:45:18.722	-92.8
15:45:18.734	-92.6
15:45:18.746	-93.3
15:45:18.758	-93.3
15:45:18.767	-93.7
15:45:18.779	-94.1
15:45:18.791	-97.2
15:45:18.799	-98.1
15:45:18.812	-99.9
15:45:18.824	-102.1
15:45:18.836	-102.2
15:45:18.844	-102.3
15:45:18.857	-101.1
15:45:18.869	-101.6
15:45:18.877	-102.8
15:45:18.889	-103.9
15:45:18.902	-103.6
15:45:18.910	-103.2
15:45:18.922	-100.9
15:45:18.934	-96.5
15:45:18.943	-95.4
15:45:18.955	-95.5
15:45:18.967	-95.1
15:45:18.979	-92.9
15:45:18.988	-91.2
15:45:19.000	-89.9
15:45:19.012	-89.8
15:45:19.020	-88.1
15:45:19.033	-87.5
15:45:19.045	-87.2
15:45:19.053	-86.1
15:45:19.065	-83.5
15:45:19.078	-80.1
15:45:19.090	-78.9
15:45:19.098	-77.6
15:45:19.111	-75.1
15:45:19.123	-72.2
15:45:19.131	-70.7
15:45:19.143	-69.7
15:45:19.155	-70.2
15:45:19.164	-69.8
15:45:19.176	-67.6
15:45:19.188	-67.7
15:45:19.196	-66.7
15:45:19.209	-63.8
15:45:19.221	-62.2
15:45:19.233	-61.2
15:45:19.242	-62.3
15:45:19.254	-60.2
15:45:19.266	-58.0
15:45:19.274	-55.5
15:45:19.287	-54.7
15:45:19.299	-51.4
15:45:19.307	-49.3
15:45:19.319	-48.2
15:45:19.332	-46.2
15:45:19.340	-43.0
15:45:19.352	-38.5
15:45:19.364	-37.0
15:45:19.377	-34.6
15:45:19.385	-32.4
15:45:19.397	-30.8
15:45:19.409	-31.7
15:45:19.418	-27.9
15:45:19.430	-26.3
15:45:19.442	-25.0
15:45:19.450	-23.5
15:45:19.463	-22.3
15:45:19.475	-19.0
15:45:19.487	-17.4
15:45:19.496	-14.6
15:45:19.508	-12.8
15:45:19.520	-8.4
15:45:19.528	-8.3
15:45:19.540	-4.8
15:45:19.553	-1.0
15:45:19.561	1.1
15:45:19.573	4.1
15:45:19.585	4.9
15:45:19.594	7.0
15:45:19.606	5.5
15:45:19.618	8.6
15:45:19.626	8.7
15:45:19.639	11.1
15:45:19.651	11.0
15:45:19.663	9.9
15:45:19.671	11.2
15:45:19.684	11.0
15:45:19.696	14.2
15:45:19.704	16.0
15:45:19.717	18.9
15:45:19.729	19.4
15:45:19.741	23.7
15:45:19.749	26.5
15:45:19.762	28.9
15:45:19.774	33.5
15:45:19.782	38.8
15:45:19.794	44.5
15:45:19.807	46.9
15:45:19.815	53.1
15:45:19.827	58.9
15:45:19.839	62.2
15:45:19.848	63.6
15:45:19.860	67.1
15:45:19.872	70.4
15:45:19.880	71.1
15:45:19.893	71.5
15:45:19.905	71.0
15:45:19.917	73.7
15:45:19.925	71.7
15:45:19.938	71.5
15:45:19.950	71.8
15:45:19.958	71.2
15:45:19.970	70.0
15:45:19.983	70.6
15:45:19.991	72.3
15:45:20.003	73.4
15:45:20.015	74.6
15:45:20.028	74.0
15:45:20.036	74.8
15:45:20.048	75.1
15:45:20.061	77.4
15:45:20.069	77.5
15:45:20.081	80.3
15:45:20.093	79.2
15:45:20.101	77.6
15:45:20.114	78.3
15:45:20.126	79.7
15:45:20.134	78.8
15:45:20.146	80.0
15:45:20.159	79.6
15:45:20.171	79.6
15:45:20.179	81.2
15:45:20.192	79.5
15:45:20.204	81.4
15:45:20.212	83.9
15:45:20.224	82.8
15:45:20.237	82.4
15:45:20.245	82.4
15:45:20.257	82.5
15:45:20.269	83.7
15:45:20.278	83.6
15:45:20.290	85.3
15:45:20.302	85.7
15:45:20.310	87.7
15:45:20.323	88.8
15:45:20.335	90.9
15:45:20.347	92.1
15:45:20.355	93.1
15:45:20.368	92.6
15:45:20.380	93.6
15:45:20.388	94.8
15:45:20.400	94.8
15:45:20.413	95.4
15:45:20.425	94.8
15:45:20.433	97.1
15:45:20.445	97.2
15:45:20.458	97.1
15:45:20.466	98.5
15:45:20.478	99.9
15:45:20.491	99.4
15:45:20.499	102.1
15:45:20.511	104.1
15:45:20.523	107.5
15:45:20.532	113.2
15:45:20.544	114.0
15:45:20.556	117.5
15:45:20.564	120.9
15:45:20.577	126.0
15:45:20.589	130.3
15:45:20.601	135.6
15:45:20.609	136.7
15:45:20.622	136.8
15:45:20.634	139.7
15:45:20.642	140.6
15:45:20.654	144.9
15:45:20.667	147.3
15:45:20.679	149.8
15:45:20.687	150.9
15:45:20.699	154.1
15:45:20.712	155.5
15:45:20.724	159.0
15:45:20.732	162.4
15:45:20.745	162.8
15:45:20.757	164.8
15:45:20.765	163.1
15:45:20.778	163.4
15:45:20.790	164.0
15:45:20.798	161.7
15:45:20.810	158.4
15:45:20.822	156.3
15:45:20.831	154.1
15:45:20.843	152.4
15:45:20.855	150.8
15:45:20.863	148.2
15:45:20.876	147.4
15:45:20.888	145.7
15:45:20.900	142.5
15:45:20.909	141.9
15:45:20.921	139.8
15:45:20.933	136.8
15:45:20.941	134.2
15:45:20.954	133.9
15:45:20.966	133.1
15:45:20.974	131.7
15:45:20.986	129.3
15:45:20.999	126.9
15:45:21.011	125.6
15:45:21.019	124.1
15:45:21.031	124.2
15:45:21.044	125.8
15:45:21.052	126.3
15:45:21.064	126.8
15:45:21.076	126.3
15:45:21.085	124.9
15:45:21.097	126.9
15:45:21.109	128.5
15:45:21.117	130.1
15:45:21.130	131.2
15:45:21.142	131.8
15:45:21.154	131.0
15:45:21.162	128.0
15:45:21.175	125.2
15:45:21.187	122.5
15:45:21.195	118.8
15:45:21.207	113.5
15:45:21.220	108.6
15:45:21.228	103.5
15:45:21.240	96.8
15:45:21.252	91.1
15:45:21.261	83.0
15:45:21.273	78.3
15:45:21.285	70.8
15:45:21.298	61.1
15:45:21.306	51.0
15:45:21.318	42.7
15:45:21.330	32.1
15:45:21.338	22.3
15:45:21.350	14.8
15:45:21.362	5.6
15:45:21.371	0.5
15:45:21.383	-7.6
15:45:21.395	-15.5
15:45:21.407	-20.1
15:45:21.416	-23.1
15:45:21.428	-26.2
15:45:21.441	-27.5
15:45:21.448	-29.7
15:45:21.461	-31.8
15:45:21.473	-33.3
15:45:21.481	-35.1
15:45:21.494	-38.3
15:45:21.507	-37.0
15:45:21.515	-38.1
15:45:21.527	-38.4
15:45:21.539	-39.4
15:45:21.548	-42.0
15:45:21.560	-45.2
15:45:21.572	-46.4
15:45:21.584	-48.9
15:45:21.593	-50.7
15:45:21.605	-49.3
15:45:21.617	-51.1
15:45:21.625	-53.0
15:45:21.638	-55.9
15:45:21.650	-57.1
15:45:21.662	-57.4
15:45:21.670	-56.1
15:45:21.683	-55.9
15:45:21.695	-54.3
15:45:21.703	-55.6
15:45:21.716	-57.4
15:45:21.728	-60.0
15:45:21.736	-60.5
15:45:21.748	-58.1
15:45:21.761	-59.1
15:45:21.769	-59.8
15:45:21.781	-58.3
15:45:21.793	-59.8
15:45:21.801	-62.1
15:45:21.814	-61.6
15:45:21.826	-61.7
15:45:21.838	-62.1
15:45:21.846	-62.6
15:45:21.858	-65.3
15:45:21.870	-65.7
15:45:21.879	-65.7
15:45:21.891	-68.9
15:45:21.903	-68.4
15:45:21.911	-70.0
15:45:21.924	-68.8
15:45:21.936	-68.9
15:45:21.948	-67.6
15:45:21.957	-68.1
15:45:21.969	-68.6
15:45:21.981	-70.8
15:45:21.989	-74.9
15:45:22.002	-78.1
15:45:22.014	-82.0
15:45:22.022	-84.4
15:45:22.034	-88.4
15:45:22.047	-91.9
15:45:22.055	-95.1
15:45:22.067	-98.5
15:45:22.079	-103.0
15:45:22.092	-106.9
15:45:22.100	-109.0
15:45:22.112	-111.3
15:45:22.124	-117.2
15:45:22.133	-120.9
15:45:22.145	-127.2
15:45:22.157	-132.1
15:45:22.165	-137.2
15:45:22.178	-139.6
15:45:22.190	-141.4
15:45:22.198	-145.3
15:45:22.210	-147.8
15:45:22.223	-151.0
15:45:22.231	-150.0
15:45:22.243	-150.4
15:45:22.256	-150.4
15:45:22.268	-150.6
15:45:22.276	-153.1
15:45:22.288	-155.1
15:45:22.301	-156.7
15:45:22.309	-157.1
15:45:22.321	-157.8
15:45:22.333	-157.5
15:45:22.346	-159.1
15:45:22.354	-160.6
15:45:22.366	-161.9
15:45:22.378	-163.1
15:45:22.387	-162.6
15:45:22.399	-160.6
15:45:22.411	-159.2
15:45:22.419	-158.0
15:45:22.432	-157.2
15:45:22.444	-154.4
15:45:22.452	-149.9
15:45:22.464	-147.5
15:45:22.477	-143.7
15:45:22.485	-141.1
15:45:22.497	-135.5
15:45:22.509	-133.7
15:45:22.522	-132.1
15:45:22.530	-127.6
15:45:22.542	-123.7
15:45:22.554	-122.3
15:45:22.563	-122.9
15:45:22.575	-119.4
15:45:22.587	-116.6
15:45:22.599	-115.4
15:45:22.608	-115.3
15:45:22.620	-114.0
15:45:22.632	-112.1
15:45:22.644	-110.4
15:45:22.653	-109.6
15:45:22.665	-107.1
15:45:22.677	-104.3
15:45:22.685	-104.0
15:45:22.698	-104.3
15:45:22.710	-102.6
15:45:22.718	-101.7
15:45:22.731	-97.9
15:45:22.739	-94.6
15:45:22.751	-89.9
15:45:22.763	-88.7
15:45:22.776	-87.2
15:45:22.784	-86.2
15:45:22.796	-84.9
15:45:22.808	-84.2
15:45:22.817	-79.4
15:45:22.829	-77.9
15:45:22.841	-80.2
15:45:22.849	-81.6
15:45:22.862	-85.4
15:45:22.874	-85.1
15:45:22.886	-85.1
15:45:22.894	-85.1
15:45:22.907	-83.8
15:45:22.919	-81.8
15:45:22.931	-82.2
15:45:22.939	-81.6
15:45:22.952	-79.4
15:45:22.964	-77.2
15:45:22.972	-75.6
15:45:22.984	-72.7
15:45:22.997	-72.5
15:45:23.005	-71.3
15:45:23.017	-69.4
15:45:23.030	-68.8
15:45:23.038	-68.6
15:45:23.050	-65.7
15:45:23.062	-65.5
15:45:23.075	-64.0
15:45:23.083	-62.7
15:45:23.095	-62.7
15:45:23.107	-61.3
15:45:23.116	-60.0
15:45:23.128	-59.6
15:45:23.140	-58.5
15:45:23.148	-57.2
15:45:23.161	-56.3
15:45:23.173	-53.6
15:45:23.181	-55.0
15:45:23.193	-55.3
15:45:23.206	-54.5
15:45:23.218	-53.1
15:45:23.226	-53.7
15:45:23.238	-51.6
15:45:23.251	-49.3
15:45:23.259	-47.1
15:45:23.271	-47.3
15:45:23.283	-45.5
15:45:23.292	-40.8
15:45:23.304	-38.9
15:45:23.316	-36.4
15:45:23.328	-35.4
15:45:23.337	-32.2
15:45:23.349	-32.4
15:45:23.361	-33.4
15:45:23.369	-34.1
15:45:23.382	-32.9
15:45:23.394	-31.9
15:45:23.402	-33.6
15:45:23.414	-31.5
15:45:23.427	-32.1
15:45:23.435	-31.5
15:45:23.447	-31.4
15:45:23.459	-31.5
15:45:23.468	-32.0
15:45:23.480	-32.4
15:45:23.492	-33.7
15:45:23.504	-36.0
15:45:23.513	-34.6
15:45:23.525	-36.4
15:45:23.537	-37.1
15:45:23.545	-39.5
15:45:23.558	-38.6
15:45:23.570	-39.1
15:45:23.582	-35.4
15:45:23.591	-34.2
15:45:23.603	-32.4
15:45:23.615	-29.6
15:45:23.623	-29.9
15:45:23.636	-29.1
15:45:23.648	-25.6
15:45:23.656	-23.2
15:45:23.668	-23.4
15:45:23.681	-19.1
15:45:23.689	-18.5
15:45:23.701	-16.2
15:45:23.713	-14.5
15:45:23.722	-13.9
15:45:23.734	-10.2
15:45:23.746	-7.9
15:45:23.758	-7.7
15:45:23.767	-3.5
15:45:23.779	-1.3
15:45:23.791	0.3
15:45:23.799	2.6
15:45:23.812	4.4
15:45:23.824	7.7
15:45:23.832	9.8
15:45:23.844	12.4
15:45:23.857	15.2
15:45:23.869	18.3
15:45:23.877	19.5
15:45:23.890	23.1
15:45:23.902	23.7
15:45:23.910	27.4
15:45:23.923	30.6
15:45:23.935	31.4
15:45:23.943	33.1
15:45:23.955	32.8
15:45:23.968	35.0
15:45:23.976	35.6
15:45:23.988	38.2
15:45:24.000	40.0
15:45:24.013	42.5
15:45:24.021	42.7
15:45:24.033	46.0
15:45:24.045	50.4
15:45:24.054	52.5
15:45:24.066	54.3
15:45:24.078	56.7
15:45:24.086	60.2
15:45:24.099	64.0
15:45:24.111	65.2
15:45:24.119	70.7
15:45:24.131	74.6
15:45:24.144	76.5
15:45:24.152	79.6
15:45:24.164	84.9
15:45:24.176	90.4
15:45:24.189	93.9
15:45:24.197	97.7
15:45:24.209	99.7
15:45:24.222	103.2
15:45:24.230	106.0
15:45:24.242	107.7
15:45:24.254	111.3
15:45:24.267	110.0
15:45:24.275	111.5
15:45:24.287	113.0
15:45:24.300	114.4
15:45:24.308	115.0
15:45:24.320	114.7
15:45:24.332	116.6
15:45:24.340	116.9
15:45:24.353	118.0
15:45:24.365	116.8
15:45:24.373	117.7
15:45:24.386	118.0
15:45:24.398	116.9
15:45:24.406	117.5
15:45:24.418	118.3
15:45:24.431	118.8
15:45:24.443	119.3
15:45:24.451	118.7
15:45:24.463	117.2
15:45:24.476	116.4
15:45:24.484	117.9
15:45:24.496	116.7
15:45:24.508	118.2
15:45:24.521	116.8
15:45:24.529	117.1
15:45:24.541	120.8
15:45:24.554	121.8
15:45:24.562	122.2
15:45:24.574	125.1
15:45:24.586	126.8
15:45:24.599	126.9
15:45:24.607	129.6
15:45:24.619	130.6
15:45:24.631	133.0
15:45:24.640	133.8
15:45:24.652	134.7
15:45:24.664	135.2
15:45:24.672	137.9
15:45:24.685	140.7
15:45:24.697	143.6
15:45:24.705	147.8
15:45:24.717	149.4
15:45:24.730	152.6
15:45:24.742	154.4
15:45:24.750	158.6
15:45:24.762	158.7
15:45:24.775	161.2
15:45:24.783	161.0
15:45:24.795	159.7
15:45:24.807	159.7
15:45:24.816	158.7
15:45:24.828	160.0
15:45:24.840	160.8
15:45:24.852	163.6
15:45:24.861	163.6
15:45:24.873	165.3
15:45:24.885	166.0
15:45:24.893	167.9
15:45:24.906	170.3
15:45:24.918	171.9
15:45:24.926	174.4
15:45:24.938	175.1
15:45:24.951	174.9
15:45:24.959	172.8
15:45:24.971	174.2
15:45:24.983	174.3
15:45:24.996	172.8
15:45:25.004	171.1
15:45:25.016	170.2
15:45:25.028	168.6
15:45:25.037	166.7
15:45:25.049	164.2
15:45:25.061	162.0
15:45:25.069	162.0
15:45:25.082	159.8
15:45:25.094	159.3
15:45:25.102	162.8
15:45:25.115	165.1
15:45:25.127	167.4
15:45:25.139	171.6
15:45:25.147	176.0
15:45:25.160	179.2
15:45:25.172	184.0
15:45:25.180	187.9
15:45:25.192	190.7
15:45:25.205	192.9
15:45:25.213	192.5
15:45:25.225	190.3
15:45:25.238	190.7
15:45:25.250	188.2
15:45:25.258	186.3
15:45:25.270	185.7
15:45:25.283	181.4
15:45:25.291	180.3
15:45:25.303	177.2
15:45:25.315	174.4
15:45:25.324	173.9
15:45:25.336	172.9
15:45:25.348	168.6
15:45:25.356	166.2
15:45:25.369	162.9
15:45:25.381	158.8
15:45:25.389	157.0
15:45:25.401	153.2
15:45:25.414	152.7
15:45:25.426	150.9
15:45:25.434	147.0
15:45:25.446	145.8
15:45:25.459	145.0
15:45:25.467	144.3
15:45:25.479	143.3
15:45:25.491	143.4
15:45:25.504	143.6
15:45:25.512	142.1
15:45:25.524	139.9
15:45:25.537	140.7
15:45:25.545	139.4
15:45:25.557	137.1
15:45:25.569	134.5
15:45:25.577	130.7
15:45:25.590	128.2
15:45:25.602	125.6
15:45:25.610	123.4
15:45:25.623	118.4
15:45:25.635	114.3
15:45:25.643	106.2
15:45:25.655	99.1
15:45:25.668	93.4
15:45:25.680	87.4
15:45:25.688	79.3
15:45:25.700	72.1
15:45:25.713	64.0
15:45:25.721	54.3
15:45:25.733	47.4
15:45:25.745	39.8
15:45:25.754	35.9
15:45:25.766	32.0
15:45:25.778	27.3
15:45:25.790	22.8
15:45:25.799	20.6
15:45:25.811	16.5
15:45:25.823	12.6
15:45:25.831	10.3
15:45:25.844	8.2
15:45:25.856	5.6
15:45:25.864	1.5
15:45:25.876	-1.7
15:45:25.889	-4.0
15:45:25.897	-6.3
15:45:25.909	-9.9
15:45:25.921	-10.6
15:45:25.934	-10.9
15:45:25.942	-13.2
15:45:25.954	-15.2
15:45:25.966	-15.9
15:45:25.975	-17.6
15:45:25.987	-20.4
15:45:25.999	-20.5
15:45:26.007	-21.0
15:45:26.020	-19.0
15:45:26.032	-20.8
15:45:26.040	-20.6
15:45:26.052	-20.1
15:45:26.065	-18.8
15:45:26.073	-19.6
15:45:26.085	-19.3
15:45:26.098	-19.2
15:45:26.110	-19.4
15:45:26.118	-19.7
15:45:26.130	-22.8
15:45:26.143	-26.9
15:45:26.151	-35.2
15:45:26.163	-44.7
15:45:26.176	-53.3
15:45:26.188	-61.1
15:45:26.196	-68.8
15:45:26.208	-75.4
15:45:26.221	-81.3
15:45:26.229	-88.4
15:45:26.241	-94.3
15:45:26.253	-95.6
15:45:26.262	-96.8
15:45:26.274	-95.9
15:45:26.286	-98.2
15:45:26.294	-100.9
15:45:26.307	-101.8
15:45:26.319	-104.5
15:45:26.327	-109.7
15:45:26.339	-112.6
15:45:26.352	-113.4
15:45:26.364	-118.6
15:45:26.372	-120.7
15:45:26.384	-124.9
15:45:26.397	-125.5
15:45:26.405	-127.0
15:45:26.417	-130.8
15:45:26.430	-132.9
15:45:26.442	-133.4
15:45:26.450	-134.9
15:45:26.462	-138.1
15:45:26.475	-138.8
15:45:26.483	-139.9
15:45:26.495	-137.6
15:45:26.507	-138.8
15:45:26.516	-137.8
15:45:26.528	-138.6
15:45:26.540	-138.9
15:45:26.552	-141.1
15:45:26.561	-141.8
15:45:26.573	-141.3
15:45:26.585	-142.1
15:45:26.593	-142.5
15:45:26.606	-146.0
15:45:26.618	-143.7
15:45:26.626	-144.6
15:45:26.638	-141.5
15:45:26.651	-138.9
15:45:26.663	-137.6
15:45:26.671	-135.6
15:45:26.683	-135.4
15:45:26.696	-133.7
15:45:26.704	-132.9
15:45:26.716	-129.3
15:45:26.728	-129.0
15:45:26.737	-128.4
15:45:26.749	-130.1
15:45:26.761	-129.3
15:45:26.773	-125.6
15:45:26.782	-125.2
15:45:26.794	-123.4
15:45:26.806	-123.3
15:45:26.814	-120.9
15:45:26.827	-119.8
15:45:26.839	-119.2
15:45:26.847	-119.0
15:45:26.859	-116.9
15:45:26.872	-115.5
15:45:26.880	-116.4
15:45:26.892	-112.4
15:45:26.905	-111.4
15:45:26.917	-108.7
15:45:26.925	-109.0
15:45:26.937	-107.1
15:45:26.950	-105.9
15:45:26.958	-100.9
15:45:26.970	-98.5
15:45:26.982	-97.2
15:45:26.991	-94.0
15:45:27.003	-93.8
15:45:27.015	-90.1
15:45:27.023	-89.9
15:45:27.036	-85.9
15:45:27.048	-82.0
15:45:27.060	-79.0
15:45:27.068	-76.6
15:45:27.081	-73.4
15:45:27.093	-69.7
15:45:27.101	-66.6
15:45:27.113	-63.6
15:45:27.126	-60.7
15:45:27.134	-54.1
15:45:27.146	-52.1
15:45:27.158	-52.5
15:45:27.171	-50.1
15:45:27.179	-50.0
15:45:27.191	-48.5
15:45:27.203	-46.6
15:45:27.212	-44.5
15:45:27.224	-43.4
15:45:27.236	-42.5
15:45:27.244	-43.0
15:45:27.257	-43.6
15:45:27.269	-41.5
15:45:27.277	-40.5
15:45:27.290	-38.1
15:45:27.302	-36.0
15:45:27.310	-35.1
15:45:27.322	-35.1
15:45:27.335	-31.3
15:45:27.347	-30.6
15:45:27.355	-27.8
15:45:27.367	-23.1
15:45:27.380	-21.4
15:45:27.388	-19.5
15:45:27.400	-17.7
15:45:27.412	-16.8
15:45:27.425	-15.1
15:45:27.433	-13.7
15:45:27.445	-14.4
15:45:27.457	-12.2
15:45:27.466	-12.3
15:45:27.478	-11.0
15:45:27.490	-8.3
15:45:27.499	-6.2
15:45:27.511	-3.3
15:45:27.523	0.0
15:45:27.531	3.1
15:45:27.543	5.4
15:45:27.556	8.8
15:45:27.564	9.5
15:45:27.576	11.7
15:45:27.589	11.7
15:45:27.601	14.8
15:45:27.609	16.8
15:45:27.621	16.4
15:45:27.634	18.5
15:45:27.642	17.5
15:45:27.654	19.4
15:45:27.666	18.3
15:45:27.675	20.4
15:45:27.687	23.4
15:45:27.699	27.8
15:45:27.711	29.4
15:45:27.720	31.9
15:45:27.732	37.5
15:45:27.744	39.6
15:45:27.752	43.7
15:45:27.765	46.6
15:45:27.777	49.5
15:45:27.785	51.0
15:45:27.797	53.5
15:45:27.810	53.8
15:45:27.818	55.0
15:45:27.830	59.7
15:45:27.842	60.6
15:45:27.855	63.7
15:45:27.863	68.1
15:45:27.875	71.6
15:45:27.887	74.1
15:45:27.896	78.5
15:45:27.908	80.0
15:45:27.920	85.2
15:45:27.928	87.5
15:45:27.941	87.1
15:45:27.953	90.3
15:45:27.961	91.8
15:45:27.973	93.3
15:45:27.986	94.7
15:45:27.994	100.2
15:45:28.006	102.6
15:45:28.018	105.5
15:45:28.031	105.1
15:45:28.039	106.9
15:45:28.051	109.3
15:45:28.064	110.2
15:45:28.072	112.7
15:45:28.084	113.4
15:45:28.096	116.5
15:45:28.109	114.6
15:45:28.117	113.9
15:45:28.129	110.7
15:45:28.141	112.9
15:45:28.150	114.0
15:45:28.162	114.7
15:45:28.174	115.4
15:45:28.182	114.1
15:45:28.195	113.7
15:45:28.207	110.0
15:45:28.215	109.1
15:45:28.227	111.1
15:45:28.240	115.1
15:45:28.248	115.0
15:45:28.260	115.9
15:45:28.273	116.4
15:45:28.285	115.3
15:45:28.293	116.4
15:45:28.305	118.1
15:45:28.318	119.1
15:45:28.326	121.6
15:45:28.338	121.9
15:45:28.350	122.8
15:45:28.363	122.8
15:45:28.371	124.1
15:45:28.383	123.2
15:45:28.395	125.3
15:45:28.404	125.6
15:45:28.416	125.4
15:45:28.428	126.9
15:45:28.436	127.4
15:45:28.449	128.3
15:45:28.461	128.5
15:45:28.469	131.0
15:45:28.481	129.3
15:45:28.494	130.3
15:45:28.506	132.1
15:45:28.514	132.7
15:45:28.526	133.1
15:45:28.539	133.7
15:45:28.547	135.5
15:45:28.559	135.5
15:45:28.571	136.9
15:45:28.584	136.4
15:45:28.592	137.9
15:45:28.604	137.4
15:45:28.616	136.4
15:45:28.625	137.1
15:45:28.637	139.0
15:45:28.649	140.4
15:45:28.657	140.0
15:45:28.670	140.5
15:45:28.682	139.2
15:45:28.694	139.7
15:45:28.702	140.5
15:45:28.715	141.8
15:45:28.727	141.6
15:45:28.735	142.1
15:45:28.747	140.6
15:45:28.760	139.4
15:45:28.768	140.0
15:45:28.780	141.3
15:45:28.793	144.1
15:45:28.801	145.9
15:45:28.813	147.5
15:45:28.825	148.5
15:45:28.838	149.2
15:45:28.846	147.8
15:45:28.858	147.4
15:45:28.870	145.2
15:45:28.879	142.0
15:45:28.891	137.3
15:45:28.903	132.6
15:45:28.911	127.5
15:45:28.924	121.3
15:45:28.936	117.1
15:45:28.944	112.3
15:45:28.956	109.9
15:45:28.969	105.3
15:45:28.981	102.4
15:45:28.989	98.1
15:45:29.001	94.4
15:45:29.014	88.7
15:45:29.022	83.5
15:45:29.034	80.9
15:45:29.046	74.6
15:45:29.055	69.0
15:45:29.067	60.5
15:45:29.079	56.0
15:45:29.091	51.5
15:45:29.100	47.2
15:45:29.112	42.7
15:45:29.125	38.9
15:45:29.133	34.5
15:45:29.144	29.9
15:45:29.157	25.4
15:45:29.165	23.4
15:45:29.177	21.3
15:45:29.189	17.7
15:45:29.198	14.0
15:45:29.210	12.3
15:45:29.222	10.0
15:45:29.230	10.4
15:45:29.243	8.5
15:45:29.255	5.8
15:45:29.267	5.6
15:45:29.276	3.7
15:45:29.288	2.6
15:45:29.300	-0.5
15:45:29.308	-1.1
15:45:29.321	-2.9
15:45:29.333	-2.4
15:45:29.345	-6.8
15:45:29.353	-8.6
15:45:29.366	-15.3
15:45:29.378	-25.3
15:45:29.386	-37.2
15:45:29.398	-48.8
15:45:29.411	-56.6
15:45:29.419	-67.3
15:45:29.431	-78.7
15:45:29.443	-89.3
15:45:29.452	-97.6
15:45:29.464	-107.6
15:45:29.476	-113.2
15:45:29.484	-115.3
15:45:29.497	-116.6
15:45:29.509	-117.5
15:45:29.521	-119.5
15:45:29.529	-120.8
15:45:29.542	-122.0
15:45:29.554	-125.7
15:45:29.562	-129.3
15:45:29.574	-132.3
15:45:29.587	-135.4
15:45:29.595	-138.0
15:45:29.607	-141.5
15:45:29.619	-144.2
15:45:29.632	-147.2
15:45:29.640	-150.0
15:45:29.652	-151.9
15:45:29.665	-154.6
15:45:29.673	-156.3
15:45:29.685	-157.8
15:45:29.697	-157.5
15:45:29.706	-157.4
15:45:29.718	-155.9
15:45:29.730	-153.7
15:45:29.738	-153.3
15:45:29.751	-151.8
15:45:29.763	-153.2
15:45:29.775	-153.0
15:45:29.783	-151.1
15:45:29.796	-149.0
15:45:29.808	-149.2
15:45:29.816	-151.1
15:45:29.829	-151.6
15:45:29.841	-153.6
15:45:29.849	-150.2
15:45:29.861	-151.8
15:45:29.873	-149.4
15:45:29.882	-147.7
15:45:29.894	-150.4
15:45:29.906	-149.5
15:45:29.914	-148.3
15:45:29.927	-147.0
15:45:29.939	-148.0
15:45:29.951	-147.3
15:45:29.959	-151.9
15:45:29.972	-153.7
15:45:29.984	-158.6
15:45:29.992	-161.4
15:45:30.004	-161.0
15:45:30.017	-164.5
15:45:30.029	-166.7
15:45:30.037	-169.2
15:45:30.050	-168.5
15:45:30.062	-168.6
15:45:30.070	-167.7
15:45:30.082	-167.2
15:45:30.095	-163.2
15:45:30.103	-162.6
15:45:30.115	-161.6
15:45:30.127	-160.3
15:45:30.135	-158.1
15:45:30.148	-155.9
15:45:30.160	-154.8
15:45:30.168	-153.4
15:45:30.180	-151.5
15:45:30.193	-150.0
15:45:30.205	-149.3
15:45:30.213	-146.9
15:45:30.226	-144.3
15:45:30.238	-139.2
15:45:30.246	-139.1
15:45:30.258	-135.2
15:45:30.271	-131.8
15:45:30.284	-129.9
15:45:30.291	-127.1
15:45:30.303	-124.0
15:45:30.317	-122.0
15:45:30.325	-118.2
15:45:30.337	-116.6
15:45:30.349	-117.4
15:45:30.358	-113.6
15:45:30.370	-110.7
15:45:30.382	-109.2
15:45:30.390	-105.1
15:45:30.403	-104.8
15:45:30.415	-102.4
15:45:30.423	-100.0
15:45:30.435	-97.1
15:45:30.448	-95.6
15:45:30.460	-91.0
15:45:30.468	-91.6
15:45:30.480	-92.6
15:45:30.493	-90.8
15:45:30.501	-92.0
15:45:30.513	-90.2
15:45:30.525	-89.3
15:45:30.534	-87.8
15:45:30.546	-88.5
15:45:30.558	-87.7
15:45:30.566	-89.7
15:45:30.579	-87.7
15:45:30.591	-84.8
15:45:30.603	-85.0
15:45:30.611	-84.4
15:45:30.624	-83.6
15:45:30.636	-79.3
15:45:30.644	-78.3
15:45:30.656	-76.9
15:45:30.669	-74.4
15:45:30.677	-73.6
15:45:30.689	-71.6
15:45:30.702	-69.9
15:45:30.714	-68.6
15:45:30.722	-68.1
15:45:30.734	-68.1
15:45:30.747	-70.7
15:45:30.759	-70.6
15:45:30.767	-69.1
15:45:30.779	-69.1
15:45:30.792	-67.3
15:45:30.800	-66.5
15:45:30.812	-64.9
15:45:30.824	-62.5
15:45:30.833	-60.5
15:45:30.845	-59.3
15:45:30.857	-58.2
15:45:30.865	-57.2
15:45:30.878	-57.1
15:45:30.890	-54.4
15:45:30.902	-54.6
15:45:30.910	-53.7
15:45:30.923	-55.2
15:45:30.935	-55.2
15:45:30.943	-54.8
15:45:30.955	-52.8
15:45:30.968	-50.9
15:45:30.976	-48.3
15:45:30.988	-43.8
15:45:31.000	-41.6
15:45:31.013	-35.7
15:45:31.021	-30.4
15:45:31.033	-23.5
15:45:31.045	-15.2
15:45:31.054	-6.8
15:45:31.065	2.1
15:45:31.077	8.4
15:45:31.086	12.7
15:45:31.098	15.1
15:45:31.110	18.3
15:45:31.119	21.3
15:45:31.131	21.7
15:45:31.143	19.7
15:45:31.151	19.8
15:45:31.164	18.6
15:45:31.176	14.3
15:45:31.188	13.5
15:45:31.196	16.2
15:45:31.209	18.6
15:45:31.221	19.5
15:45:31.229	21.9
15:45:31.241	24.6
15:45:31.254	28.3
15:45:31.266	27.7
15:45:31.274	29.1
15:45:31.286	32.1
15:45:31.299	31.5
15:45:31.307	29.9
15:45:31.319	27.4
15:45:31.331	26.9
15:45:31.340	24.1
15:45:31.352	23.8
15:45:31.364	22.5
15:45:31.372	20.9
15:45:31.385	18.8
15:45:31.397	17.2
15:45:31.405	16.7
15:45:31.417	14.1
15:45:31.430	12.7
15:45:31.442	12.1
15:45:31.450	10.2
15:45:31.463	6.6
15:45:31.475	4.2
15:45:31.483	1.6
15:45:31.495	-0.1
15:45:31.508	-3.0
15:45:31.516	-6.4
15:45:31.528	-6.2
15:45:31.540	-7.7
15:45:31.553	-11.3
15:45:31.561	-14.2
15:45:31.573	-15.9
15:45:31.585	-17.6
15:45:31.594	-19.6
15:45:31.606	-20.2
15:45:31.618	-20.5
15:45:31.626	-18.9
15:45:31.639	-20.7
15:45:31.651	-20.0
15:45:31.659	-20.6
15:45:31.671	-20.1
15:45:31.684	-18.8
15:45:31.696	-18.7
15:45:31.704	-17.2
15:45:31.716	-17.7
15:45:31.729	-17.3
15:45:31.737	-13.7
15:45:31.749	-10.5
15:45:31.762	-10.0
15:45:31.770	-5.3
15:45:31.782	-2.6
15:45:31.794	-2.0
15:45:31.802	-0.7
15:45:31.815	1.5
15:45:31.827	3.1
15:45:31.835	4.9
15:45:31.848	4.1
15:45:31.860	5.2
15:45:31.872	7.8
15:45:31.880	8.4
15:45:31.893	9.4
15:45:31.905	11.0
15:45:31.913	12.7
15:45:31.925	14.1
15:45:31.938	17.6
15:45:31.950	21.7
15:45:31.958	22.6
15:45:31.970	24.6
15:45:31.983	25.8
15:45:31.991	25.0
15:45:32.003	27.7
15:45:32.015	32.0
15:45:32.024	32.8
15:45:32.036	33.9
15:45:32.048	34.7
15:45:32.056	37.4
15:45:32.069	40.8
15:45:32.081	43.3
15:45:32.089	46.2
15:45:32.101	49.9
15:45:32.114	52.3
15:45:32.126	53.8
15:45:32.135	59.4
15:45:32.147	63.7
15:45:32.159	66.9
15:45:32.167	66.9
15:45:32.179	68.4
15:45:32.192	70.2
15:45:32.204	70.9
15:45:32.212	74.7
15:45:32.224	78.1
15:45:32.237	79.6
15:45:32.245	80.2
15:45:32.257	80.4
15:45:32.269	82.9
15:45:32.278	85.0
15:45:32.290	86.5
15:45:32.302	88.1
15:45:32.310	91.6
15:45:32.323	93.2
15:45:32.336	95.1
15:45:32.343	98.9
15:45:32.356	101.9
15:45:32.368	106.0
15:45:32.380	110.0
15:45:32.388	114.4
15:45:32.401	116.0
15:45:32.413	118.4
15:45:32.421	119.7
15:45:32.433	120.2
15:45:32.446	120.0
15:45:32.458	120.9
15:45:32.466	122.4
15:45:32.478	125.6
15:45:32.491	127.8
15:45:32.499	131.4
15:45:32.511	136.9
15:45:32.523	141.4
15:45:32.536	146.3
15:45:32.544	151.7
15:45:32.556	154.7
15:45:32.569	159.0
15:45:32.577	162.3
15:45:32.589	165.7
15:45:32.601	168.4
15:45:32.610	168.7
15:45:32.622	169.8
15:45:32.634	169.6
15:45:32.642	170.6
15:45:32.655	171.1
15:45:32.667	174.2
15:45:32.679	175.6
15:45:32.687	177.8
15:45:32.700	178.3
15:45:32.712	177.6
15:45:32.720	178.6
15:45:32.732	181.6
15:45:32.745	180.8
15:45:32.753	178.7
15:45:32.765	178.7
15:45:32.778	177.0
15:45:32.786	174.1
15:45:32.798	172.7
15:45:32.810	169.9
15:45:32.823	167.4
15:45:32.831	166.2
15:45:32.843	160.4
15:45:32.855	160.5
15:45:32.864	160.0
15:45:32.876	157.2
15:45:32.888	155.7
15:45:32.896	153.9
15:45:32.909	151.7
15:45:32.921	150.4
15:45:32.933	149.0
15:45:32.941	145.3
15:45:32.954	147.9
15:45:32.966	145.7
15:45:32.974	143.7
15:45:32.986	143.1
15:45:32.999	143.2
15:45:33.007	141.6
15:45:33.019	140.0
15:45:33.031	139.9
15:45:33.040	139.5
15:45:33.052	141.5
15:45:33.064	136.5
15:45:33.072	135.4
15:45:33.085	134.8
15:45:33.097	133.5
15:45:33.109	130.8
15:45:33.117	129.6
15:45:33.130	129.1
15:45:33.142	126.5
15:45:33.150	124.3
15:45:33.162	119.4
15:45:33.175	119.6
15:45:33.187	117.1
15:45:33.195	110.8
15:45:33.208	105.2
15:45:33.220	99.4
15:45:33.228	93.1
15:45:33.241	87.1
15:45:33.253	79.9
15:45:33.261	71.2
15:45:33.273	64.3
15:45:33.286	56.1
15:45:33.294	48.2
15:45:33.306	44.2
15:45:33.318	36.8
15:45:33.326	31.9
15:45:33.339	30.2
15:45:33.351	26.2
15:45:33.363	22.3
15:45:33.372	20.3
15:45:33.384	16.7
15:45:33.396	11.4
15:45:33.404	8.5
15:45:33.417	3.6
15:45:33.429	2.6
15:45:33.437	2.3
15:45:33.449	-1.3
15:45:33.462	-4.1
15:45:33.474	-6.3
15:45:33.482	-9.4
15:45:33.494	-10.0
15:45:33.507	-9.2
15:45:33.515	-10.6
15:45:33.527	-9.3
15:45:33.539	-10.1
15:45:33.548	-9.6
15:45:33.560	-10.8
15:45:33.572	-10.4
15:45:33.580	-10.3
15:45:33.593	-7.6
15:45:33.605	-9.5
15:45:33.617	-10.0
15:45:33.626	-8.2
15:45:33.638	-6.0
15:45:33.650	-3.4
15:45:33.658	-5.5
15:45:33.670	-3.5
15:45:33.683	-3.6
15:45:33.691	-5.2
15:45:33.703	-9.9
15:45:33.716	-17.3
15:45:33.724	-27.4
15:45:33.736	-35.2
15:45:33.748	-45.0
15:45:33.756	-54.0
15:45:33.769	-61.3
15:45:33.781	-71.2
15:45:33.793	-80.2
15:45:33.802	-88.5
15:45:33.814	-92.4
15:45:33.826	-95.0
15:45:33.834	-95.1
15:45:33.847	-98.3
15:45:33.859	-100.5
15:45:33.871	-102.7
15:45:33.879	-105.3
15:45:33.892	-108.0
15:45:33.904	-112.1
15:45:33.912	-113.9
15:45:33.924	-119.1
15:45:33.937	-118.6
15:45:33.945	-120.5
15:45:33.957	-120.7
15:45:33.969	-122.9
15:45:33.978	-128.1
15:45:33.990	-130.5
15:45:34.002	-132.8
15:45:34.010	-133.8
15:45:34.023	-136.7
15:45:34.035	-138.4
15:45:34.047	-141.3
15:45:34.055	-143.5
15:45:34.068	-145.7
15:45:34.080	-145.9
15:45:34.088	-141.1
15:45:34.100	-141.0
15:45:34.113	-141.8
15:45:34.125	-142.0
15:45:34.133	-141.0
15:45:34.146	-141.0
15:45:34.158	-140.5
15:45:34.167	-137.1
15:45:34.179	-138.3
15:45:34.191	-139.1
15:45:34.199	-140.9
15:45:34.212	-141.9
15:45:34.224	-141.3
15:45:34.231	-139.6
15:45:34.244	-138.1
15:45:34.256	-137.2
15:45:34.264	-137.5
15:45:34.276	-138.8
15:45:34.289	-136.8
15:45:34.301	-134.9
15:45:34.309	-134.6
15:45:34.322	-133.5
15:45:34.334	-132.2
15:45:34.342	-131.9
15:45:34.354	-129.1
15:45:34.367	-126.4
15:45:34.375	-125.1
15:45:34.387	-122.9
15:45:34.399	-121.6
15:45:34.412	-118.9
15:45:34.420	-117.3
15:45:34.432	-116.1
15:45:34.444	-114.7
15:45:34.457	-112.5
15:45:34.465	-113.0
15:45:34.477	-111.2
15:45:34.489	-107.2
15:45:34.498	-105.7
15:45:34.510	-102.3
15:45:34.522	-101.7
15:45:34.530	-98.6
15:45:34.543	-95.0
15:45:34.555	-92.1
15:45:34.563	-88.9
15:45:34.575	-84.5
15:45:34.588	-82.7
15:45:34.596	-80.9
15:45:34.608	-78.0
15:45:34.621	-77.0
15:45:34.633	-71.8
15:45:34.641	-70.1
15:45:34.653	-68.4
15:45:34.666	-67.0
15:45:34.674	-66.0
15:45:34.686	-66.6
15:45:34.698	-64.3
15:45:34.707	-62.7
15:45:34.719	-63.8
15:45:34.731	-62.4
15:45:34.743	-62.7
15:45:34.752	-62.9
15:45:34.764	-61.7
15:45:34.776	-59.2
15:45:34.785	-58.7
15:45:34.797	-55.5
15:45:34.809	-53.3
15:45:34.817	-51.7
15:45:34.829	-46.8
15:45:34.842	-44.2
15:45:34.854	-43.6
15:45:34.862	-38.5
15:45:34.874	-34.9
15:45:34.887	-32.5
15:45:34.895	-29.1
15:45:34.907	-27.0
15:45:34.919	-25.0
15:45:34.928	-22.5
15:45:34.940	-19.5
15:45:34.952	-16.8
15:45:34.960	-14.0
15:45:34.973	-13.2
15:45:34.985	-11.1
15:45:34.993	-8.1
15:45:35.006	-5.9
15:45:35.018	-4.7
15:45:35.030	0.4
15:45:35.038	3.2
15:45:35.051	6.2
15:45:35.063	6.7
15:45:35.071	10.5
15:45:35.083	12.9
15:45:35.096	15.1
15:45:35.108	18.5
15:45:35.116	21.5
15:45:35.128	25.3
15:45:35.141	27.9
15:45:35.149	31.8
15:45:35.161	33.5
15:45:35.173	38.6
15:45:35.182	38.9
15:45:35.194	42.0
15:45:35.206	43.2
15:45:35.214	44.4
15:45:35.227	47.6
15:45:35.239	49.8
15:45:35.247	53.1
15:45:35.259	56.0
15:45:35.272	59.2
15:45:35.284	63.0
15:45:35.292	67.8
15:45:35.304	71.3
15:45:35.317	75.2
15:45:35.325	80.2
15:45:35.337	82.9
15:45:35.349	89.7
15:45:35.358	90.1
15:45:35.370	94.0
15:45:35.382	96.5
15:45:35.394	101.0
15:45:35.403	105.1
15:45:35.415	110.5
15:45:35.427	115.0
15:45:35.435	115.2
15:45:35.448	120.8
15:45:35.460	120.7
15:45:35.468	125.6
15:45:35.481	126.1
15:45:35.493	126.8
15:45:35.501	126.2
15:45:35.513	126.9
15:45:35.526	125.6
15:45:35.538	125.0
15:45:35.546	127.5
15:45:35.558	123.8
15:45:35.571	123.2
15:45:35.579	120.9
15:45:35.591	120.8
15:45:35.603	120.7
15:45:35.612	119.3
15:45:35.624	116.4
15:45:35.636	114.6
15:45:35.644	114.9
15:45:35.657	113.7
15:45:35.669	113.4
15:45:35.677	112.4
15:45:35.689	112.3
15:45:35.702	110.6
15:45:35.714	111.3
15:45:35.722	111.3
15:45:35.734	113.5
15:45:35.747	114.7
15:45:35.755	113.3
15:45:35.767	113.1
15:45:35.779	114.1
15:45:35.792	114.9
15:45:35.800	115.0
15:45:35.812	113.6
15:45:35.825	113.3
15:45:35.833	113.5
15:45:35.845	111.8
15:45:35.857	108.9
15:45:35.865	108.4
15:45:35.878	106.8
15:45:35.890	106.4
15:45:35.898	104.8
15:45:35.911	100.9
15:45:35.923	102.0
15:45:35.931	101.6
15:45:35.943	101.8
15:45:35.956	103.2
15:45:35.968	105.2
15:45:35.976	106.4
15:45:35.988	109.9
15:45:36.001	110.2
15:45:36.009	110.4
15:45:36.021	113.6
15:45:36.033	116.9
15:45:36.046	117.7
15:45:36.054	119.0
15:45:36.066	117.2
15:45:36.078	116.7
15:45:36.087	118.0
15:45:36.099	118.8
15:45:36.111	122.4
15:45:36.119	126.3
15:45:36.132	128.3
15:45:36.144	130.3
15:45:36.152	133.0
15:45:36.164	133.9
15:45:36.177	138.8
15:45:36.185	144.7
15:45:36.197	148.3
15:45:36.210	153.9
15:45:36.222	157.6
15:45:36.230	163.6
15:45:36.242	171.2
15:45:36.255	175.3
15:45:36.263	180.5
15:45:36.275	187.5
15:45:36.287	194.6
15:45:36.296	198.0
15:45:36.308	202.8
15:45:36.320	202.9
15:45:36.328	204.9
15:45:36.341	204.8
15:45:36.353	205.4
15:45:36.365	206.0
15:45:36.377	207.2
15:45:36.386	208.7
15:45:36.398	209.1
15:45:36.410	211.3
15:45:36.418	212.5
15:45:36.431	214.2
15:45:36.443	213.7
15:45:36.451	213.4
15:45:36.463	211.5
15:45:36.476	211.0
15:45:36.484	208.1
15:45:36.496	204.1
15:45:36.508	199.0
15:45:36.521	195.4
15:45:36.529	191.2
15:45:36.541	186.5
15:45:36.554	181.6
15:45:36.562	177.5
15:45:36.574	172.0
15:45:36.586	165.6
15:45:36.595	160.1
15:45:36.607	153.3
15:45:36.619	146.8
15:45:36.627	139.5
15:45:36.640	131.4
15:45:36.652	124.0
15:45:36.664	117.1
15:45:36.672	111.3
15:45:36.685	102.9
15:45:36.697	97.1
15:45:36.705	90.7
15:45:36.717	85.5
15:45:36.730	82.5
15:45:36.738	79.9
15:45:36.750	77.4
15:45:36.762	74.9
15:45:36.775	71.8
15:45:36.783	67.9
15:45:36.795	67.3
15:45:36.807	63.7
15:45:36.816	62.8
15:45:36.828	60.9
15:45:36.840	56.8
15:45:36.848	51.2
15:45:36.862	47.7
15:45:36.873	44.2
15:45:36.881	41.5
15:45:36.894	38.6
15:45:36.907	35.1
15:45:36.915	34.4
15:45:36.927	31.5
15:45:36.939	29.0
15:45:36.952	29.7
15:45:36.960	29.9
15:45:36.972	29.2
15:45:36.984	26.9
15:45:36.993	24.8
15:45:37.005	22.5
15:45:37.017	21.2
15:45:37.029	12.2
15:45:37.038	-1.0
15:45:37.050	-12.6
15:45:37.062	-29.9
15:45:37.070	-45.6
15:45:37.083	-60.9
15:45:37.095	-76.2
15:45:37.103	-89.5
15:45:37.115	-103.4
15:45:37.128	-119.1
15:45:37.136	-127.3
15:45:37.148	-129.4
15:45:37.161	-133.9
15:45:37.169	-135.4
15:45:37.181	-137.3
15:45:37.193	-139.1
15:45:37.206	-138.8
15:45:37.214	-139.3
15:45:37.226	-140.4
15:45:37.238	-140.6
15:45:37.247	-140.8
15:45:37.259	-144.4
15:45:37.271	-145.8
15:45:37.279	-149.2
15:45:37.292	-150.5
15:45:37.304	-153.8
15:45:37.316	-156.7
15:45:37.324	-161.3
15:45:37.337	-163.2
15:45:37.349	-165.5
15:45:37.357	-167.8
15:45:37.369	-166.9
15:45:37.382	-169.7
15:45:37.390	-169.5
15:45:37.402	-170.7
15:45:37.414	-169.5
15:45:37.423	-170.8
15:45:37.435	-172.1
15:45:37.447	-174.9
15:45:37.459	-176.5
15:45:37.468	-176.8
15:45:37.480	-178.4
15:45:37.492	-177.5
15:45:37.500	-179.4
15:45:37.513	-179.0
15:45:37.525	-180.0
15:45:37.533	-176.6
15:45:37.545	-174.5
15:45:37.558	-172.9
15:45:37.566	-171.2
15:45:37.578	-170.9
15:45:37.590	-171.1
15:45:37.598	-170.8
15:45:37.610	-167.5
15:45:37.623	-168.0
15:45:37.635	-167.6
15:45:37.643	-169.6
15:45:37.655	-168.7
15:45:37.668	-167.2
15:45:37.676	-166.3
15:45:37.688	-165.6
15:45:37.700	-164.4
15:45:37.713	-163.1
15:45:37.721	-162.2
15:45:37.733	-158.9
15:45:37.745	-154.9
15:45:37.754	-151.9
15:45:37.766	-150.7
15:45:37.778	-148.3
15:45:37.786	-146.7
15:45:37.799	-143.9
15:45:37.811	-140.3
15:45:37.819	-136.7
15:45:37.831	-133.1
15:45:37.844	-131.1
15:45:37.852	-132.1
15:45:37.864	-130.1
15:45:37.876	-125.4
15:45:37.889	-121.7
15:45:37.897	-117.5
15:45:37.909	-117.1
15:45:37.921	-113.7
15:45:37.930	-113.0
15:45:37.942	-111.5
15:45:37.954	-109.0
15:45:37.966	-104.3
15:45:37.975	-98.7
15:45:37.987	-95.4
15:45:37.999	-92.5
15:45:38.008	-89.8
15:45:38.020	-84.7
15:45:38.033	-82.2
15:45:38.041	-79.0
15:45:38.053	-75.7
15:45:38.066	-72.9
15:45:38.074	-68.5
15:45:38.086	-67.7
15:45:38.099	-65.0
15:45:38.107	-62.8
15:45:38.119	-55.9
15:45:38.131	-51.8
15:45:38.144	-47.1
15:45:38.152	-39.9
15:45:38.164	-36.0
15:45:38.176	-30.3
15:45:38.184	-28.2
15:45:38.197	-24.3
15:45:38.209	-21.8
15:45:38.217	-18.9
15:45:38.230	-18.5
15:45:38.242	-16.0
15:45:38.250	-13.9
15:45:38.263	-13.2
15:45:38.275	-10.3
15:45:38.287	-8.4
15:45:38.295	-3.3
15:45:38.307	0.1
15:45:38.320	0.8
15:45:38.328	3.9
15:45:38.340	7.2
15:45:38.352	8.9
15:45:38.361	10.9
15:45:38.373	11.7
15:45:38.385	14.9
15:45:38.398	14.9
15:45:38.406	15.4
15:45:38.418	14.7
15:45:38.430	21.3
15:45:38.438	24.4
15:45:38.451	29.5
15:45:38.463	36.0
15:45:38.471	42.7
15:45:38.483	50.5
15:45:38.496	56.6
15:45:38.504	62.7
15:45:38.516	72.1
15:45:38.529	87.5
15:45:38.541	97.4
15:45:38.549	110.1
15:45:38.561	118.7
15:45:38.574	129.7
15:45:38.586	138.8
15:45:38.594	150.0
15:45:38.606	161.2
15:45:38.618	174.1
15:45:38.627	182.1
15:45:38.639	187.3
15:45:38.651	197.3
15:45:38.660	205.2
15:45:38.672	215.7
15:45:38.684	224.3
15:45:38.696	235.7
15:45:38.704	243.9
15:45:38.717	253.8
15:45:38.729	263.0
15:45:38.737	271.8
15:45:38.750	283.9
15:45:38.762	291.3
15:45:38.770	301.4
15:45:38.782	309.8
15:45:38.795	320.0
15:45:38.803	328.9
15:45:38.815	337.9
15:45:38.827	345.9
15:45:38.836	354.5
15:45:38.848	365.8
15:45:38.860	371.7
15:45:38.872	378.6
15:45:38.881	382.7
15:45:38.893	386.2
15:45:38.905	388.9
15:45:38.913	390.3
15:45:38.926	392.5
15:45:38.938	394.3
15:45:38.950	398.4
15:45:38.958	398.0
15:45:38.971	398.5
15:45:38.983	399.7
15:45:38.991	401.7
15:45:39.003	404.6
15:45:39.016	405.3
15:45:39.024	406.1
15:45:39.036	415.2
15:45:39.048	424.2
15:45:39.057	432.6
15:45:39.069	464.4
15:45:39.081	517.3
15:45:39.089	569.3
15:45:39.102	616.5
15:45:39.114	662.1
15:45:39.126	706.4
15:45:39.134	749.5
15:45:39.147	783.7
15:45:39.159	815.5
15:45:39.167	847.5
15:45:39.180	857.1
15:45:39.192	846.9
15:45:39.200	837.5
15:45:39.212	835.7
15:45:39.225	848.8
15:45:39.237	869.6
15:45:39.245	894.9
15:45:39.257	923.9
15:45:39.270	951.1
15:45:39.278	973.0
15:45:39.290	997.0
15:45:39.302	1016.0
15:45:39.311	1034.1
15:45:39.323	1047.5
15:45:39.335	1043.7
15:45:39.343	1035.6
15:45:39.356	1023.6
15:45:39.368	1007.2
15:45:39.380	992.6
15:45:39.388	982.7
15:45:39.401	969.3
15:45:39.413	957.2
15:45:39.421	944.8
15:45:39.433	931.1
15:45:39.446	920.1
15:45:39.454	906.9
15:45:39.466	895.4
15:45:39.479	882.2
15:45:39.487	874.8
15:45:39.499	863.4
15:45:39.511	853.0
15:45:39.520	843.6
15:45:39.532	834.0
15:45:39.544	825.2
15:45:39.556	816.7
15:45:39.565	808.3
15:45:39.577	800.0
15:45:39.589	793.2
15:45:39.597	781.2
15:45:39.610	772.1
15:45:39.622	762.4
15:45:39.634	751.2
15:45:39.642	739.0
15:45:39.654	726.8
15:45:39.666	715.5
15:45:39.674	706.2
15:45:39.687	694.8
15:45:39.699	684.0
15:45:39.707	674.1
15:45:39.719	663.6
15:45:39.732	653.1
15:45:39.740	646.7
15:45:39.752	639.6
15:45:39.765	632.6
15:45:39.773	624.0
15:45:39.785	617.1
15:45:39.798	608.7
15:45:39.810	603.7
15:45:39.818	598.1
15:45:39.830	590.4
15:45:39.843	584.0
15:45:39.851	577.0
15:45:39.863	572.4
15:45:39.875	569.1
15:45:39.888	569.6
15:45:39.896	565.9
15:45:39.908	567.2
15:45:39.921	563.7
15:45:39.929	559.5
15:45:39.941	559.0
15:45:39.953	557.2
15:45:39.962	554.5
15:45:39.974	549.6
15:45:39.986	547.6
15:45:39.994	542.1
15:45:40.007	539.6
15:45:40.019	538.4
15:45:40.027	548.6
15:45:40.039	576.1
15:45:40.052	601.6
15:45:40.064	628.4
15:45:40.072	654.4
15:45:40.084	681.3
15:45:40.097	705.3
15:45:40.105	730.1
15:45:40.117	750.5
15:45:40.129	768.6
15:45:40.138	776.5
15:45:40.150	767.4
15:45:40.162	757.2
15:45:40.170	745.1
15:45:40.183	735.2
15:45:40.195	725.6
15:45:40.208	715.5
15:45:40.216	705.6
15:45:40.228	699.7
15:45:40.240	690.6
15:45:40.252	682.8
15:45:40.261	672.4
15:45:40.273	666.2
15:45:40.285	660.0
15:45:40.293	650.7
15:45:40.306	641.8
15:45:40.318	632.2
15:45:40.326	625.8
15:45:40.339	615.5
15:45:40.351	608.6
15:45:40.363	599.4
15:45:40.371	591.8
15:45:40.384	574.5
15:45:40.396	552.3
15:45:40.404	528.2
15:45:40.416	504.9
15:45:40.429	482.5
15:45:40.437	455.0
15:45:40.449	433.5
15:45:40.462	407.4
15:45:40.470	381.2
15:45:40.482	350.5
15:45:40.494	324.9
15:45:40.506	304.0
15:45:40.515	284.6
15:45:40.527	263.9
15:45:40.539	242.6
15:45:40.547	221.4
15:45:40.560	193.9
15:45:40.572	163.9
15:45:40.580	137.6
15:45:40.593	112.7
15:45:40.605	89.6
15:45:40.617	66.9
15:45:40.625	44.4
15:45:40.638	24.7
15:45:40.646	6.9
15:45:40.658	-11.5
15:45:40.670	-27.3
15:45:40.683	-37.1
15:45:40.691	-50.5
15:45:40.703	-61.2
15:45:40.715	-73.6
15:45:40.723	-85.4
15:45:40.735	-94.7
15:45:40.748	-107.5
15:45:40.756	-121.4
15:45:40.768	-133.5
15:45:40.780	-146.3
15:45:40.792	-162.2
15:45:40.801	-175.7
15:45:40.813	-189.6
15:45:40.825	-206.0
15:45:40.833	-249.8
15:45:40.846	-296.2
15:45:40.858	-339.6
15:45:40.870	-382.2
15:45:40.879	-424.7
15:45:40.891	-466.1
15:45:40.903	-507.3
15:45:40.911	-548.1
15:45:40.924	-589.4
15:45:40.936	-628.1
15:45:40.944	-640.6
15:45:40.956	-651.3
15:45:40.969	-660.7
15:45:40.978	-671.9
15:45:40.990	-680.4
15:45:41.002	-689.9
15:45:41.011	-696.3
15:45:41.023	-700.6
15:45:41.035	-702.9
15:45:41.047	-699.8
15:45:41.056	-699.2
15:45:41.068	-697.7
15:45:41.080	-703.7
15:45:41.088	-717.2
15:45:41.101	-731.3
15:45:41.113	-744.8
15:45:41.121	-757.1
15:45:41.133	-769.6
15:45:41.146	-781.2
15:45:41.158	-794.8
15:45:41.166	-804.2
15:45:41.178	-812.1
15:45:41.191	-813.9
15:45:41.199	-807.4
15:45:41.211	-803.4
15:45:41.223	-799.3
15:45:41.232	-797.9
15:45:41.244	-802.2
15:45:41.256	-804.9
15:45:41.264	-809.6
15:45:41.277	-813.4
15:45:41.289	-818.1
15:45:41.301	-824.7
15:45:41.309	-829.5
15:45:41.322	-835.2
15:45:41.334	-838.7
15:45:41.342	-841.9
15:45:41.355	-840.9
15:45:41.367	-840.1
15:45:41.375	-838.1
15:45:41.387	-834.5
15:45:41.400	-832.1
15:45:41.408	-830.1
15:45:41.420	-825.3
15:45:41.432	-820.5
15:45:41.440	-817.6
15:45:41.453	-813.1
15:45:41.465	-807.2
15:45:41.477	-803.0
15:45:41.486	-797.5
15:45:41.498	-792.3
15:45:41.510	-788.4
15:45:41.518	-781.1
15:45:41.531	-776.2
15:45:41.543	-769.8
15:45:41.555	-763.4
15:45:41.563	-755.7
15:45:41.576	-748.9
15:45:41.588	-740.8
15:45:41.596	-733.6
15:45:41.608	-726.3
15:45:41.621	-717.3
15:45:41.629	-710.8
15:45:41.641	-702.2
15:45:41.653	-694.5
15:45:41.662	-687.6
15:45:41.674	-679.7
15:45:41.686	-673.5
15:45:41.695	-668.0
15:45:41.707	-659.1
15:45:41.719	-652.8
15:45:41.731	-645.7
15:45:41.740	-638.9
15:45:41.752	-633.3
15:45:41.764	-625.4
15:45:41.772	-615.0
15:45:41.785	-609.7
15:45:41.797	-602.4
15:45:41.809	-596.0
15:45:41.817	-591.8
15:45:41.830	-585.1
15:45:41.842	-580.7
15:45:41.850	-576.1
15:45:41.862	-569.6
15:45:41.875	-563.7
15:45:41.883	-558.5
15:45:41.895	-550.5
15:45:41.907	-545.3
15:45:41.916	-538.3
15:45:41.928	-530.9
15:45:41.940	-525.6
15:45:41.948	-517.4
15:45:41.961	-508.8
15:45:41.973	-503.4
15:45:41.985	-498.7
15:45:41.993	-492.7
15:45:42.006	-487.4
15:45:42.018	-479.7
15:45:42.026	-472.8
15:45:42.038	-467.1
15:45:42.051	-460.5
15:45:42.059	-456.1
15:45:42.071	-450.8
15:45:42.084	-444.8
15:45:42.092	-438.7
15:45:42.104	-433.3
15:45:42.116	-427.5
15:45:42.129	-421.8
15:45:42.137	-416.8
15:45:42.149	-413.3
15:45:42.161	-408.7
15:45:42.170	-402.4
15:45:42.182	-395.4
15:45:42.194	-388.6
15:45:42.206	-382.0
15:45:42.215	-376.9
15:45:42.227	-371.7
15:45:42.239	-368.0
15:45:42.247	-361.0
15:45:42.260	-352.8
15:45:42.272	-346.0
15:45:42.284	-339.6
15:45:42.292	-332.5
15:45:42.305	-325.9
15:45:42.317	-320.3
15:45:42.325	-314.6
15:45:42.337	-309.0
15:45:42.350	-299.5
15:45:42.358	-293.8
15:45:42.370	-287.3
15:45:42.382	-280.9
15:45:42.391	-275.0
15:45:42.403	-270.8
15:45:42.415	-267.4
15:45:42.427	-263.2
15:45:42.436	-258.9
15:45:42.448	-252.6
15:45:42.460	-249.8
15:45:42.468	-245.9
15:45:42.481	-242.1
15:45:42.492	-239.8
15:45:42.501	-235.5
15:45:42.513	-230.9
15:45:42.525	-227.2
15:45:42.537	-222.7
15:45:42.545	-216.3
15:45:42.558	-214.6
15:45:42.570	-208.0
15:45:42.578	-200.7
15:45:42.591	-193.3
15:45:42.604	-185.2
15:45:42.612	-180.3
15:45:42.624	-175.1
15:45:42.636	-168.9
15:45:42.645	-163.9
15:45:42.657	-159.8
15:45:42.669	-152.8
15:45:42.678	-151.8
15:45:42.690	-149.5
15:45:42.702	-147.9
15:45:42.714	-142.2
15:45:42.723	-136.8
15:45:42.735	-130.9
15:45:42.747	-126.0
15:45:42.755	-121.3
15:45:42.768	-114.4
15:45:42.780	-110.3
15:45:42.792	-102.5
15:45:42.800	-98.6
15:45:42.813	-95.1
15:45:42.825	-93.9
15:45:42.833	-90.1
15:45:42.845	-89.7
15:45:42.858	-89.4
15:45:42.866	-86.4
15:45:42.878	-85.9
15:45:42.890	-81.3
15:45:42.899	-80.5
15:45:42.911	-77.8
15:45:42.924	-74.8
15:45:42.931	-73.1
15:45:42.944	-71.4
15:45:42.956	-69.9
15:45:42.968	-67.4
15:45:42.976	-65.3
15:45:42.989	-63.6
15:45:43.001	-65.8
15:45:43.009	-64.7
15:45:43.021	-64.1
15:45:43.034	-63.2
15:45:43.042	-61.4
15:45:43.054	-62.0
15:45:43.067	-61.4
15:45:43.079	-59.0
15:45:43.087	-58.4
15:45:43.099	-57.5
15:45:43.112	-52.6
15:45:43.120	-53.0
15:45:43.132	-51.5
15:45:43.144	-50.0
15:45:43.153	-48.6
15:45:43.165	-46.2
15:45:43.177	-44.3
15:45:43.185	-42.0
15:45:43.198	-40.8
15:45:43.210	-38.1
15:45:43.222	-38.2
15:45:43.230	-34.6
15:45:43.243	-33.2
15:45:43.255	-33.2
15:45:43.263	-33.7
15:45:43.275	-34.2
15:45:43.288	-31.5
15:45:43.296	-30.6
15:45:43.308	-28.5
15:45:43.320	-29.5
15:45:43.329	-29.3
15:45:43.341	-30.5
15:45:43.353	-30.0
15:45:43.361	-28.3
15:45:43.374	-28.5
15:45:43.386	-27.9
15:45:43.398	-28.2
15:45:43.406	-29.0
15:45:43.419	-29.8
15:45:43.431	-28.6
15:45:43.439	-30.0
15:45:43.451	-30.4
15:45:43.464	-30.8
15:45:43.476	-33.2
15:45:43.484	-32.4
15:45:43.496	-33.6
15:45:43.509	-34.7
15:45:43.517	-34.8
15:45:43.529	-35.5
15:45:43.542	-36.5
15:45:43.550	-36.2
15:45:43.562	-36.2
15:45:43.574	-36.5
15:45:43.583	-35.5
15:45:43.595	-35.5
15:45:43.607	-32.0
15:45:43.615	-31.0
15:45:43.628	-28.9
15:45:43.640	-28.2
15:45:43.652	-28.4
15:45:43.660	-26.3
15:45:43.673	-21.7
15:45:43.685	-20.0
15:45:43.693	-17.5
15:45:43.705	-17.5
15:45:43.718	-20.0
15:45:43.730	-19.0
15:45:43.738	-18.7
15:45:43.750	-16.1
15:45:43.763	-13.2
15:45:43.771	-11.0
15:45:43.783	-11.9
15:45:43.795	-12.4
15:45:43.804	-10.4
15:45:43.816	-6.6
15:45:43.828	-2.4
15:45:43.836	0.4
15:45:43.849	1.8
15:45:43.861	2.3
15:45:43.869	2.0
15:45:43.881	1.8
15:45:43.894	0.7
15:45:43.906	3.3
15:45:43.914	3.6
15:45:43.927	2.9
15:45:43.939	1.9
15:45:43.947	1.1
15:45:43.959	0.9
15:45:43.971	2.8
15:45:43.980	3.4
15:45:43.992	2.4
15:45:44.004	3.2
15:45:44.012	3.1
15:45:44.025	1.4
15:45:44.037	2.4
15:45:44.049	2.3
15:45:44.057	-0.3
15:45:44.070	-1.8
15:45:44.082	-3.7
15:45:44.090	-3.4
15:45:44.103	-2.3
15:45:44.115	-2.0
15:45:44.123	-2.8
15:45:44.135	-1.8
15:45:44.148	-1.9
15:45:44.160	-3.0
15:45:44.168	0.1
15:45:44.180	1.3
15:45:44.193	1.0
15:45:44.201	0.5
15:45:44.213	1.6
15:45:44.226	2.0
15:45:44.234	3.8
15:45:44.246	3.7
15:45:44.258	4.3
15:45:44.266	10.5
15:45:44.279	22.5
15:45:44.291	35.1
15:45:44.299	50.1
15:45:44.312	63.0
15:45:44.324	74.7
15:45:44.336	88.4
15:45:44.344	99.6
15:45:44.357	114.3
15:45:44.369	128.9
15:45:44.381	136.8
15:45:44.389	136.6
15:45:44.402	138.8
15:45:44.414	135.0
15:45:44.422	135.2
15:45:44.434	135.9
15:45:44.447	137.2
15:45:44.459	140.8
15:45:44.467	142.7
15:45:44.479	143.3
15:45:44.491	149.5
15:45:44.499	153.9
15:45:44.511	157.2
15:45:44.524	163.6
15:45:44.532	166.9
15:45:44.544	168.5
15:45:44.556	169.6
15:45:44.565	169.9
15:45:44.577	169.5
15:45:44.589	170.5
15:45:44.597	166.9
15:45:44.610	166.1
15:45:44.622	163.7
15:45:44.634	163.2
15:45:44.643	162.8
15:45:44.655	162.4
15:45:44.667	163.3
15:45:44.675	162.8
15:45:44.688	164.5
15:45:44.700	167.5
15:45:44.712	172.3
15:45:44.721	173.4
15:45:44.734	175.8
15:45:44.746	177.7
15:45:44.754	186.1
15:45:44.766	194.1
15:45:44.779	202.8
15:45:44.787	211.0
15:45:44.799	217.1
15:45:44.811	220.4
15:45:44.820	223.8
15:45:44.832	228.7
15:45:44.844	233.8
15:45:44.852	239.1
15:45:44.865	236.1
15:45:44.877	234.7
15:45:44.889	231.9
15:45:44.897	229.9
15:45:44.910	228.4
15:45:44.922	226.7
15:45:44.930	225.5
15:45:44.942	225.0
15:45:44.955	223.0
15:45:44.963	220.6
15:45:44.975	220.4
15:45:44.988	219.7
15:45:45.000	218.6
15:45:45.008	218.6
15:45:45.020	217.9
15:45:45.032	221.3
15:45:45.041	222.1
15:45:45.053	226.4
15:45:45.065	236.8
15:45:45.073	250.0
15:45:45.086	265.4
15:45:45.098	282.4
15:45:45.106	300.2
15:45:45.118	317.8
15:45:45.131	333.8
15:45:45.143	348.3
15:45:45.151	366.9
15:45:45.164	384.8
15:45:45.176	398.9
15:45:45.184	412.5
15:45:45.197	424.4
15:45:45.209	435.7
15:45:45.217	447.5
15:45:45.229	457.6
15:45:45.241	468.7
15:45:45.250	478.5
15:45:45.262	487.7
15:45:45.274	499.8
15:45:45.282	514.9
15:45:45.295	532.4
15:45:45.307	554.7
15:45:45.319	577.8
15:45:45.327	598.3
15:45:45.340	619.3
15:45:45.352	638.3
15:45:45.360	656.3
15:45:45.372	672.7
15:45:45.385	683.3
15:45:45.396	686.2
15:45:45.404	683.9
15:45:45.417	677.4
15:45:45.429	667.2
15:45:45.437	658.0
15:45:45.450	649.8
15:45:45.462	643.4
15:45:45.470	635.9
15:45:45.482	627.7
15:45:45.495	618.9
15:45:45.503	609.4
15:45:45.515	598.8
15:45:45.527	586.8
15:45:45.536	575.1
15:45:45.548	559.8
15:45:45.560	541.0
15:45:45.572	518.9
15:45:45.581	496.6
15:45:45.593	475.0
15:45:45.605	452.5
15:45:45.613	431.1
15:45:45.626	409.3
15:45:45.638	385.2
15:45:45.650	360.3
15:45:45.658	337.9
15:45:45.671	316.3
15:45:45.683	297.0
15:45:45.691	277.8
15:45:45.703	260.0
15:45:45.716	240.0
15:45:45.724	222.8
15:45:45.736	205.7
15:45:45.748	193.7
15:45:45.757	182.0
15:45:45.769	168.9
15:45:45.781	157.1
15:45:45.789	146.2
15:45:45.802	135.1
15:45:45.814	121.2
15:45:45.826	112.2
15:45:45.834	98.7
15:45:45.847	89.1
15:45:45.859	75.8
15:45:45.867	62.7
15:45:45.880	48.7
15:45:45.892	25.2
15:45:45.900	-2.2
15:45:45.912	-30.0
15:45:45.925	-55.8
15:45:45.933	-83.7
15:45:45.945	-108.8
15:45:45.957	-137.5
15:45:45.970	-163.6
15:45:45.978	-193.2
15:45:45.990	-218.5
15:45:46.002	-236.4
15:45:46.011	-250.6
15:45:46.023	-261.9
15:45:46.035	-273.4
15:45:46.043	-286.7
15:45:46.056	-299.9
15:45:46.068	-313.4
15:45:46.080	-329.0
15:45:46.088	-339.5
15:45:46.101	-352.1
15:45:46.113	-361.8
15:45:46.121	-371.5
15:45:46.133	-379.0
15:45:46.146	-386.9
15:45:46.158	-393.6
15:45:46.166	-397.9
15:45:46.178	-401.0
15:45:46.191	-401.7
15:45:46.199	-403.4
15:45:46.211	-404.0
15:45:46.223	-408.4
15:45:46.232	-413.6
15:45:46.244	-420.3
15:45:46.256	-427.2
15:45:46.268	-429.0
15:45:46.277	-435.2
15:45:46.289	-439.2
15:45:46.301	-444.0
15:45:46.310	-448.9
15:45:46.322	-452.0
15:45:46.334	-452.7
15:45:46.343	-451.7
15:45:46.355	-450.7
15:45:46.367	-448.8
15:45:46.379	-450.2
15:45:46.388	-447.3
15:45:46.400	-449.0
15:45:46.412	-448.6
15:45:46.420	-447.0
15:45:46.433	-448.0
15:45:46.445	-446.4
15:45:46.453	-444.4
15:45:46.466	-444.4
15:45:46.478	-443.4
15:45:46.486	-442.0
15:45:46.498	-441.0
15:45:46.511	-437.9
15:45:46.519	-436.0
15:45:46.531	-433.6
15:45:46.543	-429.1
15:45:46.556	-427.6
15:45:46.564	-425.1
15:45:46.576	-421.9
15:45:46.588	-419.8
15:45:46.597	-416.6
15:45:46.609	-415.7
15:45:46.621	-413.3
15:45:46.633	-412.8
15:45:46.642	-410.9
15:45:46.654	-411.0
15:45:46.666	-409.7
15:45:46.674	-409.3
15:45:46.687	-408.1
15:45:46.699	-406.8
15:45:46.707	-406.1
15:45:46.719	-404.1
15:45:46.732	-402.1
15:45:46.740	-398.9
15:45:46.752	-396.8
15:45:46.764	-395.0
15:45:46.773	-393.2
15:45:46.785	-389.4
15:45:46.797	-385.4
15:45:46.810	-381.9
15:45:46.818	-378.0
15:45:46.830	-373.6
15:45:46.842	-370.6
15:45:46.850	-366.5
15:45:46.863	-363.7
15:45:46.875	-357.9
15:45:46.883	-353.4
15:45:46.896	-349.9
15:45:46.908	-345.2
15:45:46.920	-340.8
15:45:46.928	-337.8
15:45:46.941	-335.3
15:45:46.953	-330.6
15:45:46.961	-327.4
15:45:46.973	-323.3
15:45:46.986	-322.0
15:45:46.994	-317.2
15:45:47.006	-313.2
15:45:47.018	-311.0
15:45:47.027	-306.2
15:45:47.039	-304.2
15:45:47.051	-299.9
15:45:47.064	-296.7
15:45:47.072	-292.1
15:45:47.084	-288.6
15:45:47.096	-283.4
15:45:47.104	-280.7
15:45:47.117	-279.3
15:45:47.129	-273.2
15:45:47.137	-271.7
15:45:47.150	-265.9
15:45:47.162	-262.8
15:45:47.170	-260.1
15:45:47.182	-257.4
15:45:47.195	-254.2
15:45:47.203	-251.7
15:45:47.215	-245.3
15:45:47.228	-238.6
15:45:47.240	-238.7
15:45:47.248	-234.7
15:45:47.260	-232.9
15:45:47.273	-230.4
15:45:47.281	-227.0
15:45:47.293	-224.2
15:45:47.305	-220.0
15:45:47.318	-217.6
15:45:47.326	-216.9
15:45:47.338	-216.4
15:45:47.350	-211.8
15:45:47.359	-209.3
15:45:47.371	-206.7
15:45:47.383	-203.8
15:45:47.391	-201.0
15:45:47.404	-200.1
15:45:47.416	-200.6
15:45:47.424	-198.4
15:45:47.436	-196.4
15:45:47.449	-194.3
15:45:47.457	-192.2
15:45:47.469	-191.2
15:45:47.481	-188.7
15:45:47.494	-187.0
15:45:47.502	-186.5
15:45:47.514	-182.5
15:45:47.527	-179.1
15:45:47.535	-177.2
15:45:47.547	-172.5
15:45:47.559	-169.3
15:45:47.571	-167.5
15:45:47.580	-166.7
15:45:47.592	-165.0
15:45:47.604	-162.0
15:45:47.612	-157.4
15:45:47.625	-157.1
15:45:47.637	-155.7
15:45:47.645	-151.8
15:45:47.658	-153.2
15:45:47.670	-152.0
15:45:47.678	-150.3
15:45:47.690	-145.7
15:45:47.703	-142.4
15:45:47.711	-140.7
15:45:47.723	-138.6
15:45:47.735	-134.8
15:45:47.748	-130.7
15:45:47.756	-131.4
15:45:47.768	-126.8
15:45:47.780	-125.8
15:45:47.789	-123.5
15:45:47.801	-121.3
15:45:47.813	-120.9
15:45:47.821	-118.6
15:45:47.834	-115.1
15:45:47.846	-112.1
15:45:47.854	-110.4
15:45:47.866	-103.9
15:45:47.879	-100.9
15:45:47.891	-94.2
15:45:47.899	-89.8
15:45:47.911	-86.7
15:45:47.924	-81.7
15:45:47.932	-77.6
15:45:47.944	-76.6
15:45:47.956	-73.4
15:45:47.965	-69.9
15:45:47.977	-68.6
15:45:47.989	-66.7
15:45:48.001	-64.7
15:45:48.010	-62.7
15:45:48.022	-58.4
15:45:48.034	-56.2
15:45:48.043	-53.8
15:45:48.055	-49.8
15:45:48.067	-47.9
15:45:48.075	-45.3
15:45:48.088	-43.4
15:45:48.100	-41.0
15:45:48.108	-41.3
15:45:48.120	-39.7
15:45:48.133	-39.4
15:45:48.141	-37.9
15:45:48.153	-36.6
15:45:48.165	-36.7
15:45:48.178	-34.4
15:45:48.186	-32.0
15:45:48.198	-30.9
15:45:48.211	-30.1
15:45:48.219	-28.5
15:45:48.231	-28.0
15:45:48.243	-26.3
15:45:48.256	-25.1
15:45:48.264	-23.4
15:45:48.276	-20.7
15:45:48.288	-20.8
15:45:48.297	-20.9
15:45:48.309	-18.0
15:45:48.321	-13.0
15:45:48.329	-6.6
15:45:48.342	-1.2
15:45:48.354	2.2
15:45:48.362	6.9
15:45:48.375	10.9
15:45:48.387	16.2
15:45:48.399	20.3
15:45:48.407	26.0
15:45:48.420	28.8
15:45:48.432	27.3
15:45:48.440	25.1
15:45:48.452	24.9
15:45:48.465	25.1
15:45:48.477	23.0
15:45:48.485	22.1
15:45:48.497	20.0
15:45:48.510	20.0
15:45:48.518	17.5
15:45:48.530	16.8
15:45:48.542	18.5
15:45:48.555	18.2
15:45:48.563	16.5
15:45:48.575	14.5
15:45:48.588	15.8
15:45:48.596	16.3
15:45:48.608	15.9
15:45:48.620	15.1
15:45:48.628	14.1
15:45:48.641	13.0
15:45:48.653	9.9
15:45:48.661	9.3
15:45:48.673	8.1
15:45:48.686	9.4
15:45:48.694	8.3
15:45:48.706	5.9
15:45:48.718	2.2
15:45:48.731	-1.7
15:45:48.739	-4.9
15:45:48.751	-5.8
15:45:48.764	-9.0
15:45:48.772	-14.0
15:45:48.784	-17.4
15:45:48.796	-22.6
15:45:48.805	-26.8
15:45:48.816	-30.2
15:45:48.828	-34.0
15:45:48.841	-36.0
15:45:48.849	-38.0
15:45:48.861	-39.7
15:45:48.873	-42.2
15:45:48.882	-43.3
15:45:48.894	-45.0
15:45:48.906	-47.4
15:45:48.914	-51.1
15:45:48.927	-57.5
15:45:48.939	-60.0
15:45:48.947	-65.4
15:45:48.960	-70.3
15:45:48.972	-78.6
15:45:48.984	-82.1
15:45:48.992	-86.5
15:45:49.005	-89.7
15:45:49.017	-93.2
15:45:49.025	-94.2
15:45:49.037	-95.0
15:45:49.050	-98.4
15:45:49.058	-99.4
15:45:49.070	-99.5
15:45:49.082	-99.0
15:45:49.091	-101.0
15:45:49.103	-99.8
15:45:49.115	-101.0
15:45:49.123	-100.8
15:45:49.136	-101.8
15:45:49.148	-100.5
15:45:49.160	-97.7
15:45:49.168	-94.9
15:45:49.181	-93.4
15:45:49.193	-92.4
15:45:49.201	-89.8
15:45:49.213	-87.7
15:45:49.226	-85.4
15:45:49.238	-83.0
15:45:49.246	-79.6
15:45:49.258	-76.9
15:45:49.271	-74.9
15:45:49.279	-73.6
15:45:49.291	-72.5
15:45:49.303	-71.0
15:45:49.312	-67.7
15:45:49.324	-66.8
15:45:49.336	-65.9
15:45:49.344	-65.0
15:45:49.358	-63.7
15:45:49.369	-62.6
15:45:49.378	-62.7
15:45:49.390	-60.6
15:45:49.403	-59.7
15:45:49.415	-59.9
15:45:49.423	-60.4
15:45:49.435	-59.4
15:45:49.448	-57.5
15:45:49.456	-57.0
15:45:49.468	-58.5
15:45:49.480	-58.5
15:45:49.493	-56.8
15:45:49.501	-58.1
15:45:49.513	-59.1
15:45:49.526	-56.2
15:45:49.534	-55.1
15:45:49.546	-54.3
15:45:49.558	-54.2
15:45:49.566	-50.3
15:45:49.579	-47.3
15:45:49.591	-43.5
15:45:49.599	-42.1
15:45:49.612	-39.6
15:45:49.624	-35.3
15:45:49.632	-33.5
15:45:49.644	-31.4
15:45:49.657	-28.1
15:45:49.669	-23.8
15:45:49.677	-22.9
15:45:49.689	-21.2
15:45:49.702	-20.0
15:45:49.710	-17.1
15:45:49.722	-14.0
15:45:49.734	-10.7
15:45:49.743	-7.8
15:45:49.755	-5.0
15:45:49.767	-3.7
15:45:49.775	-4.4
15:45:49.788	-4.8
15:45:49.800	-4.3
15:45:49.812	-3.7
15:45:49.820	-3.8
15:45:49.833	-4.3
15:45:49.845	-5.5
15:45:49.853	-6.2
15:45:49.865	-5.6
15:45:49.878	-5.1
15:45:49.886	-4.0
15:45:49.898	-3.8
15:45:49.910	-3.4
15:45:49.923	-2.3
15:45:49.931	-1.1
15:45:49.942	-1.8
15:45:49.955	-2.3
15:45:49.963	-0.6
15:45:49.975	-0.5
15:45:49.987	-0.6
15:45:49.996	-1.9
15:45:50.008	-0.5
15:45:50.020	-1.2
15:45:50.028	-2.8
15:45:50.041	-3.2
15:45:50.053	-2.5
15:45:50.061	-2.7
15:45:50.073	-5.0
15:45:50.086	-6.2
15:45:50.098	-7.2
15:45:50.106	-7.6
15:45:50.119	-7.9
15:45:50.131	-6.0
15:45:50.139	-5.3
15:45:50.151	-6.1
15:45:50.164	-2.8
15:45:50.176	-0.9
15:45:50.184	-0.3
15:45:50.196	0.1
15:45:50.209	-1.1
15:45:50.217	0.2
15:45:50.230	-0.2
15:45:50.241	-0.9
15:45:50.251	-2.0
15:45:50.263	-3.1
15:45:50.275	-6.0
15:45:50.283	-6.5
15:45:50.296	-5.5
15:45:50.308	-4.5
15:45:50.316	-3.0
15:45:50.328	-1.7
15:45:50.341	1.7
15:45:50.353	4.0
15:45:50.361	5.8
15:45:50.373	8.4
15:45:50.386	13.1
15:45:50.398	18.6
15:45:50.406	23.1
15:45:50.418	24.8
15:45:50.431	29.7
15:45:50.439	34.7
15:45:50.451	35.0
15:45:50.463	36.4
15:45:50.476	40.9
15:45:50.484	45.5
15:45:50.496	47.3
15:45:50.508	47.8
15:45:50.517	46.4
15:45:50.529	49.0
15:45:50.541	48.4
15:45:50.549	46.7
15:45:50.562	49.9
15:45:50.574	50.5
15:45:50.582	50.7
15:45:50.595	50.5
15:45:50.607	48.7
15:45:50.615	47.7
15:45:50.627	48.8
15:45:50.640	48.1
15:45:50.652	48.5
15:45:50.660	48.2
15:45:50.672	44.7
15:45:50.685	43.9
15:45:50.693	41.3
15:45:50.705	42.1
15:45:50.717	42.1
15:45:50.726	40.2
15:45:50.738	38.4
15:45:50.750	36.9
15:45:50.762	36.6
15:45:50.771	36.3
15:45:50.783	36.3
15:45:50.795	36.0
15:45:50.803	36.8
15:45:50.816	34.0
15:45:50.828	33.6
15:45:50.836	33.0
15:45:50.848	32.6
15:45:50.861	32.2
15:45:50.869	31.0
15:45:50.881	30.0
15:45:50.893	30.6
15:45:50.906	32.2
15:45:50.914	31.8
15:45:50.926	32.4
15:45:50.938	32.6
15:45:50.947	32.8
15:45:50.959	30.5
15:45:50.971	29.0
15:45:50.979	29.1
15:45:50.992	30.2
15:45:51.004	28.7
15:45:51.012	26.5
15:45:51.024	27.0
15:45:51.037	26.1
15:45:51.045	25.8
15:45:51.057	26.1
15:45:51.070	28.7
15:45:51.082	30.8
15:45:51.090	29.4
15:45:51.102	28.1
15:45:51.115	28.8
15:45:51.123	27.9
15:45:51.134	27.3
15:45:51.147	26.8
15:45:51.159	23.8
15:45:51.167	22.4
15:45:51.179	22.8
15:45:51.192	22.0
15:45:51.200	23.0
15:45:51.212	21.4
15:45:51.224	22.0
15:45:51.233	22.9
15:45:51.245	22.7
15:45:51.257	22.7
15:45:51.265	23.1
15:45:51.278	23.6
15:45:51.290	22.3
15:45:51.298	23.3
15:45:51.310	26.4
15:45:51.323	30.3
15:45:51.335	32.8
15:45:51.343	37.6
15:45:51.355	41.0
15:45:51.368	47.6
15:45:51.376	53.8
15:45:51.388	59.1
15:45:51.400	63.7
15:45:51.413	64.9
15:45:51.421	64.9
15:45:51.433	65.5
15:45:51.446	65.3
15:45:51.454	63.8
15:45:51.466	63.7
15:45:51.478	59.3
15:45:51.487	57.7
15:45:51.499	55.1
15:45:51.511	54.3
15:45:51.519	54.9
15:45:51.532	52.4
15:45:51.544	52.4
15:45:51.552	51.1
15:45:51.564	50.8
15:45:51.577	49.4
15:45:51.589	51.9
15:45:51.597	52.7
15:45:51.609	51.6
15:45:51.622	51.5
15:45:51.630	51.6
15:45:51.642	52.4
15:45:51.654	51.9
15:45:51.663	52.9
15:45:51.675	51.9
15:45:51.687	50.9
15:45:51.695	47.6
15:45:51.708	46.8
15:45:51.720	46.6
15:45:51.733	44.0
15:45:51.741	43.2
15:45:51.754	42.9
15:45:51.766	43.0
15:45:51.774	42.7
15:45:51.786	42.4
15:45:51.799	43.0
15:45:51.807	43.7
15:45:51.819	42.2
15:45:51.831	44.1
15:45:51.843	45.5
15:45:51.851	43.4
15:45:51.863	45.7
15:45:51.876	45.6
15:45:51.884	47.6
15:45:51.896	48.6
15:45:51.908	54.0
15:45:51.917	57.9
15:45:51.929	62.0
15:45:51.941	65.2
15:45:51.949	68.6
15:45:51.962	75.1
15:45:51.974	78.9
15:45:51.982	86.1
15:45:51.994	90.4
15:45:52.007	95.9
15:45:52.019	96.9
15:45:52.027	102.8
15:45:52.039	108.8
15:45:52.052	115.0
15:45:52.064	121.3
15:45:52.072	128.2
15:45:52.085	137.2
15:45:52.097	141.3
15:45:52.105	145.7
15:45:52.117	152.0
15:45:52.130	158.6
15:45:52.142	161.3
15:45:52.150	165.7
15:45:52.162	169.1
15:45:52.175	175.4
15:45:52.183	187.1
15:45:52.195	199.4
15:45:52.207	215.3
15:45:52.216	233.1
15:45:52.228	252.6
15:45:52.240	271.0
15:45:52.248	289.2
15:45:52.261	306.3
15:45:52.273	325.6
15:45:52.281	341.9
15:45:52.293	350.7
15:45:52.306	358.8
15:45:52.318	363.2
15:45:52.326	368.2
15:45:52.338	372.2
15:45:52.351	379.4
15:45:52.359	388.2
15:45:52.371	395.7
15:45:52.383	404.0
15:45:52.396	414.0
15:45:52.404	426.3
15:45:52.416	434.9
15:45:52.428	445.3
15:45:52.437	453.1
15:45:52.449	459.2
15:45:52.461	461.6
15:45:52.470	462.2
15:45:52.482	463.6
15:45:52.495	461.4
15:45:52.503	458.2
15:45:52.515	453.3
15:45:52.527	448.2
15:45:52.536	444.4
15:45:52.548	438.5
15:45:52.561	432.6
15:45:52.573	429.1
15:45:52.581	426.4
15:45:52.593	420.8
15:45:52.606	417.4
15:45:52.614	413.4
15:45:52.626	411.8
15:45:52.638	408.1
15:45:52.646	403.6
15:45:52.659	401.3
15:45:52.671	397.5
15:45:52.683	392.1
15:45:52.692	387.1
15:45:52.704	382.9
15:45:52.716	378.9
15:45:52.724	376.4
15:45:52.737	370.1
15:45:52.749	364.7
15:45:52.757	361.1
15:45:52.769	355.2
15:45:52.782	351.8
15:45:52.790	347.0
15:45:52.802	344.6
15:45:52.815	342.0
15:45:52.827	339.9
15:45:52.834	334.3
15:45:52.846	328.6
15:45:52.859	327.7
15:45:52.867	322.8
15:45:52.879	320.6
15:45:52.891	316.2
15:45:52.900	313.4
15:45:52.912	307.2
15:45:52.924	304.3
15:45:52.932	298.2
15:45:52.945	295.6
15:45:52.957	291.4
15:45:52.965	286.8
15:45:52.977	283.3
15:45:52.990	279.9
15:45:53.002	277.3
15:45:53.010	274.0
15:45:53.022	272.7
15:45:53.035	266.4
15:45:53.043	261.4
15:45:53.055	253.1
15:45:53.067	250.1
15:45:53.080	241.9
15:45:53.088	233.5
15:45:53.100	225.2
15:45:53.112	217.1
15:45:53.121	208.6
15:45:53.133	196.6
15:45:53.145	189.8
15:45:53.153	179.6
15:45:53.166	172.7
15:45:53.178	162.2
15:45:53.186	153.2
15:45:53.198	145.2
15:45:53.211	134.5
15:45:53.219	123.5
15:45:53.231	113.4
15:45:53.244	105.7
15:45:53.256	92.9
15:45:53.264	84.3
15:45:53.276	73.7
15:45:53.289	65.9
15:45:53.297	55.3
15:45:53.309	46.3
15:45:53.321	40.1
15:45:53.334	35.1
15:45:53.342	30.2
15:45:53.354	24.0
15:45:53.366	20.5
15:45:53.375	16.4
15:45:53.387	13.2
15:45:53.399	7.8
15:45:53.407	5.9
15:45:53.420	2.6
15:45:53.432	-0.6
15:45:53.440	-7.8
15:45:53.453	-13.3
15:45:53.465	-16.8
15:45:53.473	-22.7
15:45:53.485	-27.8
15:45:53.498	-33.6
15:45:53.510	-37.5
15:45:53.518	-41.9
15:45:53.530	-47.8
15:45:53.543	-52.5
15:45:53.551	-54.8
15:45:53.563	-56.3
15:45:53.575	-61.5
15:45:53.584	-73.5
15:45:53.596	-88.1
15:45:53.608	-99.7
15:45:53.616	-112.8
15:45:53.629	-125.0
15:45:53.641	-135.5
15:45:53.654	-148.1
15:45:53.661	-158.5
15:45:53.674	-173.3
15:45:53.686	-185.0
15:45:53.694	-186.3
15:45:53.706	-185.5
15:45:53.719	-190.9
15:45:53.727	-198.0
15:45:53.739	-205.3
15:45:53.751	-210.9
15:45:53.764	-215.7
15:45:53.772	-222.1
15:45:53.784	-227.3
15:45:53.797	-233.2
15:45:53.805	-238.9
15:45:53.817	-245.2
15:45:53.829	-246.4
15:45:53.838	-247.2
15:45:53.850	-247.6
15:45:53.862	-249.5
15:45:53.870	-251.7
15:45:53.883	-253.8
15:45:53.895	-254.7
15:45:53.903	-258.4
15:45:53.915	-261.5
15:45:53.928	-264.8
15:45:53.940	-267.9
15:45:53.948	-271.1
15:45:53.960	-270.6
15:45:53.973	-270.6
15:45:53.985	-270.9
15:45:53.993	-270.6
15:45:54.006	-270.7
15:45:54.018	-268.2
15:45:54.026	-266.8
15:45:54.038	-264.9
15:45:54.051	-265.2
15:45:54.063	-262.2
15:45:54.071	-264.2
15:45:54.083	-265.4
15:45:54.096	-266.4
15:45:54.104	-267.1
15:45:54.116	-266.5
15:45:54.128	-268.4
15:45:54.137	-266.7
15:45:54.149	-266.8
15:45:54.161	-266.2
15:45:54.169	-265.9
15:45:54.182	-263.6
15:45:54.194	-262.7
15:45:54.202	-260.6
15:45:54.214	-259.7
15:45:54.227	-258.9
15:45:54.239	-254.4
15:45:54.247	-254.6
15:45:54.259	-251.8
15:45:54.272	-249.9
15:45:54.280	-248.4
15:45:54.292	-247.2
15:45:54.304	-244.5
15:45:54.317	-241.1
15:45:54.325	-238.9
15:45:54.337	-237.1
15:45:54.350	-237.0
15:45:54.358	-234.3
15:45:54.370	-233.6
15:45:54.382	-230.2
15:45:54.390	-229.0
15:45:54.403	-224.5
15:45:54.415	-220.7
15:45:54.423	-219.1
15:45:54.436	-215.4
15:45:54.448	-213.1
15:45:54.456	-208.8
15:45:54.468	-205.3
15:45:54.481	-203.5
15:45:54.493	-202.2
15:45:54.501	-196.1
15:45:54.513	-193.7
15:45:54.526	-191.6
15:45:54.534	-188.5
15:45:54.546	-184.8
15:45:54.558	-180.9
15:45:54.567	-178.7
15:45:54.579	-175.4
15:45:54.591	-169.8
15:45:54.603	-164.4
15:45:54.612	-163.6
15:45:54.624	-159.8
15:45:54.636	-156.5
15:45:54.644	-153.4
15:45:54.657	-151.8
15:45:54.669	-150.8
15:45:54.677	-147.3
15:45:54.689	-146.9
15:45:54.702	-145.2
15:45:54.710	-145.0
15:45:54.722	-141.9
15:45:54.735	-141.5
15:45:54.747	-139.5
15:45:54.755	-137.0
15:45:54.767	-133.9
15:45:54.779	-127.9
15:45:54.788	-123.7
15:45:54.800	-118.0
15:45:54.812	-114.3
15:45:54.820	-108.0
15:45:54.833	-104.0
15:45:54.845	-101.4
15:45:54.853	-97.6
15:45:54.865	-92.6
15:45:54.878	-88.9
15:45:54.886	-85.6
15:45:54.898	-83.1
15:45:54.911	-78.7
15:45:54.923	-73.9
15:45:54.931	-70.0
15:45:54.943	-64.2
15:45:54.956	-57.2
15:45:54.964	-50.5
15:45:54.976	-46.9
15:45:54.989	-43.9
15:45:55.001	-43.1
15:45:55.009	-38.8
15:45:55.021	-36.6
15:45:55.034	-32.7
15:45:55.042	-29.2
15:45:55.054	-27.8
15:45:55.066	-28.1
15:45:55.075	-29.2
15:45:55.087	-28.5
15:45:55.099	-25.4
15:45:55.107	-21.5
15:45:55.120	-20.0
15:45:55.132	-18.1
15:45:55.140	-14.3
15:45:55.152	-13.4
15:45:55.165	-11.5
15:45:55.177	-8.5
15:45:55.185	-5.8
15:45:55.198	-4.7
15:45:55.210	-3.3
15:45:55.218	-0.3
15:45:55.230	2.4
15:45:55.243	4.8
15:45:55.255	3.0
15:45:55.263	5.7
15:45:55.275	6.9
15:45:55.288	9.4
15:45:55.296	13.3
15:45:55.308	16.7
15:45:55.321	21.7
15:45:55.329	23.8
15:45:55.341	28.5
15:45:55.353	32.0
15:45:55.362	37.6
15:45:55.374	40.3
15:45:55.386	44.1
15:45:55.394	47.0
15:45:55.407	50.5
15:45:55.419	53.6
15:45:55.431	53.2
15:45:55.439	56.1
15:45:55.452	56.7
15:45:55.464	57.7
15:45:55.472	56.9
15:45:55.484	57.9
15:45:55.497	59.2
15:45:55.505	62.5
15:45:55.517	62.3
15:45:55.529	65.1
15:45:55.538	68.1
15:45:55.550	71.3
15:45:55.562	74.9
15:45:55.574	79.3
15:45:55.583	83.2
15:45:55.595	89.3
15:45:55.607	98.3
15:45:55.615	103.3
15:45:55.628	113.6
15:45:55.640	124.7
15:45:55.648	136.4
15:45:55.660	145.3
15:45:55.673	154.6
15:45:55.685	163.9
15:45:55.693	174.9
15:45:55.706	181.2
15:45:55.718	184.3
15:45:55.726	190.7
15:45:55.738	192.8
15:45:55.751	193.0
15:45:55.759	194.3
15:45:55.771	196.1
15:45:55.783	199.4
15:45:55.791	200.6
15:45:55.804	202.8
15:45:55.816	206.0
15:45:55.824	209.4
15:45:55.837	214.8
15:45:55.849	220.7
15:45:55.861	225.0
15:45:55.869	229.1
15:45:55.882	235.4
15:45:55.894	237.4
15:45:55.902	238.4
15:45:55.914	237.8
15:45:55.927	238.9
15:45:55.939	240.0
15:45:55.947	237.5
15:45:55.959	236.7
15:45:55.972	237.3
15:45:55.984	239.5
15:45:55.993	239.6
15:45:56.005	238.7
15:45:56.017	240.7
15:45:56.026	243.1
15:45:56.038	244.6
15:45:56.050	245.0
15:45:56.058	247.2
15:45:56.071	246.3
15:45:56.083	244.7
15:45:56.091	239.9
15:45:56.103	235.9
15:45:56.116	233.4
15:45:56.124	234.1
15:45:56.136	234.5
15:45:56.148	233.4
15:45:56.161	231.5
15:45:56.169	229.2
15:45:56.181	229.9
15:45:56.193	230.8
15:45:56.202	233.3
15:45:56.214	232.9
15:45:56.226	235.2
15:45:56.238	233.3
15:45:56.247	230.9
15:45:56.259	229.6
15:45:56.271	231.3
15:45:56.279	232.3
15:45:56.292	232.7
15:45:56.304	237.1
15:45:56.312	238.6
15:45:56.324	243.9
15:45:56.337	246.8
15:45:56.345	252.2
15:45:56.357	257.6
15:45:56.370	264.7
15:45:56.378	271.8
15:45:56.390	278.1
15:45:56.402	287.2
15:45:56.414	290.8
15:45:56.423	298.9
15:45:56.435	303.4
15:45:56.447	309.1
15:45:56.455	312.0
15:45:56.468	315.2
15:45:56.480	317.0
15:45:56.488	320.5
15:45:56.500	325.8
15:45:56.513	325.2
15:45:56.525	326.0
15:45:56.533	325.5
15:45:56.546	326.9
15:45:56.558	326.1
15:45:56.566	327.7
15:45:56.578	328.2
15:45:56.590	328.7
15:45:56.599	327.8
15:45:56.611	329.9
15:45:56.623	337.3
15:45:56.631	343.7
15:45:56.644	348.8
15:45:56.656	352.9
15:45:56.668	358.0
15:45:56.677	364.9
15:45:56.689	371.9
15:45:56.701	379.1
15:45:56.709	385.3
15:45:56.722	388.3
15:45:56.734	386.0
15:45:56.742	386.5
15:45:56.754	385.3
15:45:56.767	386.5
15:45:56.775	387.3
15:45:56.787	383.7
15:45:56.799	380.0
15:45:56.808	376.5
15:45:56.820	373.6
15:45:56.832	369.5
15:45:56.844	367.3
15:45:56.853	364.2
15:45:56.865	362.2
15:45:56.877	358.1
15:45:56.885	354.8
15:45:56.898	354.5
15:45:56.910	354.6
15:45:56.922	354.4
15:45:56.930	351.3
15:45:56.943	347.8
15:45:56.955	344.9
15:45:56.962	340.1
15:45:56.975	336.8
15:45:56.988	330.9
15:45:56.996	328.3
15:45:57.009	322.9
15:45:57.021	317.0
15:45:57.029	314.4
15:45:57.041	311.1
15:45:57.053	307.5
15:45:57.061	301.7
15:45:57.073	288.1
15:45:57.085	271.3
15:45:57.098	258.1
15:45:57.106	240.3
15:45:57.118	221.3
15:45:57.130	203.8
15:45:57.139	180.3
15:45:57.151	156.8
15:45:57.163	132.6
15:45:57.176	107.4
15:45:57.184	92.0
15:45:57.196	79.4
15:45:57.208	64.5
15:45:57.216	54.5
15:45:57.229	51.5
15:45:57.241	45.8
15:45:57.249	43.3
15:45:57.262	41.3
15:45:57.274	40.8
15:45:57.282	40.5
15:45:57.294	40.7
15:45:57.307	40.1
15:45:57.315	39.3
15:45:57.327	37.7
15:45:57.339	30.8
15:45:57.352	25.8
15:45:57.360	18.0
15:45:57.372	10.8
15:45:57.384	4.8
15:45:57.393	1.1
15:45:57.405	-5.1
15:45:57.417	-10.9
15:45:57.425	-15.1
15:45:57.438	-20.8
15:45:57.450	-28.0
15:45:57.459	-32.9
15:45:57.470	-54.7
15:45:57.483	-75.1
15:45:57.495	-96.4
15:45:57.503	-122.2
15:45:57.516	-142.6
15:45:57.528	-164.6
15:45:57.536	-187.1
15:45:57.548	-208.7
15:45:57.561	-227.2
15:45:57.569	-249.4
15:45:57.581	-254.7
15:45:57.593	-262.5
15:45:57.606	-269.8
15:45:57.614	-274.8
15:45:57.626	-285.1
15:45:57.638	-292.9
15:45:57.647	-301.5
15:45:57.659	-307.1
15:45:57.671	-317.3
15:45:57.679	-326.1
15:45:57.692	-332.3
15:45:57.704	-337.9
15:45:57.712	-343.4
15:45:57.724	-347.7
15:45:57.737	-351.1
15:45:57.745	-356.8
15:45:57.757	-359.6
15:45:57.769	-367.3
15:45:57.782	-371.0
15:45:57.790	-374.6
15:45:57.802	-379.2
15:45:57.815	-382.2
15:45:57.823	-388.1
15:45:57.835	-391.4
15:45:57.847	-395.0
15:45:57.860	-397.2
15:45:57.868	-399.5
15:45:57.880	-403.3
15:45:57.892	-405.6
15:45:57.905	-408.4
15:45:57.913	-408.8
15:45:57.925	-409.9
15:45:57.937	-410.2
15:45:57.946	-413.0
15:45:57.958	-412.6
15:45:57.970	-413.3
15:45:57.978	-412.4
15:45:57.991	-411.4
15:45:58.003	-411.3
15:45:58.011	-410.9
15:45:58.023	-411.8
15:45:58.036	-412.6
15:45:58.044	-409.8
15:45:58.056	-409.6
15:45:58.068	-411.0
15:45:58.081	-410.0
15:45:58.089	-410.3
15:45:58.101	-409.7
15:45:58.113	-408.5
15:45:58.122	-406.2
15:45:58.134	-405.9
15:45:58.146	-405.7
15:45:58.159	-405.6
15:45:58.167	-401.5
15:45:58.179	-399.0
15:45:58.191	-396.6
15:45:58.200	-394.1
15:45:58.212	-394.2
15:45:58.224	-393.2
15:45:58.232	-392.6
15:45:58.245	-390.7
15:45:58.257	-387.2
15:45:58.265	-384.3
15:45:58.277	-381.5
15:45:58.290	-378.4
15:45:58.298	-375.5
15:45:58.310	-374.4
15:45:58.322	-368.5
15:45:58.335	-368.0
15:45:58.343	-368.0
15:45:58.355	-366.8
15:45:58.367	-365.4
15:45:58.376	-364.7
15:45:58.388	-365.4
15:45:58.400	-363.5
15:45:58.408	-363.9
15:45:58.421	-362.6
15:45:58.433	-363.1
15:45:58.445	-361.8
15:45:58.453	-359.4
15:45:58.466	-357.0
15:45:58.478	-355.7
15:45:58.486	-354.7
15:45:58.498	-350.1
15:45:58.511	-347.3
15:45:58.519	-344.0
15:45:58.531	-341.2
15:45:58.543	-338.9
15:45:58.552	-334.4
15:45:58.564	-330.2
15:45:58.576	-327.8
15:45:58.588	-324.8
15:45:58.597	-321.0
15:45:58.609	-320.7
15:45:58.621	-318.7
15:45:58.630	-315.2
15:45:58.642	-312.8
15:45:58.654	-310.0
15:45:58.662	-307.1
15:45:58.674	-304.7
15:45:58.687	-300.8
15:45:58.695	-297.6
15:45:58.707	-294.3
15:45:58.720	-289.2
15:45:58.729	-286.7
15:45:58.741	-283.7
15:45:58.753	-281.7
15:45:58.765	-277.1
15:45:58.774	-275.9
15:45:58.786	-273.6
15:45:58.798	-269.0
15:45:58.806	-267.2
15:45:58.818	-264.9
15:45:58.830	-265.1
15:45:58.843	-263.2
15:45:58.851	-262.0
15:45:58.863	-258.1
15:45:58.875	-258.8
15:45:58.884	-257.7
15:45:58.896	-254.6
15:45:58.908	-254.7
15:45:58.916	-251.7
15:45:58.928	-250.1
15:45:58.941	-246.4
15:45:58.949	-244.7
15:45:58.961	-242.1
15:45:58.974	-240.3
15:45:58.982	-237.4
15:45:58.994	-232.1
15:45:59.006	-230.2
15:45:59.019	-227.3
15:45:59.027	-225.1
15:45:59.039	-221.8
15:45:59.051	-218.9
15:45:59.060	-216.1
15:45:59.072	-212.3
15:45:59.084	-210.0
15:45:59.096	-206.5
15:45:59.105	-204.8
15:45:59.117	-201.9
15:45:59.129	-198.8
15:45:59.137	-194.4
15:45:59.150	-191.3
15:45:59.162	-188.1
15:45:59.170	-185.0
15:45:59.183	-184.5
15:45:59.195	-180.5
15:45:59.203	-177.1
15:45:59.215	-173.2
15:45:59.227	-170.8
15:45:59.236	-168.3
15:45:59.248	-167.1
15:45:59.260	-166.4
15:45:59.273	-166.9
15:45:59.281	-163.3
15:45:59.293	-162.6
15:45:59.305	-161.8
15:45:59.313	-160.0
15:45:59.326	-159.2
15:45:59.338	-156.9
15:45:59.346	-156.2
15:45:59.359	-153.2
15:45:59.371	-151.4
15:45:59.379	-145.8
15:45:59.391	-145.9
15:45:59.404	-141.4
15:45:59.416	-139.9
15:45:59.424	-137.9
15:45:59.437	-136.4
15:45:59.449	-135.2
15:45:59.457	-133.0
15:45:59.469	-131.8
15:45:59.482	-129.6
15:45:59.490	-127.8
15:45:59.502	-123.1
15:45:59.514	-123.1
15:45:59.527	-121.2
15:45:59.535	-120.3
15:45:59.547	-117.0
15:45:59.560	-116.5
15:45:59.568	-115.9
15:45:59.580	-114.9
15:45:59.593	-113.2
15:45:59.601	-115.1
15:45:59.613	-116.9
15:45:59.625	-117.0
15:45:59.633	-116.3
15:45:59.646	-115.7
15:45:59.658	-115.0
15:45:59.666	-114.1
15:45:59.678	-111.7
15:45:59.691	-111.5
15:45:59.703	-110.0
15:45:59.711	-108.2
15:45:59.723	-106.8
15:45:59.736	-103.4
15:45:59.744	-101.8
15:45:59.756	-99.3
15:45:59.768	-98.4
15:45:59.781	-97.2
15:45:59.789	-95.9
15:45:59.801	-92.1
15:45:59.813	-93.1
15:45:59.822	-92.3
15:45:59.834	-91.3
15:45:59.846	-89.9
15:45:59.854	-88.9
15:45:59.867	-87.3
15:45:59.879	-86.8
15:45:59.887	-83.8
15:45:59.899	-81.6
15:45:59.912	-81.1
15:45:59.920	-78.8
15:45:59.932	-77.9
15:45:59.944	-76.7
15:45:59.957	-72.9
15:45:59.965	-71.0
15:45:59.977	-68.9
15:45:59.989	-67.7
15:45:59.997	-64.3
15:46:00.010	-63.2
15:46:00.022	-60.1
15:46:00.030	-56.9
15:46:00.042	-52.9
15:46:00.056	-49.5
15:46:00.068	-51.2
15:46:00.076	-48.6
15:46:00.088	-48.3
15:46:00.101	-45.8
15:46:00.113	-45.9
15:46:00.121	-44.8
15:46:00.133	-44.4
15:46:00.146	-44.2
15:46:00.154	-43.7
15:46:00.166	-42.7
15:46:00.178	-41.0
15:46:00.187	-40.6
15:46:00.199	-39.9
15:46:00.211	-40.1
15:46:00.219	-40.0
15:46:00.232	-38.5
15:46:00.244	-36.8
15:46:00.256	-35.0
15:46:00.265	-33.5
15:46:00.277	-33.6
15:46:00.289	-32.6
15:46:00.297	-32.8
15:46:00.310	-32.9
15:46:00.322	-31.8
15:46:00.330	-32.2
15:46:00.342	-35.0
15:46:00.355	-36.6
15:46:00.367	-36.9
15:46:00.375	-37.3
15:46:00.387	-37.1
15:46:00.400	-34.8
15:46:00.408	-33.5
15:46:00.420	-32.4
15:46:00.432	-30.9
15:46:00.441	-29.8
15:46:00.453	-27.8
15:46:00.465	-26.7
15:46:00.473	-26.2
15:46:00.486	-26.6
15:46:00.498	-25.6
15:46:00.510	-25.3
15:46:00.518	-25.4
15:46:00.531	-25.9
15:46:00.543	-26.8
15:46:00.551	-24.8
15:46:00.563	-24.4
15:46:00.576	-23.6
15:46:00.584	-22.8
15:46:00.596	-19.9
15:46:00.608	-18.2
15:46:00.617	-19.0
15:46:00.629	-18.8
15:46:00.641	-17.2
15:46:00.649	-15.0
15:46:00.662	-14.2
15:46:00.674	-12.6
15:46:00.686	-13.8
15:46:00.695	-13.0
15:46:00.707	-12.2
15:46:00.719	-9.9
15:46:00.727	-6.5
15:46:00.740	-2.4
15:46:00.752	0.6
15:46:00.764	3.1
15:46:00.772	5.8
15:46:00.785	8.2
15:46:00.797	11.1
15:46:00.805	14.3
15:46:00.817	15.2
15:46:00.830	14.6
15:46:00.838	13.0
15:46:00.850	13.1
15:46:00.862	12.9
15:46:00.871	11.9
15:46:00.883	10.5
15:46:00.895	10.5
15:46:00.903	11.8
15:46:00.916	10.9
15:46:00.928	10.1
15:46:00.940	10.2
15:46:00.948	10.9
15:46:00.961	12.8
15:46:00.973	13.3
15:46:00.981	16.8
15:46:00.993	22.5
15:46:01.006	26.8
15:46:01.018	32.3
15:46:01.026	37.2
15:46:01.038	44.5
15:46:01.051	49.0
15:46:01.059	55.3
15:46:01.071	57.8
15:46:01.083	65.4
15:46:01.092	67.0
15:46:01.104	70.8
15:46:01.116	73.6
15:46:01.124	77.5
15:46:01.137	80.8
15:46:01.149	83.2
15:46:01.157	88.2
15:46:01.170	90.4
15:46:01.182	95.3
15:46:01.194	96.6
15:46:01.202	101.8
15:46:01.215	103.5
15:46:01.227	105.8
15:46:01.235	107.4
15:46:01.247	110.4
15:46:01.260	113.0
15:46:01.268	116.3
15:46:01.280	121.0
15:46:01.292	123.2
15:46:01.301	127.6
15:46:01.313	131.6
15:46:01.325	134.9
15:46:01.337	138.3
15:46:01.346	138.1
15:46:01.358	138.8
15:46:01.370	137.1
15:46:01.378	135.8
15:46:01.391	136.2
15:46:01.403	136.0
15:46:01.411	137.2
15:46:01.423	137.5
15:46:01.436	141.5
15:46:01.448	146.2
15:46:01.456	152.1
15:46:01.468	158.4
15:46:01.480	165.2
15:46:01.488	170.7
15:46:01.501	175.7
15:46:01.513	181.2
15:46:01.521	185.2
15:46:01.533	189.0
15:46:01.546	190.0
15:46:01.554	191.9
15:46:01.566	192.3
15:46:01.578	194.3
15:46:01.587	195.3
15:46:01.599	196.7
15:46:01.611	195.6
15:46:01.623	195.5
15:46:01.633	194.4
15:46:01.645	194.7
15:46:01.656	194.1
15:46:01.665	191.3
15:46:01.678	189.0
15:46:01.690	187.4
15:46:01.702	186.4
15:46:01.710	183.7
15:46:01.723	182.8
15:46:01.735	182.0
15:46:01.743	181.0
15:46:01.755	177.9
15:46:01.768	176.5
15:46:01.775	177.2
15:46:01.787	177.0
15:46:01.800	173.1
15:46:01.808	172.3
15:46:01.820	173.1
15:46:01.833	173.1
15:46:01.845	171.6
15:46:01.853	169.4
15:46:01.865	171.0
15:46:01.877	172.2
15:46:01.886	171.5
15:46:01.898	173.8
15:46:01.910	176.9
15:46:01.923	182.5
15:46:01.931	188.4
15:46:01.943	194.7
15:46:01.955	202.3
15:46:01.964	210.1
15:46:01.976	218.2
15:46:01.988	223.6
15:46:02.000	230.0
15:46:02.009	235.8
15:46:02.021	239.6
15:46:02.033	241.0
15:46:02.041	242.4
15:46:02.054	243.8
15:46:02.066	246.1
15:46:02.074	251.3
15:46:02.086	253.0
15:46:02.099	255.0
15:46:02.107	259.4
15:46:02.119	262.0
15:46:02.131	265.3
15:46:02.140	269.4
15:46:02.152	272.7
15:46:02.164	278.7
15:46:02.176	288.4
15:46:02.185	294.7
15:46:02.197	305.1
15:46:02.209	315.9
15:46:02.217	323.6
15:46:02.230	331.6
15:46:02.242	340.7
15:46:02.250	348.5
15:46:02.262	356.2
15:46:02.275	360.4
15:46:02.287	360.4
15:46:02.295	361.1
15:46:02.307	361.0
15:46:02.320	375.1
15:46:02.328	391.5
15:46:02.340	408.6
15:46:02.352	426.8
15:46:02.361	441.0
15:46:02.373	456.1
15:46:02.385	470.9
15:46:02.394	486.2
15:46:02.406	500.1
15:46:02.418	510.8
15:46:02.430	508.1
15:46:02.438	505.6
15:46:02.451	500.4
15:46:02.463	491.8
15:46:02.471	486.8
15:46:02.483	481.5
15:46:02.496	477.2
15:46:02.504	472.0
15:46:02.516	468.4
15:46:02.529	462.9
15:46:02.537	458.7
15:46:02.549	451.1
15:46:02.562	446.6
15:46:02.570	444.2
15:46:02.582	442.5
15:46:02.594	438.0
15:46:02.607	433.1
15:46:02.615	429.2
15:46:02.627	423.0
15:46:02.639	418.7
15:46:02.648	413.4
15:46:02.660	410.2
15:46:02.672	405.3
15:46:02.684	398.9
15:46:02.693	391.6
15:46:02.705	389.5
15:46:02.717	385.6
15:46:02.726	381.4
15:46:02.738	378.3
15:46:02.750	373.7
15:46:02.758	370.2
15:46:02.770	365.6
15:46:02.783	361.2
15:46:02.791	359.1
15:46:02.803	355.9
15:46:02.815	351.9
15:46:02.824	350.1
15:46:02.836	346.3
15:46:02.848	342.3
15:46:02.860	340.4
15:46:02.869	335.7
15:46:02.881	332.3
15:46:02.893	329.7
15:46:02.901	326.5
15:46:02.914	325.2
15:46:02.926	322.1
15:46:02.938	316.5
15:46:02.947	313.2
15:46:02.959	310.8
15:46:02.971	307.4
15:46:02.979	306.2
15:46:02.992	305.1
15:46:03.004	303.9
15:46:03.012	303.1
15:46:03.024	301.5
15:46:03.037	298.6
15:46:03.045	297.2
15:46:03.057	294.6
15:46:03.069	293.0
15:46:03.078	292.3
15:46:03.090	289.2
15:46:03.102	283.3
15:46:03.114	280.9
15:46:03.123	276.5
15:46:03.135	273.4
15:46:03.147	270.1
15:46:03.155	276.2
15:46:03.168	282.4
15:46:03.180	327.1
15:46:03.188	375.5
15:46:03.200	420.9
15:46:03.213	466.4
15:46:03.221	506.6
15:46:03.233	550.0
15:46:03.245	588.8
15:46:03.258	630.6
15:46:03.266	660.1
15:46:03.278	689.5
15:46:03.291	675.7
15:46:03.299	658.1
15:46:03.311	645.3
15:46:03.323	633.7
15:46:03.331	625.9
15:46:03.344	615.4
15:46:03.356	606.6
15:46:03.368	596.4
15:46:03.376	589.8
15:46:03.389	581.4
15:46:03.401	574.2
15:46:03.409	568.6
15:46:03.422	560.5
15:46:03.434	554.6
15:46:03.442	546.3
15:46:03.454	536.7
15:46:03.466	527.6
15:46:03.475	513.7
15:46:03.487	501.2
15:46:03.499	486.5
15:46:03.507	477.7
15:46:03.520	464.9
15:46:03.532	451.5
15:46:03.544	428.5
15:46:03.552	404.7
15:46:03.565	376.5
15:46:03.577	348.8
15:46:03.585	324.6
15:46:03.598	299.0
15:46:03.610	277.4
15:46:03.623	250.4
15:46:03.631	216.1
15:46:03.643	184.6
15:46:03.656	161.8
15:46:03.664	141.2
15:46:03.676	126.3
15:46:03.689	112.1
15:46:03.697	99.4
15:46:03.709	86.0
15:46:03.721	71.5
15:46:03.730	58.4
15:46:03.742	52.8
15:46:03.754	47.9
15:46:03.763	42.5
15:46:03.775	35.7
15:46:03.787	27.6
15:46:03.799	18.3
15:46:03.807	7.5
15:46:03.819	-4.7
15:46:03.831	-17.0
15:46:03.839	-30.0
15:46:03.852	-41.7
15:46:03.864	-55.1
15:46:03.872	-84.9
15:46:03.884	-112.9
15:46:03.897	-140.8
15:46:03.909	-166.4
15:46:03.921	-191.9
15:46:03.930	-214.7
15:46:03.942	-238.5
15:46:03.954	-258.2
15:46:03.962	-276.5
15:46:03.974	-293.5
15:46:03.987	-296.3
15:46:03.995	-308.5
15:46:04.007	-320.1
15:46:04.019	-330.6
15:46:04.028	-342.3
15:46:04.040	-354.5
15:46:04.052	-363.5
15:46:04.060	-374.1
15:46:04.073	-383.5
15:46:04.085	-395.5
15:46:04.097	-402.4
15:46:04.105	-402.1
15:46:04.118	-400.1
15:46:04.130	-400.5
15:46:04.138	-397.1
15:46:04.150	-393.2
15:46:04.163	-391.9
15:46:04.171	-389.1
15:46:04.183	-387.4
15:46:04.196	-384.3
15:46:04.208	-382.7
15:46:04.216	-380.1
15:46:04.228	-378.8
15:46:04.241	-374.2
15:46:04.249	-372.8
15:46:04.261	-372.3
15:46:04.273	-369.6
15:46:04.282	-367.7
15:46:04.294	-364.9
15:46:04.306	-364.1
15:46:04.314	-363.0
15:46:04.327	-360.9
15:46:04.339	-357.7
15:46:04.352	-356.4
15:46:04.359	-353.5
15:46:04.373	-352.1
15:46:04.385	-353.7
15:46:04.393	-355.2
15:46:04.405	-358.7
15:46:04.418	-358.1
15:46:04.426	-359.2
15:46:04.438	-360.1
15:46:04.450	-360.5
15:46:04.459	-362.0
15:46:04.471	-364.5
15:46:04.483	-362.4
15:46:04.491	-358.9
15:46:04.504	-355.9
15:46:04.516	-351.9
15:46:04.528	-349.2
15:46:04.536	-346.9
15:46:04.549	-343.5
15:46:04.561	-340.3
15:46:04.569	-336.8
15:46:04.581	-331.9
15:46:04.594	-329.9
15:46:04.606	-326.6
15:46:04.614	-323.2
15:46:04.626	-319.7
15:46:04.639	-316.1
15:46:04.647	-309.9
15:46:04.659	-305.8
15:46:04.672	-302.0
15:46:04.680	-298.9
15:46:04.692	-294.5
15:46:04.704	-290.7
15:46:04.712	-286.8
15:46:04.724	-284.3
15:46:04.736	-280.3
15:46:04.745	-277.6
15:46:04.757	-274.9
15:46:04.769	-271.8
15:46:04.781	-269.2
15:46:04.790	-265.7
15:46:04.802	-262.1
15:46:04.814	-257.4
15:46:04.822	-254.1
15:46:04.835	-251.0
15:46:04.847	-247.3
15:46:04.859	-242.0
15:46:04.867	-239.1
15:46:04.880	-236.2
15:46:04.892	-230.4
15:46:04.900	-227.0
15:46:04.912	-226.0
15:46:04.925	-223.0
15:46:04.933	-220.1
15:46:04.945	-212.6
15:46:04.957	-209.5
15:46:04.966	-205.7
15:46:04.978	-200.6
15:46:04.990	-194.0
15:46:04.998	-190.5
15:46:05.011	-185.2
15:46:05.023	-178.8
15:46:05.035	-173.7
15:46:05.043	-168.8
15:46:05.056	-165.9
15:46:05.068	-161.4
15:46:05.076	-157.3
15:46:05.089	-153.4
15:46:05.101	-150.4
15:46:05.109	-146.1
15:46:05.121	-140.1
15:46:05.134	-135.5
15:46:05.142	-128.1
15:46:05.154	-119.6
15:46:05.166	-112.4
15:46:05.179	-105.0
15:46:05.187	-97.8
15:46:05.199	-91.2
15:46:05.211	-83.4
15:46:05.220	-76.0
15:46:05.232	-69.6
15:46:05.244	-63.0
15:46:05.252	-60.4
15:46:05.265	-56.9
15:46:05.277	-54.8
15:46:05.289	-49.8
15:46:05.297	-44.3
15:46:05.310	-40.3
15:46:05.322	-36.0
15:46:05.330	-29.7
15:46:05.342	-22.3
15:46:05.355	-14.3
15:46:05.363	-5.5
15:46:05.375	2.7
15:46:05.387	10.2
15:46:05.396	17.1
15:46:05.408	22.8
15:46:05.420	31.9
15:46:05.428	40.0
15:46:05.441	46.8
15:46:05.453	53.8
15:46:05.466	62.5
15:46:05.474	75.8
15:46:05.487	90.2
15:46:05.499	106.1
15:46:05.507	120.7
15:46:05.519	134.9
15:46:05.532	148.1
15:46:05.544	160.7
15:46:05.552	174.0
15:46:05.564	184.5
15:46:05.577	192.8
15:46:05.585	196.8
15:46:05.597	200.0
15:46:05.609	204.4
15:46:05.618	206.3
15:46:05.630	212.9
15:46:05.642	220.4
15:46:05.650	227.3
15:46:05.663	231.3
15:46:05.675	235.7
15:46:05.683	240.9
15:46:05.696	244.7
15:46:05.708	248.1
15:46:05.720	250.2
15:46:05.728	256.4
15:46:05.741	257.4
15:46:05.753	258.4
15:46:05.765	260.1
15:46:05.773	263.7
15:46:05.786	264.8
15:46:05.798	268.4
15:46:05.806	270.0
15:46:05.818	271.1
15:46:05.831	272.7
15:46:05.843	271.5
15:46:05.851	272.9
15:46:05.863	271.4
15:46:05.876	269.5
15:46:05.884	266.6
15:46:05.896	271.6
15:46:05.908	299.6
15:46:05.916	329.1
15:46:05.928	354.6
15:46:05.940	375.3
15:46:05.949	397.4
15:46:05.961	416.3
15:46:05.973	437.1
15:46:05.981	456.0
15:46:05.994	474.4
15:46:06.006	487.7
15:46:06.018	471.6
15:46:06.027	458.3
15:46:06.039	445.8
15:46:06.051	438.0
15:46:06.059	430.1
15:46:06.071	425.0
15:46:06.084	417.4
15:46:06.092	411.5
15:46:06.104	404.4
15:46:06.116	400.5
15:46:06.129	395.5
15:46:06.137	387.4
15:46:06.149	384.2
15:46:06.162	379.1
15:46:06.170	375.8
15:46:06.182	367.4
15:46:06.194	364.1
15:46:06.203	354.8
15:46:06.215	347.7
15:46:06.227	337.0
15:46:06.235	321.4
15:46:06.248	304.3
15:46:06.260	288.8
15:46:06.272	273.8
15:46:06.280	254.8
15:46:06.293	241.1
15:46:06.305	223.2
15:46:06.313	213.2
15:46:06.326	203.0
15:46:06.338	190.5
15:46:06.346	187.5
15:46:06.358	183.1
15:46:06.370	176.0
15:46:06.379	170.8
15:46:06.391	167.0
15:46:06.403	157.3
15:46:06.411	149.8
15:46:06.424	138.4
15:46:06.436	123.9
15:46:06.448	112.2
15:46:06.457	98.4
15:46:06.469	91.4
15:46:06.481	82.7
15:46:06.489	72.4
15:46:06.502	60.5
15:46:06.514	50.5
15:46:06.526	38.9
15:46:06.534	27.6
15:46:06.547	19.7
15:46:06.559	10.6
15:46:06.567	2.7
15:46:06.579	-8.0
15:46:06.592	-14.6
15:46:06.600	-24.0
15:46:06.612	-49.3
15:46:06.624	-69.5
15:46:06.633	-90.1
15:46:06.645	-108.4
15:46:06.657	-126.7
15:46:06.665	-144.0
15:46:06.678	-160.2
15:46:06.690	-175.2
15:46:06.702	-193.1
15:46:06.710	-207.2
15:46:06.723	-203.5
15:46:06.735	-202.7
15:46:06.743	-202.4
15:46:06.756	-201.9
15:46:06.768	-204.2
15:46:06.780	-212.8
15:46:06.788	-221.2
15:46:06.801	-229.6
15:46:06.813	-237.3
15:46:06.821	-246.3
15:46:06.833	-253.0
15:46:06.846	-261.7
15:46:06.854	-267.3
15:46:06.866	-275.3
15:46:06.878	-279.7
15:46:06.887	-276.3
15:46:06.899	-273.3
15:46:06.911	-269.9
15:46:06.919	-268.1
15:46:06.932	-263.9
15:46:06.944	-262.4
15:46:06.956	-259.1
15:46:06.964	-256.6
15:46:06.977	-251.5
15:46:06.989	-245.4
15:46:06.997	-241.4
15:46:07.009	-231.4
15:46:07.022	-223.1
15:46:07.030	-215.6
15:46:07.042	-207.0
15:46:07.054	-198.6
15:46:07.063	-188.5
15:46:07.075	-177.9
15:46:07.087	-168.3
15:46:07.099	-160.7
15:46:07.108	-150.4
15:46:07.120	-146.7
15:46:07.132	-143.8
15:46:07.140	-137.4
15:46:07.153	-134.1
15:46:07.165	-128.7
15:46:07.173	-125.3
15:46:07.185	-122.7
15:46:07.198	-122.6
15:46:07.210	-117.6
15:46:07.219	-117.2
15:46:07.230	-114.3
15:46:07.244	-111.5
15:46:07.252	-110.6
15:46:07.264	-109.1
15:46:07.277	-108.9
15:46:07.285	-108.6
15:46:07.297	-108.9
15:46:07.309	-105.3
15:46:07.317	-108.2
15:46:07.330	-106.3
15:46:07.342	-105.8
15:46:07.350	-105.3
15:46:07.363	-104.7
15:46:07.375	-103.1
15:46:07.387	-102.5
15:46:07.395	-101.4
15:46:07.408	-99.9
15:46:07.420	-100.6
15:46:07.428	-98.2
15:46:07.440	-98.2
15:46:07.453	-98.4
15:46:07.465	-97.2
15:46:07.473	-93.5
15:46:07.485	-93.3
15:46:07.498	-92.5
15:46:07.506	-90.3
15:46:07.518	-88.2
15:46:07.530	-84.0
15:46:07.539	-83.3
15:46:07.551	-82.5
15:46:07.563	-81.5
15:46:07.571	-79.0
15:46:07.584	-81.5
15:46:07.596	-79.9
15:46:07.604	-78.1
15:46:07.616	-77.3
15:46:07.629	-75.1
15:46:07.641	-76.7
15:46:07.649	-74.7
15:46:07.661	-73.3
15:46:07.674	-73.3
15:46:07.682	-73.8
15:46:07.694	-71.0
15:46:07.706	-70.5
15:46:07.715	-72.6
15:46:07.727	-73.3
15:46:07.739	-75.5
15:46:07.751	-73.8
15:46:07.760	-73.6
15:46:07.772	-73.4
15:46:07.784	-72.7
15:46:07.792	-72.1
15:46:07.805	-73.7
15:46:07.817	-74.8
15:46:07.825	-71.7
15:46:07.837	-69.7
15:46:07.850	-67.2
15:46:07.858	-65.6
15:46:07.870	-62.3
15:46:07.883	-60.5
15:46:07.895	-58.0
15:46:07.903	-54.8
15:46:07.915	-49.3
15:46:07.928	-43.5
15:46:07.940	-39.0
15:46:07.948	-33.5
15:46:07.960	-27.5
15:46:07.973	-23.7
15:46:07.981	-20.8
15:46:07.993	-15.3
15:46:08.001	-8.0
15:46:08.014	-1.1
15:46:08.026	7.8
15:46:08.038	14.6
15:46:08.050	24.3
15:46:08.059	33.3
15:46:08.071	42.0
15:46:08.083	51.7
15:46:08.091	63.4
15:46:08.104	73.9
15:46:08.116	80.8
15:46:08.124	88.0
15:46:08.136	92.3
15:46:08.148	100.5
15:46:08.156	104.9
15:46:08.168	108.9
15:46:08.181	113.3
15:46:08.193	117.8
15:46:08.201	120.6
15:46:08.214	124.2
15:46:08.227	130.9
15:46:08.235	137.1
15:46:08.247	143.8
15:46:08.259	151.9
15:46:08.268	161.5
15:46:08.280	170.1
15:46:08.292	178.5
15:46:08.300	188.3
15:46:08.313	197.2
15:46:08.325	205.3
15:46:08.333	211.4
15:46:08.345	217.1
15:46:08.358	223.3
15:46:08.370	228.6
15:46:08.378	231.7
15:46:08.390	233.9
15:46:08.403	234.3
15:46:08.411	235.8
15:46:08.423	237.0
15:46:08.436	239.7
15:46:08.448	241.1
15:46:08.456	242.0
15:46:08.468	243.3
15:46:08.481	241.5
15:46:08.489	241.5
15:46:08.501	243.0
15:46:08.513	243.7
15:46:08.522	240.8
15:46:08.534	240.1
15:46:08.546	250.3
15:46:08.554	285.5
15:46:08.567	320.6
15:46:08.579	350.7
15:46:08.587	383.7
15:46:08.599	413.9
15:46:08.612	441.1
15:46:08.624	470.3
15:46:08.632	498.0
15:46:08.644	523.7
15:46:08.657	537.7
15:46:08.665	527.7
15:46:08.677	516.1
15:46:08.689	511.7
15:46:08.702	505.0
15:46:08.710	501.7
15:46:08.722	500.0
15:46:08.734	497.5
15:46:08.743	495.7
15:46:08.755	492.1
15:46:08.767	490.6
15:46:08.775	488.3
15:46:08.788	491.3
15:46:08.800	488.9
15:46:08.808	486.0
15:46:08.820	481.8
15:46:08.833	479.0
15:46:08.841	477.8
15:46:08.853	479.0
15:46:08.866	482.1
15:46:08.878	483.4
15:46:08.886	487.4
15:46:08.898	487.8
15:46:08.911	491.4
15:46:08.919	494.3
15:46:08.931	497.3
15:46:08.943	499.8
15:46:08.951	498.0
15:46:08.964	495.8
15:46:08.976	493.1
15:46:08.984	487.9
15:46:08.997	484.7
15:46:09.009	480.3
15:46:09.021	472.9
15:46:09.029	465.3
15:46:09.042	458.3
15:46:09.054	451.1
15:46:09.062	444.5
15:46:09.074	438.5
15:46:09.087	430.8
15:46:09.095	422.7
15:46:09.107	412.6
15:46:09.119	402.2
15:46:09.132	393.3
15:46:09.140	383.1
15:46:09.152	370.9
15:46:09.164	361.0
15:46:09.173	351.5
15:46:09.185	340.7
15:46:09.197	331.6
15:46:09.205	322.9
15:46:09.218	310.6
15:46:09.230	300.7
15:46:09.238	287.0
15:46:09.250	275.6
15:46:09.263	264.4
15:46:09.271	250.6
15:46:09.283	237.2
15:46:09.296	223.5
15:46:09.308	209.3
15:46:09.316	193.0
15:46:09.328	178.4
15:46:09.341	161.6
15:46:09.349	148.8
15:46:09.361	135.0
15:46:09.373	120.0
15:46:09.386	108.4
15:46:09.394	98.4
15:46:09.406	88.4
15:46:09.419	78.2
15:46:09.427	75.5
15:46:09.439	63.0
15:46:09.451	51.4
15:46:09.459	40.1
15:46:09.472	29.7
15:46:09.484	21.5
15:46:09.492	11.1
15:46:09.504	-2.0
15:46:09.517	-14.0
15:46:09.525	-26.4
15:46:09.537	-43.4
15:46:09.550	-48.3
15:46:09.562	-55.5
15:46:09.570	-64.4
15:46:09.582	-75.1
15:46:09.595	-86.0
15:46:09.603	-96.9
15:46:09.615	-106.3
15:46:09.627	-115.0
15:46:09.635	-122.4
15:46:09.648	-126.7
15:46:09.660	-133.2
15:46:09.672	-139.4
15:46:09.685	-143.2
15:46:09.693	-146.3
15:46:09.705	-149.2
15:46:09.717	-152.2
15:46:09.726	-152.0
15:46:09.738	-154.8
15:46:09.750	-154.6
15:46:09.758	-158.9
15:46:09.771	-162.2
15:46:09.783	-165.0
15:46:09.791	-168.3
15:46:09.803	-168.3
15:46:09.816	-171.0
15:46:09.824	-172.3
15:46:09.836	-175.3
15:46:09.848	-173.9
15:46:09.861	-177.4
15:46:09.869	-176.5
15:46:09.881	-171.9
15:46:09.893	-166.7
15:46:09.902	-166.1
15:46:09.914	-171.5
15:46:09.926	-186.3
15:46:09.934	-202.5
15:46:09.947	-217.3
15:46:09.959	-233.0
15:46:09.971	-247.1
15:46:09.979	-262.2
15:46:09.992	-283.4
15:46:10.004	-303.0
15:46:10.012	-317.8
15:46:10.025	-327.2
15:46:10.037	-326.2
15:46:10.045	-322.8
15:46:10.057	-322.6
15:46:10.070	-321.2
15:46:10.078	-322.1
15:46:10.090	-322.3
15:46:10.102	-322.9
15:46:10.115	-324.2
15:46:10.123	-326.8
15:46:10.135	-332.7
15:46:10.147	-333.0
15:46:10.156	-339.1
15:46:10.168	-341.3
15:46:10.180	-347.3
15:46:10.188	-351.4
15:46:10.201	-356.4
15:46:10.213	-361.3
15:46:10.221	-364.7
15:46:10.233	-370.1
15:46:10.246	-374.0
15:46:10.254	-382.0
15:46:10.266	-387.4
15:46:10.278	-394.5
15:46:10.291	-400.6
15:46:10.299	-405.6
15:46:10.311	-411.4
15:46:10.323	-412.1
15:46:10.332	-414.6
15:46:10.344	-416.4
15:46:10.356	-416.1
15:46:10.368	-416.9
15:46:10.377	-416.7
15:46:10.389	-416.9
15:46:10.401	-418.1
15:46:10.409	-419.8
15:46:10.422	-418.7
15:46:10.434	-418.6
15:46:10.442	-419.7
15:46:10.454	-418.7
15:46:10.467	-417.8
15:46:10.475	-415.6
15:46:10.487	-414.1
15:46:10.499	-412.2
15:46:10.508	-408.7
15:46:10.520	-404.1
15:46:10.532	-399.4
15:46:10.544	-398.6
15:46:10.553	-397.4
15:46:10.565	-393.8
15:46:10.577	-389.1
15:46:10.585	-382.7
15:46:10.598	-377.5
15:46:10.610	-374.2
15:46:10.622	-369.1
15:46:10.631	-365.0
15:46:10.643	-362.1
15:46:10.655	-355.7
15:46:10.663	-347.5
15:46:10.676	-340.8
15:46:10.688	-337.6
15:46:10.696	-335.7
15:46:10.708	-330.7
15:46:10.721	-324.2
15:46:10.729	-319.8
15:46:10.741	-315.3
15:46:10.753	-311.3
15:46:10.762	-307.8
15:46:10.774	-304.1
15:46:10.786	-300.4
15:46:10.798	-296.3
15:46:10.807	-290.9
15:46:10.819	-287.6
15:46:10.831	-285.7
15:46:10.839	-282.1
15:46:10.852	-277.3
15:46:10.864	-272.6
15:46:10.872	-268.7
15:46:10.884	-265.0
15:46:10.897	-262.9
15:46:10.905	-258.0
15:46:10.917	-256.2
15:46:10.929	-251.9
15:46:10.942	-246.8
15:46:10.950	-242.6
15:46:10.962	-239.6
15:46:10.974	-236.7
15:46:10.983	-233.1
15:46:10.995	-229.6
15:46:11.007	-223.4
15:46:11.015	-220.1
15:46:11.028	-213.4
15:46:11.040	-211.5
15:46:11.052	-206.3
15:46:11.060	-202.1
15:46:11.073	-198.1
15:46:11.085	-194.6
15:46:11.093	-190.8
15:46:11.106	-185.9
15:46:11.118	-184.0
15:46:11.127	-179.5
15:46:11.139	-177.7
15:46:11.151	-172.7
15:46:11.159	-169.0
15:46:11.171	-165.1
15:46:11.184	-162.5
15:46:11.192	-156.1
15:46:11.204	-150.2
15:46:11.216	-147.6
15:46:11.229	-142.3
15:46:11.237	-139.9
15:46:11.249	-135.6
15:46:11.261	-130.2
15:46:11.270	-126.5
15:46:11.282	-122.0
15:46:11.294	-116.2
15:46:11.306	-110.8
15:46:11.315	-105.1
15:46:11.327	-93.3
15:46:11.339	-84.1
15:46:11.347	-72.9
15:46:11.360	-62.2
15:46:11.372	-54.2
15:46:11.380	-44.3
15:46:11.392	-35.8
15:46:11.405	-27.3
15:46:11.413	-21.0
15:46:11.425	-13.1
15:46:11.438	-7.8
15:46:11.446	2.0
15:46:11.457	12.8
15:46:11.470	25.2
15:46:11.482	40.4
15:46:11.490	54.2
15:46:11.502	68.9
15:46:11.515	84.8
15:46:11.523	100.3
15:46:11.535	113.3
15:46:11.547	124.3
15:46:11.556	133.7
15:46:11.568	141.7
15:46:11.580	148.7
15:46:11.593	155.6
15:46:11.601	160.8
15:46:11.613	168.1
15:46:11.626	175.0
15:46:11.638	182.7
15:46:11.646	193.4
15:46:11.659	206.5
15:46:11.671	218.4
15:46:11.679	228.9
15:46:11.691	236.7
15:46:11.703	245.1
15:46:11.712	254.2
15:46:11.724	262.5
15:46:11.736	271.7
15:46:11.744	280.2
15:46:11.757	281.9
15:46:11.769	279.9
15:46:11.781	276.4
15:46:11.789	275.0
15:46:11.802	273.4
15:46:11.814	269.3
15:46:11.822	265.8
15:46:11.834	260.7
15:46:11.847	254.4
15:46:11.855	249.1
15:46:11.867	248.2
15:46:11.879	247.5
15:46:11.892	247.8
15:46:11.900	248.0
15:46:11.912	248.2
15:46:11.924	249.8
15:46:11.933	249.3
15:46:11.945	251.3
15:46:11.957	252.7
15:46:11.965	252.5
15:46:11.978	250.3
15:46:11.990	248.8
15:46:11.998	250.2
15:46:12.010	252.6
15:46:12.023	255.6
15:46:12.035	284.1
15:46:12.043	318.4
15:46:12.056	346.0
15:46:12.068	373.7
15:46:12.076	396.5
15:46:12.088	422.2
15:46:12.101	445.6
15:46:12.109	465.2
15:46:12.121	482.9
15:46:12.133	499.1
15:46:12.142	491.1
15:46:12.154	478.2
15:46:12.166	473.4
15:46:12.174	466.3
15:46:12.187	462.8
15:46:12.199	458.6
15:46:12.211	456.6
15:46:12.219	454.6
15:46:12.232	454.1
15:46:12.244	455.1
15:46:12.252	453.7
15:46:12.264	455.0
15:46:12.277	450.5
15:46:12.289	447.6
15:46:12.297	445.7
15:46:12.309	443.4
15:46:12.322	440.4
15:46:12.330	435.7
15:46:12.342	428.9
15:46:12.354	423.2
15:46:12.363	420.6
15:46:12.375	415.3
15:46:12.387	415.4
15:46:12.395	416.6
15:46:12.408	416.9
15:46:12.420	415.3
15:46:12.428	415.6
15:46:12.440	418.7
15:46:12.453	420.5
15:46:12.465	424.0
15:46:12.473	421.4
15:46:12.485	422.9
15:46:12.498	419.7
15:46:12.506	415.0
15:46:12.518	408.5
15:46:12.531	401.3
15:46:12.543	393.3
15:46:12.551	382.1
15:46:12.564	367.4
15:46:12.576	347.9
15:46:12.584	328.0
15:46:12.596	304.9
15:46:12.608	283.1
15:46:12.617	262.4
15:46:12.629	242.2
15:46:12.641	215.4
15:46:12.649	187.1
15:46:12.662	161.5
15:46:12.674	139.7
15:46:12.682	123.4
15:46:12.694	110.0
15:46:12.707	97.3
15:46:12.719	83.7
15:46:12.727	70.2
15:46:12.739	55.1
15:46:12.752	47.0
15:46:12.760	40.7
15:46:12.772	30.1
15:46:12.784	19.8
15:46:12.793	6.4
15:46:12.805	-6.9
15:46:12.817	-20.1
15:46:12.825	-34.7
15:46:12.838	-50.5
15:46:12.850	-62.9
15:46:12.862	-74.7
15:46:12.870	-88.5
15:46:12.883	-95.8
15:46:12.895	-116.6
15:46:12.903	-137.6
15:46:12.916	-158.2
15:46:12.928	-179.0
15:46:12.936	-200.0
15:46:12.948	-217.5
15:46:12.961	-236.2
15:46:12.973	-254.7
15:46:12.981	-269.7
15:46:12.993	-288.9
15:46:13.006	-291.3
15:46:13.014	-294.1
15:46:13.026	-295.2
15:46:13.038	-299.4
15:46:13.046	-305.8
15:46:13.059	-312.5
15:46:13.071	-320.9
15:46:13.079	-329.6
15:46:13.092	-342.5
15:46:13.104	-354.0
15:46:13.112	-368.0
15:46:13.124	-380.5
15:46:13.137	-396.7
15:46:13.149	-412.0
15:46:13.157	-421.9
15:46:13.169	-434.4
15:46:13.182	-442.8
15:46:13.190	-450.5
15:46:13.202	-456.1
15:46:13.215	-461.8
15:46:13.227	-466.8
15:46:13.235	-474.7
15:46:13.247	-479.0
15:46:13.260	-483.2
15:46:13.268	-485.8
15:46:13.280	-489.1
15:46:13.292	-495.0
15:46:13.300	-498.9
15:46:13.313	-500.2
15:46:13.325	-500.8
15:46:13.333	-501.0
15:46:13.345	-499.1
15:46:13.358	-497.0
15:46:13.366	-494.0
15:46:13.378	-492.6
15:46:13.391	-489.5
15:46:13.403	-482.0
15:46:13.411	-477.1
15:46:13.423	-472.9
15:46:13.436	-468.4
15:46:13.444	-465.0
15:46:13.456	-460.3
15:46:13.468	-456.6
15:46:13.477	-452.0
15:46:13.489	-445.8
15:46:13.501	-438.8
15:46:13.513	-434.8
15:46:13.522	-427.1
15:46:13.534	-420.7
15:46:13.546	-412.7
15:46:13.558	-407.2
15:46:13.567	-401.6
15:46:13.579	-395.9
15:46:13.591	-390.0
15:46:13.599	-386.1
15:46:13.612	-379.4
15:46:13.624	-373.2
15:46:13.632	-369.8
15:46:13.644	-362.2
15:46:13.657	-358.9
15:46:13.665	-351.7
15:46:13.677	-344.2
15:46:13.689	-339.3
15:46:13.702	-331.3
15:46:13.710	-323.5
15:46:13.722	-316.7
15:46:13.734	-311.3
15:46:13.743	-306.4
15:46:13.755	-304.0
15:46:13.767	-301.2
15:46:13.775	-297.5
15:46:13.788	-295.1
15:46:13.800	-290.7
15:46:13.812	-288.4
15:46:13.821	-285.6
15:46:13.833	-287.7
15:46:13.845	-284.5
15:46:13.853	-280.8
15:46:13.866	-278.7
15:46:13.878	-276.9
15:46:13.886	-273.1
15:46:13.898	-269.8
15:46:13.911	-267.1
15:46:13.920	-265.5
15:46:13.931	-263.1
15:46:13.944	-259.5
15:46:13.957	-257.3
15:46:13.965	-254.7
15:46:13.977	-251.8
15:46:13.989	-245.5
15:46:13.998	-243.7
15:46:14.010	-241.0
15:46:14.022	-236.1
15:46:14.030	-232.7
15:46:14.042	-230.4
15:46:14.054	-226.7
15:46:14.062	-225.0
15:46:14.075	-222.7
15:46:14.087	-218.4
15:46:14.095	-217.3
15:46:14.107	-214.5
15:46:14.120	-211.8
15:46:14.132	-212.4
15:46:14.140	-210.6
15:46:14.152	-208.1
15:46:14.165	-205.6
15:46:14.173	-202.3
15:46:14.185	-201.1
15:46:14.197	-200.3
15:46:14.210	-197.5
15:46:14.218	-195.6
15:46:14.230	-194.8
15:46:14.243	-192.1
15:46:14.251	-190.8
15:46:14.263	-189.2
15:46:14.275	-187.4
15:46:14.284	-185.8
15:46:14.296	-184.0
15:46:14.308	-184.2
15:46:14.317	-182.6
15:46:14.329	-180.7
15:46:14.341	-177.5
15:46:14.349	-176.4
15:46:14.361	-174.4
15:46:14.374	-171.2
15:46:14.386	-168.6
15:46:14.394	-165.9
15:46:14.406	-161.9
15:46:14.419	-157.1
15:46:14.427	-155.2
15:46:14.439	-154.1
15:46:14.451	-153.3
15:46:14.464	-150.1
15:46:14.472	-147.6
15:46:14.484	-146.4
15:46:14.496	-145.2
15:46:14.505	-144.0
15:46:14.517	-144.4
15:46:14.529	-144.8
15:46:14.537	-143.8
15:46:14.550	-141.3
15:46:14.562	-137.5
15:46:14.570	-137.0
15:46:14.582	-134.7
15:46:14.595	-132.8
15:46:14.603	-131.6
15:46:14.615	-131.5
15:46:14.628	-129.3
15:46:14.640	-127.1
15:46:14.648	-125.7
15:46:14.660	-124.9
15:46:14.673	-125.4
15:46:14.681	-122.0
15:46:14.693	-121.1
15:46:14.705	-119.8
15:46:14.714	-118.9
15:46:14.726	-116.7
15:46:14.738	-114.6
15:46:14.746	-113.8
15:46:14.759	-111.2
15:46:14.771	-109.1
15:46:14.783	-108.2
15:46:14.791	-106.6
15:46:14.804	-103.6
15:46:14.816	-101.7
15:46:14.824	-97.1
15:46:14.836	-95.9
15:46:14.849	-94.1
15:46:14.857	-93.7
15:46:14.869	-92.6
15:46:14.881	-91.0
15:46:14.894	-87.6
15:46:14.902	-85.7
15:46:14.914	-85.3
15:46:14.926	-83.5
15:46:14.935	-84.5
15:46:14.947	-82.7
15:46:14.959	-81.8
15:46:14.967	-78.1
15:46:14.980	-77.3
15:46:14.992	-76.9
15:46:15.000	-75.1
15:46:15.012	-74.8
15:46:15.025	-71.6
15:46:15.033	-72.5
15:46:15.045	-72.5
15:46:15.058	-72.7
15:46:15.070	-73.7
15:46:15.078	-73.5
15:46:15.090	-74.7
15:46:15.103	-74.1
15:46:15.111	-74.6
15:46:15.123	-74.8
15:46:15.135	-76.2
15:46:15.148	-74.1
15:46:15.156	-71.8
15:46:15.168	-68.7
15:46:15.181	-64.0
15:46:15.189	-62.4
15:46:15.201	-55.5
15:46:15.213	-51.9
15:46:15.221	-49.1
15:46:15.234	-43.6
15:46:15.246	-38.1
15:46:15.254	-33.4
15:46:15.266	-28.5
15:46:15.279	-22.9
15:46:15.287	-18.6
15:46:15.299	-13.3
15:46:15.312	-8.4
15:46:15.324	-0.4
15:46:15.332	6.6
15:46:15.344	11.6
15:46:15.357	15.5
15:46:15.365	19.3
15:46:15.377	23.7
15:46:15.389	25.0
15:46:15.398	30.3
15:46:15.410	34.6
15:46:15.422	37.9
15:46:15.435	39.5
15:46:15.443	42.8
15:46:15.455	44.8
15:46:15.467	48.5
15:46:15.475	52.7
15:46:15.488	58.0
15:46:15.500	64.5
15:46:15.508	66.0
15:46:15.521	70.1
15:46:15.533	73.2
15:46:15.541	77.6
15:46:15.553	80.3
15:46:15.566	87.0
15:46:15.578	93.1
15:46:15.586	97.7
15:46:15.598	102.1
15:46:15.611	105.3
15:46:15.623	112.6
15:46:15.631	117.4
15:46:15.644	124.6
15:46:15.656	127.3
15:46:15.664	132.6
15:46:15.676	136.2
15:46:15.689	138.2
15:46:15.697	144.0
15:46:15.709	147.8
15:46:15.722	152.3
15:46:15.734	154.5
15:46:15.742	159.6
15:46:15.754	162.1
15:46:15.767	168.8
15:46:15.775	173.1
15:46:15.787	176.6
15:46:15.799	182.8
15:46:15.808	185.3
15:46:15.820	189.4
15:46:15.832	193.4
15:46:15.840	198.4
15:46:15.853	199.9
15:46:15.865	201.9
15:46:15.877	203.3
15:46:15.885	202.5
15:46:15.898	203.2
15:46:15.910	201.2
15:46:15.918	200.8
15:46:15.931	199.5
15:46:15.943	199.5
15:46:15.951	197.5
15:46:15.963	195.1
15:46:15.975	193.1
15:46:15.984	194.1
15:46:15.996	196.8
15:46:16.008	219.6
15:46:16.016	244.8
15:46:16.029	270.1
15:46:16.041	292.7
15:46:16.053	314.1
15:46:16.061	337.1
15:46:16.074	358.1
15:46:16.086	379.3
15:46:16.094	395.5
15:46:16.106	412.0
15:46:16.119	408.6
15:46:16.131	402.4
15:46:16.139	395.9
15:46:16.151	391.1
15:46:16.164	386.9
15:46:16.172	381.4
15:46:16.184	377.8
15:46:16.197	375.5
15:46:16.205	373.5
15:46:16.217	371.2
15:46:16.229	367.3
15:46:16.238	363.4
15:46:16.250	360.5
15:46:16.262	357.3
15:46:16.270	353.7
15:46:16.283	350.7
15:46:16.295	349.0
15:46:16.307	344.4
15:46:16.315	342.2
15:46:16.328	338.0
15:46:16.340	334.6
15:46:16.348	331.6
15:46:16.360	329.1
15:46:16.373	326.3
15:46:16.385	322.6
15:46:16.393	318.8
15:46:16.405	316.0
15:46:16.418	311.2
15:46:16.426	307.1
15:46:16.438	304.7
15:46:16.450	302.1
15:46:16.459	301.1
15:46:16.471	298.4
15:46:16.483	295.5
15:46:16.491	293.2
15:46:16.504	292.7
15:46:16.516	292.4
15:46:16.524	292.2
15:46:16.536	290.9
15:46:16.549	290.2
15:46:16.561	290.4
15:46:16.569	288.7
15:46:16.581	286.5
15:46:16.594	284.2
15:46:16.602	283.1
15:46:16.614	280.7
15:46:16.627	278.5
15:46:16.635	277.7
15:46:16.647	273.6
15:46:16.659	271.9
15:46:16.668	269.3
15:46:16.680	267.2
15:46:16.692	263.6
15:46:16.704	265.2
15:46:16.713	265.6
15:46:16.725	264.3
15:46:16.737	264.6
15:46:16.745	265.1
15:46:16.758	266.5
15:46:16.770	266.8
15:46:16.778	267.8
15:46:16.790	268.2
15:46:16.803	270.4
15:46:16.815	269.6
15:46:16.823	267.9
15:46:16.835	265.4
15:46:16.848	259.9
15:46:16.856	254.3
15:46:16.868	249.4
15:46:16.881	247.6
15:46:16.889	243.4
15:46:16.901	241.3
15:46:16.913	237.4
15:46:16.921	233.3
15:46:16.934	231.7
15:46:16.946	277.7
15:46:16.954	316.1
15:46:16.967	353.1
15:46:16.979	393.6
15:46:16.991	425.7
15:46:16.999	461.1
15:46:17.012	492.0
15:46:17.024	524.9
15:46:17.032	557.5
15:46:17.045	589.2
15:46:17.057	572.2
15:46:17.069	561.7
15:46:17.077	554.0
15:46:17.090	544.0
15:46:17.102	539.1
15:46:17.110	529.9
15:46:17.122	523.6
15:46:17.135	516.4
15:46:17.143	507.9
15:46:17.155	500.1
15:46:17.167	495.1
15:46:17.176	487.9
15:46:17.188	482.2
15:46:17.200	479.4
15:46:17.208	474.2
15:46:17.221	468.8
15:46:17.233	464.8
15:46:17.245	460.2
15:46:17.253	455.5
15:46:17.266	449.9
15:46:17.278	443.8
15:46:17.286	441.7
15:46:17.298	436.9
15:46:17.311	428.4
15:46:17.319	423.6
15:46:17.331	420.7
15:46:17.344	416.3
15:46:17.356	412.1
15:46:17.364	407.5
15:46:17.376	403.1
15:46:17.389	400.7
15:46:17.397	397.3
15:46:17.409	393.6
15:46:17.421	390.0
15:46:17.430	383.6
15:46:17.442	376.0
15:46:17.454	370.4
15:46:17.462	364.1
15:46:17.475	359.2
15:46:17.487	350.8
15:46:17.499	338.6
15:46:17.507	320.9
15:46:17.520	302.5
15:46:17.532	282.1
15:46:17.544	259.9
15:46:17.552	239.4
15:46:17.565	214.8
15:46:17.577	193.9
15:46:17.585	172.0
15:46:17.598	155.1
15:46:17.610	139.7
15:46:17.618	123.4
15:46:17.630	106.5
15:46:17.642	90.4
15:46:17.650	76.3
15:46:17.662	60.9
15:46:17.675	48.3
15:46:17.683	36.7
15:46:17.695	24.7
15:46:17.707	12.1
15:46:17.716	1.3
15:46:17.728	-4.4
15:46:17.740	-7.4
15:46:17.752	-12.5
15:46:17.761	-17.3
15:46:17.773	-20.7
15:46:17.785	-24.5
15:46:17.797	-32.7
15:46:17.806	-41.2
15:46:17.819	-51.7
15:46:17.831	-66.2
15:46:17.839	-79.2
15:46:17.852	-93.7
15:46:17.864	-104.2
15:46:17.872	-113.4
15:46:17.884	-123.2
15:46:17.897	-131.6
15:46:17.905	-140.2
15:46:17.917	-146.3
15:46:17.929	-150.3
15:46:17.938	-149.9
15:46:17.950	-150.7
15:46:17.962	-149.5
15:46:17.974	-150.6
15:46:17.983	-153.2
15:46:17.995	-156.3
15:46:18.007	-175.9
15:46:18.015	-195.7
15:46:18.028	-216.0
15:46:18.040	-234.2
15:46:18.052	-255.6
15:46:18.060	-274.5
15:46:18.073	-294.8
15:46:18.085	-312.4
15:46:18.093	-328.1
15:46:18.106	-344.1
15:46:18.118	-346.4
15:46:18.126	-343.3
15:46:18.138	-341.3
15:46:18.151	-342.9
15:46:18.159	-344.2
15:46:18.171	-347.3
15:46:18.183	-349.0
15:46:18.192	-351.8
15:46:18.204	-353.9
15:46:18.216	-356.4
15:46:18.228	-356.7
15:46:18.237	-361.7
15:46:18.249	-366.1
15:46:18.261	-370.4
15:46:18.269	-372.4
15:46:18.282	-375.4
15:46:18.294	-380.3
15:46:18.306	-384.4
15:46:18.314	-391.0
15:46:18.327	-393.9
15:46:18.339	-395.1
15:46:18.347	-396.0
15:46:18.359	-397.4
15:46:18.372	-399.1
15:46:18.380	-401.5
15:46:18.392	-400.8
15:46:18.404	-400.6
15:46:18.413	-401.0
15:46:18.425	-404.8
15:46:18.437	-408.8
15:46:18.445	-414.3
15:46:18.458	-418.0
15:46:18.470	-421.4
15:46:18.482	-423.7
15:46:18.491	-426.0
15:46:18.503	-429.9
15:46:18.515	-431.2
15:46:18.523	-433.5
15:46:18.536	-430.8
15:46:18.548	-428.8
15:46:18.556	-426.8
15:46:18.568	-425.7
15:46:18.581	-422.9
15:46:18.589	-420.8
15:46:18.601	-420.2
15:46:18.613	-417.2
15:46:18.626	-415.3
15:46:18.634	-411.8
15:46:18.646	-408.5
15:46:18.658	-406.8
15:46:18.667	-404.7
15:46:18.679	-402.2
15:46:18.691	-401.7
15:46:18.699	-399.6
15:46:18.712	-395.2
15:46:18.724	-392.0
15:46:18.736	-390.2
15:46:18.744	-389.3
15:46:18.756	-386.3
15:46:18.768	-381.9
15:46:18.777	-377.7
15:46:18.789	-373.6
15:46:18.801	-368.8
15:46:18.809	-363.9
15:46:18.822	-359.7
15:46:18.834	-354.4
15:46:18.842	-349.4
15:46:18.854	-343.1
15:46:18.867	-337.9
15:46:18.875	-334.1
15:46:18.887	-330.5
15:46:18.899	-326.0
15:46:18.912	-319.8
15:46:18.920	-315.3
15:46:18.932	-309.9
15:46:18.945	-305.5
15:46:18.953	-300.1
15:46:18.965	-294.8
15:46:18.977	-287.2
15:46:18.990	-278.7
15:46:18.998	-271.4
15:46:19.010	-264.7
15:46:19.022	-260.1
15:46:19.031	-255.1
15:46:19.043	-251.6
15:46:19.055	-247.5
15:46:19.063	-242.9
15:46:19.076	-236.7
15:46:19.088	-234.7
15:46:19.096	-232.3
15:46:19.108	-228.6
15:46:19.121	-223.5
15:46:19.129	-221.6
15:46:19.141	-218.3
15:46:19.153	-213.3
15:46:19.166	-209.4
15:46:19.174	-204.3
15:46:19.186	-199.8
15:46:19.199	-195.3
15:46:19.207	-192.1
15:46:19.219	-188.3
15:46:19.231	-185.6
15:46:19.239	-179.1
15:46:19.252	-173.5
15:46:19.264	-169.0
15:46:19.276	-163.7
15:46:19.284	-160.1
15:46:19.297	-156.4
15:46:19.309	-152.2
15:46:19.317	-145.6
15:46:19.330	-141.2
15:46:19.342	-135.6
15:46:19.350	-129.6
15:46:19.363	-123.7
15:46:19.375	-118.5
15:46:19.383	-113.6
15:46:19.396	-105.9
15:46:19.408	-100.3
15:46:19.420	-95.5
15:46:19.428	-92.0
15:46:19.441	-86.7
15:46:19.453	-82.4
15:46:19.461	-77.5
15:46:19.473	-73.1
15:46:19.486	-69.2
15:46:19.494	-62.4
15:46:19.506	-59.2
15:46:19.518	-54.4
15:46:19.527	-49.7
15:46:19.539	-41.8
15:46:19.551	-34.5
15:46:19.563	-28.2
15:46:19.572	-22.0
15:46:19.584	-11.3
15:46:19.596	-1.8
15:46:19.604	6.7
15:46:19.617	16.6
15:46:19.629	25.2
15:46:19.637	34.6
15:46:19.649	41.7
15:46:19.662	49.2
15:46:19.674	60.6
15:46:19.682	76.7
15:46:19.694	93.7
15:46:19.707	113.1
15:46:19.719	131.7
15:46:19.727	150.0
15:46:19.739	168.4
15:46:19.752	185.7
15:46:19.760	203.9
15:46:19.772	219.9
15:46:19.784	231.3
15:46:19.793	240.5
15:46:19.805	246.3
15:46:19.817	251.8
15:46:19.825	255.7
15:46:19.838	259.0
15:46:19.850	262.9
15:46:19.858	268.2
15:46:19.870	275.3
15:46:19.883	284.5
15:46:19.895	294.3
15:46:19.903	299.7
15:46:19.916	304.0
15:46:19.928	307.1
15:46:19.936	312.9
15:46:19.948	317.2
15:46:19.961	320.9
15:46:19.973	323.3
15:46:19.981	319.9
15:46:19.994	318.6
15:46:20.006	314.4
15:46:20.014	314.1
15:46:20.026	311.8
15:46:20.038	311.7
15:46:20.046	306.3
15:46:20.058	306.5
15:46:20.071	304.6
15:46:20.079	302.9
15:46:20.091	302.5
15:46:20.104	297.4
15:46:20.112	297.9
15:46:20.124	293.9
15:46:20.136	295.5
15:46:20.148	294.5
15:46:20.157	303.7
15:46:20.169	314.4
15:46:20.181	357.2
15:46:20.189	399.9
15:46:20.202	438.0
15:46:20.214	481.0
15:46:20.226	520.0
15:46:20.235	560.1
15:46:20.247	593.9
15:46:20.259	628.4
15:46:20.267	655.7
15:46:20.280	674.5
15:46:20.292	663.5
15:46:20.300	651.1
15:46:20.312	645.5
15:46:20.325	636.0
15:46:20.333	626.8
15:46:20.345	619.4
15:46:20.357	612.7
15:46:20.366	605.4
15:46:20.378	596.3
15:46:20.390	590.1
15:46:20.402	583.7
15:46:20.411	578.0
15:46:20.423	572.5
15:46:20.435	568.6
15:46:20.443	563.7
15:46:20.456	559.2
15:46:20.468	554.5
15:46:20.476	550.7
15:46:20.488	550.5
15:46:20.501	548.8
15:46:20.509	545.8
15:46:20.521	547.9
15:46:20.533	545.9
15:46:20.546	544.7
15:46:20.554	545.8
15:46:20.566	543.8
15:46:20.579	545.6
15:46:20.588	551.0
15:46:20.600	559.6
15:46:20.612	597.3
15:46:20.620	659.1
15:46:20.633	718.1
15:46:20.645	777.2
15:46:20.657	835.2
15:46:20.665	892.1
15:46:20.678	947.4
15:46:20.690	998.3
15:46:20.698	1043.9
15:46:20.710	1086.7
15:46:20.723	1099.8
15:46:20.731	1089.9
15:46:20.743	1076.1
15:46:20.755	1064.5
15:46:20.764	1052.0
15:46:20.776	1040.5
15:46:20.788	1030.6
15:46:20.796	1021.1
15:46:20.809	1014.4
15:46:20.821	1003.4
15:46:20.833	994.9
15:46:20.841	982.9
15:46:20.854	979.9
15:46:20.866	970.9
15:46:20.874	961.9
15:46:20.887	950.5
15:46:20.899	939.3
15:46:20.911	928.2
15:46:20.919	917.3
15:46:20.932	903.8
15:46:20.944	889.1
15:46:20.952	882.9
15:46:20.964	867.4
15:46:20.977	859.3
15:46:20.985	849.0
15:46:20.997	838.6
15:46:21.009	830.1
15:46:21.018	820.4
15:46:21.030	810.0
15:46:21.042	803.1
15:46:21.050	795.2
15:46:21.063	780.7
15:46:21.075	770.4
15:46:21.087	756.9
15:46:21.095	747.5
15:46:21.108	732.4
15:46:21.120	710.3
15:46:21.128	682.1
15:46:21.140	654.3
15:46:21.153	626.4
15:46:21.161	598.5
15:46:21.173	570.9
15:46:21.185	534.1
15:46:21.198	498.4
15:46:21.206	457.7
15:46:21.218	421.4
15:46:21.231	390.2
15:46:21.239	364.2
15:46:21.251	331.9
15:46:21.263	300.6
15:46:21.271	273.8
15:46:21.284	242.1
15:46:21.296	217.8
15:46:21.304	189.7
15:46:21.317	162.7
15:46:21.329	137.8
15:46:21.340	112.0
15:46:21.349	86.8
15:46:21.361	65.6
15:46:21.373	46.2
15:46:21.381	22.6
15:46:21.394	5.5
15:46:21.406	-12.9
15:46:21.414	-27.5
15:46:21.426	-40.3
15:46:21.439	-55.1
15:46:21.447	-67.2
15:46:21.459	-77.6
15:46:21.471	-83.9
15:46:21.484	-94.7
15:46:21.496	-102.9
15:46:21.504	-111.1
15:46:21.516	-119.9
15:46:21.529	-127.3
15:46:21.537	-134.9
15:46:21.549	-137.4
15:46:21.561	-141.9
15:46:21.570	-142.6
15:46:21.582	-147.3
15:46:21.594	-148.3
15:46:21.602	-150.7
15:46:21.615	-154.6
15:46:21.627	-156.4
15:46:21.639	-159.6
15:46:21.647	-164.7
15:46:21.660	-190.3
15:46:21.672	-229.9
15:46:21.680	-270.9
15:46:21.693	-309.4
15:46:21.705	-348.6
15:46:21.713	-386.3
15:46:21.725	-422.9
15:46:21.738	-457.0
15:46:21.746	-490.6
15:46:21.758	-521.8
15:46:21.770	-534.0
15:46:21.778	-532.7
15:46:21.791	-536.6
15:46:21.803	-544.7
15:46:21.815	-558.5
15:46:21.824	-573.0
15:46:21.836	-588.9
15:46:21.848	-604.3
15:46:21.856	-619.9
15:46:21.869	-634.4
15:46:21.882	-648.3
15:46:21.894	-658.7
15:46:21.902	-664.7
15:46:21.915	-666.4
15:46:21.927	-664.2
15:46:21.935	-660.2
15:46:21.947	-654.0
15:46:21.960	-651.2
15:46:21.968	-646.9
15:46:21.980	-642.3
15:46:21.992	-637.8
15:46:22.001	-636.6
15:46:22.013	-633.8
15:46:22.025	-632.5
15:46:22.033	-628.2
15:46:22.046	-624.6
15:46:22.058	-622.0
15:46:22.070	-617.7
15:46:22.078	-616.2
15:46:22.091	-613.8
15:46:22.103	-612.4
15:46:22.111	-609.1
15:46:22.123	-608.2
15:46:22.136	-606.4
15:46:22.148	-605.3
15:46:22.156	-607.6
15:46:22.168	-609.4
15:46:22.181	-611.7
15:46:22.189	-612.3
15:46:22.201	-615.9
15:46:22.213	-618.9
15:46:22.222	-622.2
15:46:22.234	-625.7
15:46:22.246	-628.9
15:46:22.254	-634.4
15:46:22.267	-635.9
15:46:22.279	-637.9
15:46:22.287	-638.1
15:46:22.300	-639.3
15:46:22.312	-639.0
15:46:22.324	-638.8
15:46:22.332	-636.8
15:46:22.345	-633.6
15:46:22.357	-630.6
15:46:22.365	-624.1
15:46:22.377	-619.6
15:46:22.390	-613.2
15:46:22.398	-608.0
15:46:22.409	-601.2
15:46:22.421	-595.1
15:46:22.430	-586.2
15:46:22.442	-579.0
15:46:22.454	-571.2
15:46:22.467	-563.5
15:46:22.475	-557.3
15:46:22.487	-547.3
15:46:22.500	-540.4
15:46:22.509	-531.6
15:46:22.521	-523.2
15:46:22.533	-513.2
15:46:22.541	-506.9
15:46:22.554	-497.4
15:46:22.566	-490.3
15:46:22.578	-479.3
15:46:22.586	-472.5
15:46:22.599	-467.4
15:46:22.611	-459.8
15:46:22.619	-454.5
15:46:22.631	-447.5
15:46:22.644	-441.3
15:46:22.652	-432.6
15:46:22.664	-426.7
15:46:22.676	-418.8
15:46:22.685	-416.1
15:46:22.697	-408.4
15:46:22.709	-401.8
15:46:22.717	-396.0
15:46:22.730	-389.2
15:46:22.742	-383.9
15:46:22.754	-378.0
15:46:22.762	-373.9
15:46:22.775	-369.6
15:46:22.787	-366.9
15:46:22.795	-360.8
15:46:22.807	-356.2
15:46:22.820	-351.9
15:46:22.832	-345.7
15:46:22.840	-340.6
15:46:22.852	-334.3
15:46:22.865	-330.1
15:46:22.873	-325.5
15:46:22.885	-319.4
15:46:22.898	-313.0
15:46:22.906	-308.6
15:46:22.918	-302.3
15:46:22.930	-294.8
15:46:22.938	-289.5
15:46:22.951	-281.9
15:46:22.963	-277.7
15:46:22.971	-270.5
15:46:22.984	-262.8
15:46:22.996	-256.3
15:46:23.008	-248.6
15:46:23.016	-238.5
15:46:23.029	-229.2
15:46:23.041	-221.3
15:46:23.049	-211.6
15:46:23.061	-203.9
15:46:23.074	-193.6
15:46:23.082	-184.8
15:46:23.094	-175.5
15:46:23.106	-165.4
15:46:23.119	-156.6
15:46:23.127	-147.5
15:46:23.139	-135.1
15:46:23.151	-122.4
15:46:23.160	-110.8
15:46:23.172	-98.2
15:46:23.184	-84.7
15:46:23.192	-69.2
15:46:23.205	-54.8
15:46:23.217	-41.2
15:46:23.225	-24.6
15:46:23.237	-11.7
15:46:23.250	-1.1
15:46:23.262	10.0
15:46:23.270	22.4
15:46:23.282	31.9
15:46:23.295	39.8
15:46:23.303	45.4
15:46:23.315	53.5
15:46:23.327	66.3
15:46:23.336	86.3
15:46:23.348	106.6
15:46:23.360	126.9
15:46:23.372	145.2
15:46:23.381	163.1
15:46:23.393	180.9
15:46:23.405	197.8
15:46:23.418	216.2
15:46:23.426	232.3
15:46:23.438	241.4
15:46:23.450	241.3
15:46:23.458	239.2
15:46:23.471	239.3
15:46:23.483	237.8
15:46:23.491	234.8
15:46:23.504	232.5
15:46:23.516	230.9
15:46:23.524	229.2
15:46:23.536	226.4
15:46:23.549	224.3
15:46:23.561	220.3
15:46:23.569	219.6
15:46:23.581	215.7
15:46:23.594	215.2
15:46:23.602	215.1
15:46:23.614	214.5
15:46:23.627	216.0
15:46:23.635	212.8
15:46:23.647	211.4
15:46:23.659	210.5
15:46:23.667	211.3
15:46:23.680	211.2
15:46:23.692	220.1
15:46:23.700	228.4
15:46:23.713	235.4
15:46:23.725	241.7
15:46:23.737	245.8
15:46:23.745	253.0
15:46:23.757	257.7
15:46:23.769	263.6
15:46:23.777	269.0
15:46:23.790	278.3
15:46:23.802	276.3
15:46:23.814	271.5
15:46:23.822	268.8
15:46:23.835	269.7
15:46:23.847	269.9
15:46:23.855	267.2
15:46:23.867	267.8
15:46:23.880	267.3
15:46:23.888	269.0
15:46:23.900	266.7
15:46:23.912	267.0
15:46:23.921	267.6
15:46:23.933	268.8
15:46:23.945	269.2
15:46:23.954	272.7
15:46:23.966	282.7
15:46:23.979	294.6
15:46:23.991	308.6
15:46:23.999	328.3
15:46:24.012	349.4
15:46:24.024	368.5
15:46:24.032	389.7
15:46:24.044	410.1
15:46:24.057	428.0
15:46:24.069	443.0
15:46:24.077	454.2
15:46:24.089	460.7
15:46:24.102	465.1
15:46:24.110	462.3
15:46:24.122	456.2
15:46:24.134	450.7
15:46:24.143	443.2
15:46:24.155	431.9
15:46:24.167	419.4
15:46:24.175	404.4
15:46:24.187	386.1
15:46:24.199	363.2
15:46:24.207	339.6
15:46:24.220	315.3
15:46:24.232	293.3
15:46:24.244	269.1
15:46:24.253	245.8
15:46:24.265	222.1
15:46:24.277	202.0
15:46:24.285	183.5
15:46:24.298	168.1
15:46:24.310	155.4
15:46:24.318	142.3
15:46:24.330	128.8
15:46:24.343	110.3
15:46:24.351	93.6
15:46:24.363	78.9
15:46:24.375	66.2
15:46:24.388	52.1
15:46:24.396	37.3
15:46:24.408	24.9
15:46:24.420	15.4
15:46:24.429	7.1
15:46:24.441	-0.2
15:46:24.453	-3.0
15:46:24.462	-4.5
15:46:24.474	-7.4
15:46:24.486	-8.6
15:46:24.499	-8.8
15:46:24.507	-8.3
15:46:24.519	-10.9
15:46:24.531	-12.9
15:46:24.540	-19.0
15:46:24.552	-50.4
15:46:24.564	-83.9
15:46:24.572	-120.1
15:46:24.585	-152.6
15:46:24.597	-185.2
15:46:24.605	-219.7
15:46:24.617	-252.4
15:46:24.630	-283.0
15:46:24.638	-313.4
15:46:24.650	-343.3
15:46:24.662	-348.3
15:46:24.675	-351.9
15:46:24.683	-351.5
15:46:24.695	-354.7
15:46:24.707	-358.1
15:46:24.716	-359.8
15:46:24.728	-359.5
15:46:24.740	-363.6
15:46:24.752	-366.6
15:46:24.761	-367.1
15:46:24.773	-364.8
15:46:24.785	-362.2
15:46:24.794	-362.8
15:46:24.806	-362.0
15:46:24.818	-360.2
15:46:24.826	-356.2
15:46:24.839	-353.7
15:46:24.851	-349.5
15:46:24.859	-348.2
15:46:24.871	-345.6
15:46:24.884	-342.9
15:46:24.892	-342.3
15:46:24.904	-339.8
15:46:24.917	-335.8
15:46:24.929	-332.5
15:46:24.937	-330.5
15:46:24.949	-328.9
15:46:24.962	-325.3
15:46:24.970	-318.6
15:46:24.982	-311.8
15:46:24.994	-309.3
15:46:25.003	-301.1
15:46:25.015	-294.3
15:46:25.027	-285.4
15:46:25.039	-279.9
15:46:25.048	-273.1
15:46:25.060	-268.1
15:46:25.072	-265.9
15:46:25.080	-263.4
15:46:25.093	-261.4
15:46:25.105	-257.9
15:46:25.113	-254.3
15:46:25.125	-252.7
15:46:25.138	-252.5
15:46:25.146	-248.4
15:46:25.158	-247.6
15:46:25.170	-246.5
15:46:25.183	-242.5
15:46:25.191	-240.3
15:46:25.203	-236.0
15:46:25.215	-230.3
15:46:25.224	-228.8
15:46:25.236	-224.9
15:46:25.248	-222.5
15:46:25.256	-221.0
15:46:25.269	-217.3
15:46:25.281	-212.8
15:46:25.289	-210.1
15:46:25.301	-206.4
15:46:25.314	-205.2
15:46:25.326	-204.4
15:46:25.338	-203.6
15:46:25.346	-202.6
15:46:25.359	-201.6
15:46:25.371	-196.2
15:46:25.379	-192.3
15:46:25.392	-187.6
15:46:25.404	-181.1
15:46:25.412	-176.6
15:46:25.424	-172.7
15:46:25.437	-168.0
15:46:25.445	-161.2
15:46:25.457	-155.3
15:46:25.469	-149.5
15:46:25.482	-149.2
15:46:25.490	-148.7
15:46:25.502	-148.8
15:46:25.514	-146.7
15:46:25.523	-146.4
15:46:25.535	-144.2
15:46:25.547	-142.3
15:46:25.555	-142.0
15:46:25.568	-138.8
15:46:25.580	-138.1
15:46:25.588	-135.0
15:46:25.600	-132.6
15:46:25.613	-130.5
15:46:25.621	-129.4
15:46:25.633	-130.5
15:46:25.645	-132.7
15:46:25.658	-136.6
15:46:25.666	-139.1
15:46:25.678	-142.6
15:46:25.691	-143.5
15:46:25.699	-147.4
15:46:25.711	-149.2
15:46:25.723	-151.5
15:46:25.735	-156.2
15:46:25.744	-154.7
15:46:25.756	-152.5
15:46:25.768	-150.5
15:46:25.776	-149.3
15:46:25.789	-147.0
15:46:25.801	-146.5
15:46:25.809	-145.4
15:46:25.821	-144.9
15:46:25.834	-143.1
15:46:25.842	-139.5
15:46:25.854	-139.2
15:46:25.867	-138.7
15:46:25.875	-136.9
15:46:25.887	-132.9
15:46:25.899	-133.5
15:46:25.912	-132.1
15:46:25.920	-130.2
15:46:25.932	-127.4
15:46:25.944	-127.3
15:46:25.952	-127.7
15:46:25.965	-126.4
15:46:25.977	-126.2
15:46:25.990	-123.8
15:46:25.998	-124.1
15:46:26.010	-120.9
15:46:26.022	-119.7
15:46:26.031	-117.2
15:46:26.043	-116.2
15:46:26.055	-114.0
15:46:26.063	-110.9
15:46:26.076	-109.3
15:46:26.088	-105.6
15:46:26.096	-105.2
15:46:26.108	-102.1
15:46:26.121	-99.7
15:46:26.129	-95.7
15:46:26.141	-92.4
15:46:26.153	-88.5
15:46:26.166	-85.6
15:46:26.174	-82.6
15:46:26.186	-77.7
15:46:26.198	-75.1
15:46:26.207	-70.1
15:46:26.219	-68.3
15:46:26.231	-65.4
15:46:26.239	-65.8
15:46:26.252	-66.3
15:46:26.264	-65.9
15:46:26.272	-64.1
15:46:26.284	-63.0
15:46:26.297	-63.2
15:46:26.309	-61.8
15:46:26.317	-59.6
15:46:26.329	-58.0
15:46:26.342	-58.6
15:46:26.350	-58.0
15:46:26.363	-54.5
15:46:26.375	-52.1
15:46:26.383	-49.1
15:46:26.395	-48.0
15:46:26.407	-44.9
15:46:26.420	-43.6
15:46:26.428	-45.7
15:46:26.440	-45.4
15:46:26.452	-45.1
15:46:26.460	-41.9
15:46:26.473	-41.1
15:46:26.485	-44.2
15:46:26.493	-44.3
15:46:26.506	-44.6
15:46:26.518	-44.4
15:46:26.526	-43.6
15:46:26.538	-42.7
15:46:26.551	-44.0
15:46:26.559	-42.7
15:46:26.571	-41.5
15:46:26.583	-41.3
15:46:26.596	-37.7
15:46:26.604	-37.3
15:46:26.616	-32.6
15:46:26.628	-31.8
15:46:26.637	-28.5
15:46:26.649	-24.3
15:46:26.661	-19.4
15:46:26.673	-15.5
15:46:26.682	-12.0
15:46:26.694	-9.8
15:46:26.706	-5.0
15:46:26.714	-0.3
15:46:26.727	0.3
15:46:26.739	5.4
15:46:26.747	6.9
15:46:26.759	6.1
15:46:26.772	7.7
15:46:26.780	9.8
15:46:26.792	8.1
15:46:26.805	9.1
15:46:26.813	6.6
15:46:26.825	5.5
15:46:26.837	5.5
15:46:26.850	3.6
15:46:26.858	1.2
15:46:26.870	1.1
15:46:26.882	1.2
15:46:26.891	-1.8
15:46:26.903	-2.0
15:46:26.915	-2.5
15:46:26.923	0.3
15:46:26.936	0.1
15:46:26.948	0.3
15:46:26.960	-0.6
15:46:26.968	0.0
15:46:26.981	0.9
15:46:26.993	0.9
15:46:27.001	1.3
15:46:27.014	1.8
15:46:27.026	5.4
15:46:27.034	4.6
15:46:27.046	7.7
15:46:27.059	10.7
15:46:27.067	14.4
15:46:27.079	18.0
15:46:27.091	24.2
15:46:27.104	28.0
15:46:27.112	34.0
15:46:27.124	42.0
15:46:27.136	58.4
15:46:27.145	78.6
15:46:27.157	97.3
15:46:27.169	115.6
15:46:27.177	133.4
15:46:27.190	151.0
15:46:27.202	166.7
15:46:27.210	184.2
15:46:27.222	199.0
15:46:27.235	213.0
15:46:27.247	216.0
15:46:27.255	217.1
15:46:27.267	218.0
15:46:27.280	218.4
15:46:27.292	219.6
15:46:27.300	220.5
15:46:27.312	222.0
15:46:27.325	222.9
15:46:27.333	228.3
15:46:27.345	232.7
15:46:27.357	235.5
15:46:27.366	240.3
15:46:27.378	245.2
15:46:27.390	249.2
15:46:27.403	255.1
15:46:27.411	263.9
15:46:27.423	282.4
15:46:27.435	299.4
15:46:27.444	317.5
15:46:27.456	333.3
15:46:27.468	349.5
15:46:27.476	363.9
15:46:27.489	378.7
15:46:27.501	391.6
15:46:27.509	403.1
15:46:27.521	414.0
15:46:27.534	414.8
15:46:27.542	418.0
15:46:27.554	419.9
15:46:27.566	422.0
15:46:27.579	424.0
15:46:27.587	424.8
15:46:27.599	424.5
15:46:27.611	428.2
15:46:27.620	430.0
15:46:27.632	430.2
15:46:27.644	430.1
15:46:27.656	430.1
15:46:27.665	431.0
15:46:27.677	431.7
15:46:27.689	433.4
15:46:27.697	436.9
15:46:27.710	443.5
15:46:27.722	448.8
15:46:27.730	455.3
15:46:27.743	463.6
15:46:27.755	470.8
15:46:27.763	480.1
15:46:27.775	485.5
15:46:27.788	493.1
15:46:27.796	498.9
15:46:27.808	503.1
15:46:27.820	505.2
15:46:27.833	506.9
15:46:27.841	509.3
15:46:27.853	505.8
15:46:27.865	506.3
15:46:27.874	503.7
15:46:27.886	502.2
15:46:27.898	496.3
15:46:27.911	491.1
15:46:27.919	487.2
15:46:27.931	483.8
15:46:27.943	479.4
15:46:27.952	474.3
15:46:27.964	474.9
15:46:27.976	470.3
15:46:27.984	467.1
15:46:27.997	463.6
15:46:28.009	464.5
15:46:28.017	463.2
15:46:28.029	463.4
15:46:28.042	461.0
15:46:28.050	461.7
15:46:28.062	462.0
15:46:28.075	458.5
15:46:28.087	461.0
15:46:28.095	461.4
15:46:28.107	460.2
15:46:28.120	461.3
15:46:28.128	463.8
15:46:28.140	461.8
15:46:28.152	460.3
15:46:28.160	457.5
15:46:28.173	454.1
15:46:28.185	455.1
15:46:28.193	451.5
15:46:28.206	449.7
15:46:28.218	445.6
15:46:28.229	438.3
15:46:28.238	430.3
15:46:28.250	426.3
15:46:28.262	422.9
15:46:28.270	419.0
15:46:28.283	416.1
15:46:28.295	409.9
15:46:28.303	403.4
15:46:28.315	394.9
15:46:28.328	390.0
15:46:28.340	381.3
15:46:28.348	374.1
15:46:28.361	361.7
15:46:28.373	350.5
15:46:28.381	340.5
15:46:28.393	326.8
15:46:28.406	316.2
15:46:28.414	302.9
15:46:28.426	284.8
15:46:28.438	266.9
15:46:28.447	249.5
15:46:28.459	229.7
15:46:28.471	212.4
15:46:28.479	189.6
15:46:28.492	164.1
15:46:28.504	142.9
15:46:28.516	116.2
15:46:28.524	91.5
15:46:28.537	71.5
15:46:28.549	50.7
15:46:28.557	33.6
15:46:28.569	18.2
15:46:28.582	4.1
15:46:28.594	-7.0
15:46:28.602	-16.4
15:46:28.615	-28.5
15:46:28.627	-34.1
15:46:28.635	-41.4
15:46:28.647	-47.2
15:46:28.660	-51.9
15:46:28.668	-55.4
15:46:28.680	-58.1
15:46:28.692	-62.3
15:46:28.700	-61.7
15:46:28.713	-62.2
15:46:28.725	-59.3
15:46:28.733	-59.7
15:46:28.746	-58.3
15:46:28.758	-55.8
15:46:28.770	-55.6
15:46:28.778	-55.8
15:46:28.791	-57.1
15:46:28.803	-55.6
15:46:28.811	-59.8
15:46:28.823	-61.0
15:46:28.836	-65.6
15:46:28.844	-70.0
15:46:28.856	-73.4
15:46:28.868	-77.2
15:46:28.881	-79.7
15:46:28.889	-83.7
15:46:28.901	-86.8
15:46:28.913	-93.2
15:46:28.922	-94.1
15:46:28.934	-99.2
15:46:28.946	-103.4
15:46:28.954	-107.7
15:46:28.967	-143.1
15:46:28.979	-179.8
15:46:28.987	-212.7
15:46:28.999	-247.1
15:46:29.012	-279.0
15:46:29.024	-309.2
15:46:29.032	-342.0
15:46:29.044	-371.4
15:46:29.057	-399.2
15:46:29.065	-427.5
15:46:29.077	-424.3
15:46:29.089	-421.6
15:46:29.098	-420.9
15:46:29.110	-418.8
15:46:29.123	-420.3
15:46:29.131	-423.6
15:46:29.143	-425.4
15:46:29.155	-430.0
15:46:29.168	-434.2
15:46:29.176	-438.7
15:46:29.188	-443.7
15:46:29.200	-446.5
15:46:29.213	-449.6
15:46:29.221	-452.4
15:46:29.233	-453.1
15:46:29.245	-449.6
15:46:29.254	-448.2
15:46:29.266	-444.6
15:46:29.278	-443.3
15:46:29.286	-442.2
15:46:29.299	-439.5
15:46:29.311	-439.1
15:46:29.323	-437.4
15:46:29.331	-436.9
15:46:29.344	-434.5
15:46:29.356	-435.6
15:46:29.364	-437.0
15:46:29.376	-437.5
15:46:29.389	-436.6
15:46:29.397	-435.1
15:46:29.409	-433.6
15:46:29.421	-430.6
15:46:29.430	-430.6
15:46:29.442	-430.6
15:46:29.454	-431.1
15:46:29.463	-429.8
15:46:29.475	-429.8
15:46:29.487	-430.3
15:46:29.499	-429.5
15:46:29.507	-428.1
15:46:29.520	-428.3
15:46:29.532	-428.4
15:46:29.540	-428.8
15:46:29.553	-425.9
15:46:29.565	-425.1
15:46:29.577	-423.5
15:46:29.585	-421.6
15:46:29.598	-420.5
15:46:29.610	-419.9
15:46:29.618	-417.5
15:46:29.630	-415.0
15:46:29.643	-412.5
15:46:29.651	-409.0
15:46:29.663	-404.6
15:46:29.675	-401.4
15:46:29.684	-397.5
15:46:29.696	-393.1
15:46:29.708	-387.5
15:46:29.716	-382.7
15:46:29.729	-379.7
15:46:29.741	-376.3
15:46:29.753	-371.7
15:46:29.761	-365.7
15:46:29.774	-361.8
15:46:29.786	-356.7
15:46:29.794	-352.9
15:46:29.806	-346.3
15:46:29.819	-340.9
15:46:29.831	-335.3
15:46:29.839	-329.6
15:46:29.852	-323.9
15:46:29.864	-318.8
15:46:29.872	-314.1
15:46:29.884	-308.7
15:46:29.896	-302.9
15:46:29.905	-297.7
15:46:29.917	-294.0
15:46:29.929	-289.0
15:46:29.937	-283.4
15:46:29.950	-277.6
15:46:29.962	-270.7
15:46:29.970	-265.2
15:46:29.982	-260.7
15:46:29.995	-257.6
15:46:30.007	-254.9
15:46:30.015	-252.7
15:46:30.028	-249.0
15:46:30.040	-244.8
15:46:30.048	-243.0
15:46:30.060	-240.8
15:46:30.073	-238.0
15:46:30.081	-235.7
15:46:30.093	-232.6
15:46:30.105	-229.8
15:46:30.114	-225.4
15:46:30.126	-220.0
15:46:30.138	-217.4
15:46:30.150	-215.7
15:46:30.159	-210.6
15:46:30.171	-207.0
15:46:30.183	-202.9
15:46:30.191	-199.3
15:46:30.204	-197.4
15:46:30.216	-193.3
15:46:30.224	-188.8
15:46:30.237	-185.9
15:46:30.249	-181.3
15:46:30.261	-177.7
15:46:30.269	-174.1
15:46:30.282	-168.1
15:46:30.294	-165.7
15:46:30.302	-162.4
15:46:30.314	-155.4
15:46:30.327	-151.6
15:46:30.335	-147.5
15:46:30.347	-137.0
15:46:30.359	-126.7
15:46:30.368	-117.0
15:46:30.380	-103.3
15:46:30.392	-94.3
15:46:30.400	-82.2
15:46:30.413	-68.4
15:46:30.425	-57.8
15:46:30.437	-45.6
15:46:30.445	-38.0
15:46:30.458	-31.4
15:46:30.470	-26.8
15:46:30.478	-20.2
15:46:30.490	-17.1
15:46:30.503	-11.0
15:46:30.515	-7.1
15:46:30.523	-4.5
15:46:30.536	-0.8
15:46:30.548	4.0
15:46:30.556	11.1
15:46:30.568	11.6
15:46:30.580	15.2
15:46:30.589	19.0
15:46:30.601	22.2
15:46:30.613	30.0
15:46:30.621	40.8
15:46:30.634	51.6
15:46:30.646	65.7
15:46:30.654	77.3
15:46:30.666	90.2
15:46:30.679	104.8
15:46:30.691	117.5
15:46:30.699	129.5
15:46:30.712	142.7
15:46:30.724	149.1
15:46:30.732	154.2
15:46:30.744	160.1
15:46:30.757	163.9
15:46:30.765	170.3
15:46:30.777	173.6
15:46:30.789	180.0
15:46:30.802	186.6
15:46:30.810	192.3
15:46:30.822	195.4
15:46:30.834	202.9
15:46:30.843	206.0
15:46:30.855	207.5
15:46:30.867	209.1
15:46:30.876	209.8
15:46:30.888	218.2
15:46:30.900	223.5
15:46:30.908	228.6
15:46:30.921	235.4
15:46:30.933	241.3
15:46:30.945	244.7
15:46:30.954	251.8
15:46:30.966	258.9
15:46:30.978	263.7
15:46:30.986	268.2
15:46:30.999	266.6
15:46:31.011	265.6
15:46:31.019	266.4
15:46:31.031	260.7
15:46:31.044	255.4
15:46:31.052	247.9
15:46:31.064	240.3
15:46:31.076	235.5
15:46:31.089	228.0
15:46:31.097	219.3
15:46:31.109	212.3
15:46:31.121	208.5
15:46:31.130	201.9
15:46:31.142	200.7
15:46:31.154	203.8
15:46:31.162	209.2
15:46:31.175	215.2
15:46:31.187	217.3
15:46:31.199	224.1
15:46:31.207	231.2
15:46:31.220	236.8
15:46:31.232	240.6
15:46:31.244	245.1
15:46:31.252	250.0
15:46:31.265	247.6
15:46:31.277	245.6
15:46:31.285	243.8
15:46:31.297	245.2
15:46:31.310	245.5
15:46:31.318	247.7
15:46:31.330	249.8
15:46:31.342	251.1
15:46:31.351	251.4
15:46:31.363	252.2
15:46:31.375	254.8
15:46:31.383	257.6
15:46:31.396	259.6
15:46:31.408	262.0
15:46:31.420	262.8
15:46:31.429	263.7
15:46:31.441	266.7
15:46:31.453	270.2
15:46:31.461	275.9
15:46:31.474	276.5
15:46:31.486	280.4
15:46:31.498	285.1
15:46:31.506	287.3
15:46:31.519	289.8
15:46:31.531	296.9
15:46:31.539	306.2
15:46:31.552	320.9
15:46:31.564	380.5
15:46:31.572	437.9
15:46:31.584	496.2
15:46:31.597	550.8
15:46:31.605	606.2
15:46:31.617	656.4
15:46:31.629	700.4
15:46:31.638	742.3
15:46:31.650	780.1
15:46:31.662	813.9
15:46:31.674	796.8
15:46:31.683	780.1
15:46:31.695	767.0
15:46:31.707	754.1
15:46:31.715	738.1
15:46:31.728	727.8
15:46:31.740	721.5
15:46:31.752	713.5
15:46:31.761	705.3
15:46:31.773	693.6
15:46:31.785	682.3
15:46:31.793	671.5
15:46:31.805	659.1
15:46:31.818	647.1
15:46:31.826	637.4
15:46:31.838	626.7
15:46:31.850	617.9
15:46:31.859	609.8
15:46:31.871	600.7
15:46:31.883	590.8
15:46:31.891	585.5
15:46:31.904	579.6
15:46:31.916	574.8
15:46:31.928	570.1
15:46:31.936	563.7
15:46:31.949	558.2
15:46:31.961	550.9
15:46:31.969	542.6
15:46:31.981	536.5
15:46:31.994	529.4
15:46:32.002	523.2
15:46:32.014	516.1
15:46:32.027	508.2
15:46:32.035	501.7
15:46:32.047	494.2
15:46:32.059	488.4
15:46:32.072	482.7
15:46:32.080	477.7
15:46:32.092	470.5
15:46:32.104	463.8
15:46:32.113	459.0
15:46:32.125	454.3
15:46:32.137	447.0
15:46:32.145	438.9
15:46:32.158	434.9
15:46:32.170	427.5
15:46:32.182	420.2
15:46:32.190	411.2
15:46:32.203	405.7
15:46:32.215	399.8
15:46:32.223	391.3
15:46:32.235	382.9
15:46:32.248	378.6
15:46:32.256	372.6
15:46:32.268	363.7
15:46:32.280	356.4
15:46:32.289	349.5
15:46:32.301	341.9
15:46:32.313	331.4
15:46:32.321	320.6
15:46:32.334	309.2
15:46:32.346	297.7
15:46:32.358	284.1
15:46:32.366	270.0
15:46:32.379	257.3
15:46:32.391	243.9
15:46:32.399	228.6
15:46:32.411	211.9
15:46:32.424	197.9
15:46:32.436	182.3
15:46:32.444	168.3
15:46:32.456	156.2
15:46:32.469	143.4
15:46:32.477	137.2
15:46:32.489	127.8
15:46:32.501	122.9
15:46:32.510	115.2
15:46:32.522	109.4
15:46:32.534	100.1
15:46:32.543	92.3
15:46:32.555	83.9
15:46:32.567	73.8
15:46:32.575	64.3
15:46:32.588	49.0
15:46:32.600	36.1
15:46:32.612	20.2
15:46:32.620	8.1
15:46:32.633	-4.5
15:46:32.645	-13.8
15:46:32.653	-23.3
15:46:32.665	-32.8
15:46:32.678	-41.3
15:46:32.686	-48.5
15:46:32.698	-52.9
15:46:32.710	-59.2
15:46:32.723	-64.3
15:46:32.731	-70.1
15:46:32.743	-73.6
15:46:32.755	-78.4
15:46:32.764	-79.9
15:46:32.776	-82.4
15:46:32.788	-85.0
15:46:32.796	-87.1
15:46:32.809	-91.0
15:46:32.821	-93.7
15:46:32.829	-101.4
15:46:32.841	-106.5
15:46:32.854	-111.6
15:46:32.866	-124.7
15:46:32.874	-156.2
15:46:32.886	-188.2
15:46:32.899	-218.6
15:46:32.907	-249.6
15:46:32.919	-277.6
15:46:32.931	-306.4
15:46:32.940	-330.6
15:46:32.952	-354.4
15:46:32.964	-380.8
15:46:32.972	-399.2
15:46:32.985	-398.6
15:46:32.997	-399.5
15:46:33.009	-409.0
15:46:33.017	-419.5
15:46:33.030	-433.0
15:46:33.042	-443.7
15:46:33.050	-454.8
15:46:33.063	-468.1
15:46:33.075	-478.3
15:46:33.083	-487.4
15:46:33.095	-497.2
15:46:33.108	-505.1
15:46:33.120	-503.1
15:46:33.128	-499.4
15:46:33.140	-495.6
15:46:33.153	-494.6
15:46:33.165	-493.7
15:46:33.173	-493.1
15:46:33.185	-493.6
15:46:33.198	-498.0
15:46:33.206	-502.4
15:46:33.218	-507.3
15:46:33.230	-514.1
15:46:33.239	-517.7
15:46:33.251	-522.7
15:46:33.263	-523.5
15:46:33.271	-527.5
15:46:33.284	-529.3
15:46:33.296	-529.4
15:46:33.304	-527.1
15:46:33.316	-524.3
15:46:33.329	-520.6
15:46:33.341	-514.6
15:46:33.349	-516.1
15:46:33.361	-512.4
15:46:33.374	-512.7
15:46:33.382	-510.3
15:46:33.394	-507.5
15:46:33.407	-505.2
15:46:33.419	-502.3
15:46:33.427	-500.0
15:46:33.439	-494.8
15:46:33.452	-493.1
15:46:33.460	-487.1
15:46:33.472	-484.3
15:46:33.484	-479.3
15:46:33.493	-472.5
15:46:33.505	-468.0
15:46:33.517	-462.7
15:46:33.526	-456.6
15:46:33.538	-449.2
15:46:33.550	-443.0
15:46:33.558	-435.8
15:46:33.570	-428.4
15:46:33.583	-419.4
15:46:33.595	-413.3
15:46:33.603	-407.1
15:46:33.615	-401.1
15:46:33.628	-396.8
15:46:33.636	-388.7
15:46:33.648	-384.0
15:46:33.661	-378.7
15:46:33.673	-374.2
15:46:33.681	-370.2
15:46:33.693	-367.7
15:46:33.705	-363.0
15:46:33.714	-358.3
15:46:33.726	-353.2
15:46:33.738	-346.3
15:46:33.746	-343.0
15:46:33.759	-337.7
15:46:33.771	-334.4
15:46:33.779	-330.6
15:46:33.792	-325.8
15:46:33.804	-321.2
15:46:33.812	-316.9
15:46:33.824	-310.5
15:46:33.836	-304.3
15:46:33.849	-299.5
15:46:33.857	-293.7
15:46:33.869	-287.8
15:46:33.881	-283.6
15:46:33.890	-276.9
15:46:33.902	-270.0
15:46:33.914	-263.5
15:46:33.922	-256.5
15:46:33.935	-251.9
15:46:33.947	-245.9
15:46:33.955	-238.7
15:46:33.967	-233.9
15:46:33.980	-229.3
15:46:33.992	-223.1
15:46:34.000	-219.7
15:46:34.013	-216.4
15:46:34.025	-213.0
15:46:34.033	-209.6
15:46:34.045	-205.4
15:46:34.058	-203.0
15:46:34.066	-201.7
15:46:34.078	-197.2
15:46:34.090	-191.9
15:46:34.103	-188.2
15:46:34.111	-184.5
15:46:34.123	-182.2
15:46:34.135	-178.6
15:46:34.144	-174.8
15:46:34.156	-172.2
15:46:34.168	-167.6
15:46:34.176	-159.8
15:46:34.189	-157.8
15:46:34.201	-153.8
15:46:34.209	-149.1
15:46:34.221	-142.4
15:46:34.234	-132.9
15:46:34.242	-120.8
15:46:34.254	-110.8
15:46:34.266	-100.1
15:46:34.279	-87.9
15:46:34.287	-78.3
15:46:34.299	-64.2
15:46:34.311	-51.4
15:46:34.320	-34.6
15:46:34.332	-17.6
15:46:34.344	-3.7
15:46:34.356	6.3
15:46:34.365	22.8
15:46:34.377	39.0
15:46:34.389	51.4
15:46:34.397	65.3
15:46:34.410	75.9
15:46:34.422	87.2
15:46:34.430	97.0
15:46:34.442	106.0
15:46:34.455	116.2
15:46:34.463	126.8
15:46:34.475	133.4
15:46:34.488	140.2
15:46:34.497	149.4
15:46:34.509	156.3
15:46:34.521	166.2
15:46:34.534	171.2
15:46:34.542	175.1
15:46:34.554	179.0
15:46:34.566	181.0
15:46:34.574	183.3
15:46:34.587	184.7
15:46:34.599	185.1
15:46:34.607	184.4
15:46:34.620	184.7
15:46:34.632	181.3
15:46:34.644	180.8
15:46:34.652	178.8
15:46:34.665	175.4
15:46:34.677	174.2
15:46:34.685	173.9
15:46:34.697	173.2
15:46:34.710	171.3
15:46:34.718	169.0
15:46:34.730	163.0
15:46:34.742	160.4
15:46:34.751	157.6
15:46:34.763	153.5
15:46:34.775	150.3
15:46:34.787	142.0
15:46:34.796	135.1
15:46:34.808	128.5
15:46:34.820	122.3
15:46:34.828	114.7
15:46:34.841	106.6
15:46:34.853	96.8
15:46:34.861	88.7
15:46:34.873	79.7
15:46:34.885	69.4
15:46:34.893	63.4
15:46:34.905	53.8
15:46:34.918	45.3
15:46:34.930	42.6
15:46:34.938	39.9
15:46:34.950	41.7
15:46:34.963	43.1
15:46:34.971	40.2
15:46:34.983	38.9
15:46:34.996	40.1
15:46:35.004	40.6
15:46:35.016	43.7
15:46:35.028	44.5
15:46:35.041	39.4
15:46:35.049	34.6
15:46:35.061	26.3
15:46:35.074	17.5
15:46:35.082	3.4
15:46:35.094	-15.0
15:46:35.106	-40.6
15:46:35.115	-63.1
15:46:35.127	-89.2
15:46:35.139	-114.2
15:46:35.151	-142.0
15:46:35.160	-170.4
15:46:35.172	-198.1
15:46:35.184	-223.2
15:46:35.192	-241.3
15:46:35.205	-254.3
15:46:35.217	-262.5
15:46:35.225	-273.0
15:46:35.237	-279.8
15:46:35.250	-288.2
15:46:35.262	-293.3
15:46:35.270	-296.8
15:46:35.283	-297.7
15:46:35.295	-301.5
15:46:35.303	-305.7
15:46:35.315	-308.6
15:46:35.328	-312.9
15:46:35.340	-313.7
15:46:35.348	-317.1
15:46:35.360	-319.8
15:46:35.373	-321.6
15:46:35.381	-322.7
15:46:35.393	-324.7
15:46:35.405	-324.4
15:46:35.414	-324.1
15:46:35.426	-324.4
15:46:35.438	-322.0
15:46:35.446	-324.2
15:46:35.459	-325.0
15:46:35.471	-327.9
15:46:35.479	-330.1
15:46:35.492	-334.0
15:46:35.504	-338.8
15:46:35.516	-345.5
15:46:35.524	-351.0
15:46:35.537	-354.9
15:46:35.549	-359.6
15:46:35.557	-362.9
15:46:35.569	-366.5
15:46:35.582	-367.8
15:46:35.594	-370.7
15:46:35.602	-373.4
15:46:35.614	-373.7
15:46:35.627	-374.3
15:46:35.635	-371.0
15:46:35.647	-371.4
15:46:35.659	-370.9
15:46:35.668	-372.2
15:46:35.680	-370.8
15:46:35.692	-371.3
15:46:35.700	-369.5
15:46:35.713	-368.6
15:46:35.725	-366.7
15:46:35.733	-364.7
15:46:35.745	-366.8
15:46:35.758	-365.8
15:46:35.770	-364.9
15:46:35.778	-361.0
15:46:35.790	-361.7
15:46:35.803	-358.4
15:46:35.811	-356.5
15:46:35.823	-353.1
15:46:35.835	-352.2
15:46:35.844	-350.8
15:46:35.856	-345.4
15:46:35.868	-342.7
15:46:35.876	-340.0
15:46:35.889	-339.6
15:46:35.901	-338.1
15:46:35.913	-336.2
15:46:35.921	-335.7
15:46:35.934	-334.2
15:46:35.946	-333.6
15:46:35.954	-330.8
15:46:35.967	-331.0
15:46:35.979	-329.1
15:46:35.987	-328.0
15:46:35.999	-325.9
15:46:36.012	-323.0
15:46:36.024	-321.2
15:46:36.032	-318.7
15:46:36.044	-316.1
15:46:36.057	-311.5
15:46:36.065	-308.7
15:46:36.077	-307.2
15:46:36.089	-306.5
15:46:36.098	-303.1
15:46:36.110	-300.4
15:46:36.122	-296.0
15:46:36.130	-292.9
15:46:36.143	-288.6
15:46:36.155	-285.7
15:46:36.163	-281.8
15:46:36.175	-278.9
15:46:36.188	-274.5
15:46:36.200	-270.0
15:46:36.208	-268.0
15:46:36.220	-263.8
15:46:36.233	-261.6
15:46:36.241	-258.9
15:46:36.253	-256.7
15:46:36.265	-253.0
15:46:36.278	-250.1
15:46:36.286	-247.0
15:46:36.298	-244.4
15:46:36.310	-241.1
15:46:36.319	-238.6
15:46:36.331	-236.5
15:46:36.343	-233.3
15:46:36.352	-230.9
15:46:36.364	-229.5
15:46:36.376	-227.5
15:46:36.384	-226.2
15:46:36.397	-222.5
15:46:36.409	-219.0
15:46:36.417	-215.9
15:46:36.429	-211.0
15:46:36.442	-208.6
15:46:36.454	-205.6
15:46:36.462	-203.0
15:46:36.474	-197.6
15:46:36.487	-194.9
15:46:36.495	-192.0
15:46:36.507	-190.6
15:46:36.519	-188.3
15:46:36.528	-188.6
15:46:36.540	-188.4
15:46:36.552	-187.0
15:46:36.565	-186.8
15:46:36.573	-186.0
15:46:36.585	-186.4
15:46:36.597	-184.0
15:46:36.606	-182.5
15:46:36.618	-181.0
15:46:36.630	-180.1
15:46:36.638	-177.4
15:46:36.651	-175.4
15:46:36.663	-172.7
15:46:36.671	-170.2
15:46:36.683	-167.2
15:46:36.696	-164.6
15:46:36.708	-163.0
15:46:36.716	-160.9
15:46:36.728	-158.9
15:46:36.741	-157.0
15:46:36.749	-154.0
15:46:36.761	-151.0
15:46:36.774	-149.6
15:46:36.782	-148.4
15:46:36.794	-145.4
15:46:36.806	-144.7
15:46:36.814	-143.2
15:46:36.827	-142.8
15:46:36.839	-141.9
15:46:36.851	-141.0
15:46:36.859	-139.5
15:46:36.872	-138.2
15:46:36.884	-136.5
15:46:36.892	-134.2
15:46:36.905	-133.3
15:46:36.917	-131.2
15:46:36.925	-129.8
15:46:36.937	-126.0
15:46:36.950	-123.5
15:46:36.962	-121.5
15:46:36.970	-121.6
15:46:36.982	-119.6
15:46:36.995	-118.0
15:46:37.003	-116.7
15:46:37.015	-114.9
15:46:37.028	-112.5
15:46:37.036	-110.4
15:46:37.048	-110.2
15:46:37.060	-110.7
15:46:37.069	-110.3
15:46:37.081	-108.1
15:46:37.093	-106.1
15:46:37.105	-104.7
15:46:37.114	-103.4
15:46:37.126	-101.7
15:46:37.138	-100.3
15:46:37.146	-98.3
15:46:37.159	-95.9
15:46:37.171	-92.6
15:46:37.179	-91.3
15:46:37.191	-89.4
15:46:37.204	-90.1
15:46:37.216	-89.2
15:46:37.224	-87.9
15:46:37.237	-86.3
15:46:37.249	-86.2
15:46:37.257	-86.9
15:46:37.269	-86.3
15:46:37.282	-87.5
15:46:37.290	-86.7
15:46:37.302	-86.0
15:46:37.314	-84.2
15:46:37.327	-83.8
15:46:37.335	-82.9
15:46:37.347	-81.6
15:46:37.359	-80.3
15:46:37.368	-78.8
15:46:37.380	-80.2
15:46:37.392	-76.5
15:46:37.400	-72.9
15:46:37.413	-71.6
15:46:37.425	-72.0
15:46:37.437	-68.6
15:46:37.445	-67.2
15:46:37.458	-65.6
15:46:37.470	-65.3
15:46:37.478	-64.8
15:46:37.490	-62.5
15:46:37.503	-60.4
15:46:37.515	-60.0
15:46:37.523	-61.3
15:46:37.535	-59.8
15:46:37.548	-58.4
15:46:37.556	-57.7
15:46:37.568	-58.4
15:46:37.580	-57.4
15:46:37.589	-56.6
15:46:37.601	-55.5
15:46:37.613	-57.1
15:46:37.621	-57.4
15:46:37.634	-54.2
15:46:37.646	-53.3
15:46:37.654	-53.2
15:46:37.667	-52.3
15:46:37.679	-51.3
15:46:37.691	-49.8
15:46:37.699	-50.1
15:46:37.712	-49.3
15:46:37.724	-48.2
15:46:37.732	-46.0
15:46:37.744	-45.4
15:46:37.757	-43.5
15:46:37.765	-45.4
15:46:37.777	-44.8
15:46:37.790	-45.5
15:46:37.798	-45.9
15:46:37.810	-43.4
15:46:37.822	-43.9
15:46:37.835	-43.6
15:46:37.843	-44.3
15:46:37.855	-43.6
15:46:37.867	-43.3
15:46:37.876	-41.3
15:46:37.888	-42.3
15:46:37.900	-41.1
15:46:37.908	-39.8
15:46:37.921	-37.0
15:46:37.933	-36.8
15:46:37.945	-34.7
15:46:37.953	-33.1
15:46:37.966	-33.0
15:46:37.978	-32.5
15:46:37.986	-34.1
15:46:37.999	-31.5
15:46:38.011	-30.4
15:46:38.019	-31.3
15:46:38.031	-33.3
15:46:38.043	-32.1
15:46:38.052	-33.9
15:46:38.064	-35.1
15:46:38.076	-32.6
15:46:38.084	-33.1
15:46:38.097	-30.6
15:46:38.109	-32.1
15:46:38.121	-30.7
15:46:38.129	-28.7
15:46:38.142	-28.3
15:46:38.154	-26.8
15:46:38.162	-25.6
15:46:38.175	-23.7
15:46:38.187	-25.0
15:46:38.199	-24.7
15:46:38.207	-22.9
15:46:38.220	-22.3
15:46:38.232	-23.1
15:46:38.239	-23.1
15:46:38.252	-23.2
15:46:38.264	-25.1
15:46:38.272	-25.3
15:46:38.284	-24.5
15:46:38.297	-21.9
15:46:38.305	-21.2
15:46:38.317	-20.8
15:46:38.330	-19.2
15:46:38.337	-19.7
15:46:38.350	-19.4
15:46:38.362	-20.6
15:46:38.375	-19.5
15:46:38.384	-18.2
15:46:38.396	-17.8
15:46:38.407	-19.5
15:46:38.415	-19.6
15:46:38.428	-20.4
15:46:38.440	-21.9
15:46:38.448	-21.1
15:46:38.461	-19.9
15:46:38.473	-18.2
15:46:38.485	-17.2
15:46:38.493	-15.4
15:46:38.506	-15.4
15:46:38.518	-15.7
15:46:38.526	-14.2
15:46:38.538	-13.4
15:46:38.551	-11.4
15:46:38.559	-10.6
15:46:38.571	-10.8
15:46:38.583	-11.2
15:46:38.592	-9.3
15:46:38.604	-11.2
15:46:38.616	-11.9
15:46:38.628	-12.9
15:46:38.637	-15.5
15:46:38.649	-16.2
15:46:38.661	-14.8
15:46:38.669	-15.6
15:46:38.682	-15.1
15:46:38.694	-11.4
15:46:38.702	-12.9
15:46:38.714	-12.0
15:46:38.727	-9.4
15:46:38.735	-9.1
15:46:38.747	-6.8
15:46:38.759	-6.1
15:46:38.772	-5.1
15:46:38.780	-2.6
15:46:38.792	-0.3
15:46:38.804	-0.5
15:46:38.813	3.4
15:46:38.825	4.6
15:46:38.837	4.5
15:46:38.845	8.5
15:46:38.858	11.2
15:46:38.870	13.0
15:46:38.882	12.2
15:46:38.890	12.3
15:46:38.903	10.4
15:46:38.915	12.9
15:46:38.923	10.6
15:46:38.936	12.5
15:46:38.948	12.0
15:46:38.956	10.6
15:46:38.968	10.7
15:46:38.981	10.7
15:46:38.989	12.8
15:46:39.001	13.4
15:46:39.013	15.3
15:46:39.022	12.7
15:46:39.034	14.9
15:46:39.046	15.4
15:46:39.058	14.6
15:46:39.067	16.0
15:46:39.080	15.1
15:46:39.092	14.6
15:46:39.100	13.6
15:46:39.113	15.2
15:46:39.125	14.2
15:46:39.137	14.4
15:46:39.145	13.2
15:46:39.158	9.6
15:46:39.170	10.0
15:46:39.178	9.9
15:46:39.190	11.1
15:46:39.203	12.4
15:46:39.211	13.8
15:46:39.223	13.0
15:46:39.235	14.3
15:46:39.244	15.5
15:46:39.256	16.7
15:46:39.268	19.4
15:46:39.276	19.9
15:46:39.289	20.0
15:46:39.300	19.2
15:46:39.312	20.1
15:46:39.321	19.9
15:46:39.333	19.9
15:46:39.345	19.9
15:46:39.358	21.0
15:46:39.366	19.6
15:46:39.378	20.3
15:46:39.390	21.1
15:46:39.398	21.3
15:46:39.411	21.2
15:46:39.423	19.7
15:46:39.435	20.5
15:46:39.444	20.7
15:46:39.456	22.0
15:46:39.468	20.0
15:46:39.476	20.1
15:46:39.489	20.3
15:46:39.501	19.1
15:46:39.509	18.9
15:46:39.521	19.3
15:46:39.534	19.4
15:46:39.542	17.7
15:46:39.554	17.9
15:46:39.566	16.6
15:46:39.575	20.6
15:46:39.587	24.7
15:46:39.599	31.0
15:46:39.611	36.0
15:46:39.620	39.7
15:46:39.632	44.2
15:46:39.644	49.2
15:46:39.652	55.7
15:46:39.665	61.0
15:46:39.677	70.0
15:46:39.685	74.4
15:46:39.697	80.5
15:46:39.710	83.9
15:46:39.718	94.3
15:46:39.730	102.1
15:46:39.742	110.2
15:46:39.755	117.5
15:46:39.763	123.8
15:46:39.775	129.4
15:46:39.787	133.4
15:46:39.796	138.8
15:46:39.808	140.4
15:46:39.820	141.9
15:46:39.829	139.5
15:46:39.841	141.3
15:46:39.853	140.9
15:46:39.865	139.8
15:46:39.874	141.0
15:46:39.886	142.1
15:46:39.898	143.8
15:46:39.906	144.0
15:46:39.919	146.3
15:46:39.931	151.8
15:46:39.939	157.4
15:46:39.951	162.3
15:46:39.964	166.7
15:46:39.972	174.4
15:46:39.984	177.7
15:46:39.996	182.2
15:46:40.004	185.7
15:46:40.017	189.0
15:46:40.029	192.1
15:46:40.042	192.5
15:46:40.050	191.2
15:46:40.063	189.1
15:46:40.075	191.3
15:46:40.083	191.4
15:46:40.096	194.5
15:46:40.108	197.8
15:46:40.120	204.8
15:46:40.128	210.1
15:46:40.141	215.5
15:46:40.153	219.6
15:46:40.161	226.8
15:46:40.174	234.7
15:46:40.186	240.1
15:46:40.194	245.6
15:46:40.206	249.9
15:46:40.218	250.2
15:46:40.227	248.2
15:46:40.239	248.8
15:46:40.251	250.6
15:46:40.259	251.2
15:46:40.272	252.0
15:46:40.284	251.5
15:46:40.296	252.3
15:46:40.304	250.4
15:46:40.317	252.7
15:46:40.329	256.5
15:46:40.337	260.8
15:46:40.349	264.7
15:46:40.362	269.0
15:46:40.370	275.2
15:46:40.382	279.0
15:46:40.395	283.7
15:46:40.407	285.9
15:46:40.415	288.2
15:46:40.427	288.0
15:46:40.440	292.8
15:46:40.448	296.6
15:46:40.460	308.1
15:46:40.472	321.5
15:46:40.480	333.4
15:46:40.493	348.2
15:46:40.505	360.0
15:46:40.513	374.5
15:46:40.526	390.1
15:46:40.538	400.5
15:46:40.550	411.2
15:46:40.558	419.1
15:46:40.571	419.9
15:46:40.583	416.8
15:46:40.591	417.3
15:46:40.603	413.4
15:46:40.616	414.1
15:46:40.624	412.0
15:46:40.636	412.8
15:46:40.648	416.5
15:46:40.657	417.7
15:46:40.669	418.3
15:46:40.681	420.0
15:46:40.694	422.6
15:46:40.702	420.2
15:46:40.714	421.0
15:46:40.726	418.2
15:46:40.734	417.4
15:46:40.747	413.6
15:46:40.759	409.7
15:46:40.767	403.9
15:46:40.779	399.4
15:46:40.792	393.1
15:46:40.804	387.5
15:46:40.812	385.8
15:46:40.824	383.1
15:46:40.837	380.7
15:46:40.845	375.1
15:46:40.857	372.7
15:46:40.870	372.1
15:46:40.878	371.4
15:46:40.890	371.6
15:46:40.902	370.4
15:46:40.910	370.4
15:46:40.923	368.5
15:46:40.935	366.0
15:46:40.943	363.9
15:46:40.956	364.3
15:46:40.968	363.8
15:46:40.980	370.2
15:46:40.988	396.8
15:46:41.001	441.3
15:46:41.013	488.4
15:46:41.025	529.5
15:46:41.033	568.2
15:46:41.046	607.4
15:46:41.058	645.5
15:46:41.066	682.9
15:46:41.078	719.2
15:46:41.091	743.1
15:46:41.103	748.1
15:46:41.111	734.9
15:46:41.123	720.3
15:46:41.136	708.6
15:46:41.144	700.9
15:46:41.156	690.4
15:46:41.168	681.6
15:46:41.177	672.1
15:46:41.189	662.2
15:46:41.201	654.9
15:46:41.209	648.5
15:46:41.222	642.2
15:46:41.234	637.2
15:46:41.242	632.3
15:46:41.254	625.3
15:46:41.267	618.8
15:46:41.279	612.9
15:46:41.287	606.5
15:46:41.299	599.6
15:46:41.312	594.5
15:46:41.320	587.9
15:46:41.332	582.1
15:46:41.345	572.2
15:46:41.357	563.0
15:46:41.365	554.6
15:46:41.377	548.8
15:46:41.389	538.7
15:46:41.398	533.5
15:46:41.410	529.3
15:46:41.422	524.4
15:46:41.430	522.1
15:46:41.443	516.0
15:46:41.455	518.0
15:46:41.463	516.8
15:46:41.476	515.8
15:46:41.488	513.0
15:46:41.496	515.0
15:46:41.508	513.7
15:46:41.521	509.5
15:46:41.533	505.0
15:46:41.541	496.2
15:46:41.553	492.6
15:46:41.566	479.9
15:46:41.574	472.4
15:46:41.586	462.8
15:46:41.599	453.9
15:46:41.607	441.7
15:46:41.619	427.3
15:46:41.631	415.7
15:46:41.639	399.4
15:46:41.652	384.6
15:46:41.664	362.8
15:46:41.676	343.1
15:46:41.684	320.3
15:46:41.697	293.8
15:46:41.709	268.7
15:46:41.717	244.7
15:46:41.729	221.9
15:46:41.742	195.5
15:46:41.750	176.7
15:46:41.762	156.2
15:46:41.775	136.4
15:46:41.787	119.7
15:46:41.795	103.4
15:46:41.807	95.3
15:46:41.820	86.4
15:46:41.828	79.0
15:46:41.840	71.3
15:46:41.852	67.1
15:46:41.860	60.6
15:46:41.873	56.0
15:46:41.885	52.9
15:46:41.893	51.3
15:46:41.906	50.6
15:46:41.918	48.5
15:46:41.926	44.5
15:46:41.938	40.3
15:46:41.951	36.9
15:46:41.963	33.9
15:46:41.971	29.6
15:46:41.983	21.5
15:46:41.996	-9.4
15:46:42.004	-37.7
15:46:42.016	-67.5
15:46:42.028	-99.2
15:46:42.041	-128.1
15:46:42.049	-157.5
15:46:42.061	-184.4
15:46:42.073	-212.8
15:46:42.082	-241.2
15:46:42.094	-263.3
15:46:42.106	-262.5
15:46:42.114	-266.0
15:46:42.127	-274.5
15:46:42.139	-283.3
15:46:42.147	-292.7
15:46:42.160	-301.9
15:46:42.172	-313.3
15:46:42.180	-324.6
15:46:42.192	-335.1
15:46:42.205	-347.4
15:46:42.217	-358.1
15:46:42.225	-368.3
15:46:42.237	-373.7
15:46:42.250	-378.6
15:46:42.258	-383.3
15:46:42.270	-388.3
15:46:42.283	-392.9
15:46:42.291	-395.6
15:46:42.303	-397.2
15:46:42.315	-399.7
15:46:42.328	-400.8
15:46:42.336	-404.6
15:46:42.348	-402.1
15:46:42.360	-401.9
15:46:42.368	-398.7
15:46:42.381	-394.8
15:46:42.393	-388.9
15:46:42.401	-385.0
15:46:42.413	-381.6
15:46:42.426	-375.1
15:46:42.434	-372.4
15:46:42.446	-367.5
15:46:42.458	-365.9
15:46:42.470	-360.0
15:46:42.478	-357.4
15:46:42.491	-353.9
15:46:42.503	-352.6
15:46:42.511	-348.7
15:46:42.523	-346.1
15:46:42.536	-346.8
15:46:42.544	-341.5
15:46:42.556	-338.1
15:46:42.568	-336.5
15:46:42.577	-335.4
15:46:42.589	-333.5
15:46:42.601	-333.2
15:46:42.613	-333.0
15:46:42.622	-334.8
15:46:42.634	-335.8
15:46:42.646	-334.5
15:46:42.654	-336.6
15:46:42.667	-335.0
15:46:42.679	-333.0
15:46:42.687	-331.9
15:46:42.699	-331.5
15:46:42.713	-330.7
15:46:42.725	-326.9
15:46:42.733	-323.2
15:46:42.745	-318.0
15:46:42.758	-314.1
15:46:42.766	-310.6
15:46:42.778	-308.0
15:46:42.791	-305.2
15:46:42.799	-301.6
15:46:42.811	-298.6
15:46:42.823	-293.3
15:46:42.832	-291.7
15:46:42.844	-290.2
15:46:42.856	-287.6
15:46:42.865	-285.8
15:46:42.877	-281.0
15:46:42.889	-276.6
15:46:42.901	-272.7
15:46:42.909	-269.1
15:46:42.922	-263.9
15:46:42.934	-259.2
15:46:42.942	-255.6
15:46:42.954	-246.5
15:46:42.967	-242.9
15:46:42.979	-238.7
15:46:42.987	-235.9
15:46:42.999	-233.1
15:46:43.011	-226.9
15:46:43.023	-223.9
15:46:43.031	-221.5
15:46:43.044	-218.9
15:46:43.056	-213.2
15:46:43.064	-212.5
15:46:43.076	-209.1
15:46:43.089	-204.9
15:46:43.097	-200.5
15:46:43.109	-195.4
15:46:43.121	-195.7
15:46:43.130	-189.6
15:46:43.142	-186.3
15:46:43.154	-183.5
15:46:43.162	-183.0
15:46:43.175	-181.9
15:46:43.187	-179.9
15:46:43.199	-177.8
15:46:43.207	-174.7
15:46:43.220	-172.3
15:46:43.232	-166.3
15:46:43.240	-164.7
15:46:43.252	-160.5
15:46:43.265	-158.9
15:46:43.277	-154.2
15:46:43.285	-149.1
15:46:43.297	-143.2
15:46:43.310	-137.5
15:46:43.318	-133.9
15:46:43.330	-130.1
15:46:43.343	-125.8
15:46:43.351	-120.4
15:46:43.363	-113.7
15:46:43.376	-106.0
15:46:43.384	-100.8
15:46:43.396	-96.6
15:46:43.408	-93.3
15:46:43.417	-90.3
15:46:43.429	-86.4
15:46:43.441	-83.2
15:46:43.453	-83.2
15:46:43.462	-82.5
15:46:43.474	-83.4
15:46:43.486	-81.8
15:46:43.494	-79.9
15:46:43.507	-78.7
15:46:43.519	-77.5
15:46:43.527	-73.5
15:46:43.539	-71.4
15:46:43.552	-70.4
15:46:43.560	-67.7
15:46:43.572	-65.8
15:46:43.585	-62.2
15:46:43.597	-60.4
15:46:43.605	-57.1
15:46:43.617	-53.5
15:46:43.630	-47.6
15:46:43.638	-44.7
15:46:43.650	-39.7
15:46:43.662	-34.4
15:46:43.671	-25.7
15:46:43.683	-21.0
15:46:43.695	-13.1
15:46:43.707	-7.8
15:46:43.716	-3.3
15:46:43.728	1.6
15:46:43.740	5.3
15:46:43.748	9.2
15:46:43.761	12.8
15:46:43.773	17.9
15:46:43.781	17.9
15:46:43.793	23.4
15:46:43.806	22.8
15:46:43.814	28.3
15:46:43.826	33.8
15:46:43.838	41.2
15:46:43.847	48.0
15:46:43.859	54.3
15:46:43.871	62.7
15:46:43.883	71.9
15:46:43.892	80.0
15:46:43.904	86.7
15:46:43.916	94.2
15:46:43.924	100.7
15:46:43.937	106.4
15:46:43.949	112.0
15:46:43.961	118.1
15:46:43.969	123.1
15:46:43.982	126.6
15:46:43.994	127.8
15:46:44.002	131.6
15:46:44.014	135.0
15:46:44.027	137.1
15:46:44.035	138.4
15:46:44.047	138.9
15:46:44.060	138.8
15:46:44.068	140.2
15:46:44.080	143.3
15:46:44.092	147.5
15:46:44.101	155.2
15:46:44.113	177.1
15:46:44.125	200.6
15:46:44.137	226.5
15:46:44.146	249.9
15:46:44.158	273.8
15:46:44.170	298.2
15:46:44.178	318.5
15:46:44.191	339.8
15:46:44.203	357.2
15:46:44.211	369.9
15:46:44.223	369.5
15:46:44.236	365.9
15:46:44.248	363.5
15:46:44.256	362.1
15:46:44.268	361.2
15:46:44.281	359.7
15:46:44.289	357.9
15:46:44.301	353.4
15:46:44.313	351.5
15:46:44.322	351.0
15:46:44.334	347.5
15:46:44.346	347.2
15:46:44.354	344.1
15:46:44.367	338.3
15:46:44.379	333.8
15:46:44.391	330.1
15:46:44.399	326.8
15:46:44.412	321.5
15:46:44.424	318.0
15:46:44.432	313.4
15:46:44.445	308.4
15:46:44.457	304.3
15:46:44.465	299.9
15:46:44.477	296.6
15:46:44.489	296.4
15:46:44.498	290.8
15:46:44.510	287.5
15:46:44.522	286.7
15:46:44.535	285.5
15:46:44.543	282.9
15:46:44.555	282.4
15:46:44.567	280.9
15:46:44.575	279.5
15:46:44.588	280.8
15:46:44.600	277.4
15:46:44.608	279.2
15:46:44.621	276.8
15:46:44.633	274.3
15:46:44.645	271.1
15:46:44.653	269.9
15:46:44.666	268.2
15:46:44.678	266.8
15:46:44.686	266.3
15:46:44.698	264.6
15:46:44.711	261.5
15:46:44.719	257.9
15:46:44.731	257.9
15:46:44.743	256.8
15:46:44.752	255.5
15:46:44.764	255.8
15:46:44.776	255.6
15:46:44.784	253.3
15:46:44.797	249.3
15:46:44.809	250.3
15:46:44.821	249.2
15:46:44.829	250.1
15:46:44.842	247.5
15:46:44.854	248.9
15:46:44.862	246.8
15:46:44.874	243.4
15:46:44.887	242.3
15:46:44.899	242.7
15:46:44.907	244.8
15:46:44.919	241.5
15:46:44.932	241.2
15:46:44.944	235.9
15:46:44.952	234.4
15:46:44.964	230.6
15:46:44.977	228.3
15:46:44.985	227.6
15:46:44.997	225.6
15:46:45.009	222.9
15:46:45.018	224.2
15:46:45.030	227.9
15:46:45.042	232.9
15:46:45.050	300.2
15:46:45.063	362.9
15:46:45.075	424.6
15:46:45.083	482.8
15:46:45.096	538.8
15:46:45.108	593.2
15:46:45.120	643.5
15:46:45.129	692.1
15:46:45.141	736.2
15:46:45.153	779.6
15:46:45.161	761.1
15:46:45.173	744.1
15:46:45.186	728.2
15:46:45.198	716.1
15:46:45.206	704.4
15:46:45.218	694.6
15:46:45.231	689.6
15:46:45.239	677.9
15:46:45.251	670.9
15:46:45.263	661.2
15:46:45.272	652.6
15:46:45.284	645.3
15:46:45.296	634.8
15:46:45.304	625.0
15:46:45.317	614.0
15:46:45.329	603.2
15:46:45.337	590.2
15:46:45.349	583.6
15:46:45.362	569.9
15:46:45.374	559.0
15:46:45.383	547.0
15:46:45.395	533.1
15:46:45.407	522.3
15:46:45.416	509.2
15:46:45.427	498.0
15:46:45.440	484.7
15:46:45.449	471.3
15:46:45.461	453.7
15:46:45.473	437.6
15:46:45.481	416.4
15:46:45.494	396.9
15:46:45.506	378.2
15:46:45.518	357.7
15:46:45.527	339.2
15:46:45.539	317.0
15:46:45.551	296.0
15:46:45.559	274.5
15:46:45.572	256.7
15:46:45.584	240.0
15:46:45.592	228.8
15:46:45.604	214.7
15:46:45.617	203.5
15:46:45.629	191.4
15:46:45.637	175.6
15:46:45.649	166.0
15:46:45.662	152.9
15:46:45.670	140.4
15:46:45.682	128.9
15:46:45.694	117.5
15:46:45.702	104.1
15:46:45.714	92.1
15:46:45.726	81.4
15:46:45.735	70.2
15:46:45.747	66.7
15:46:45.759	58.3
15:46:45.767	53.5
15:46:45.780	48.9
15:46:45.792	40.7
15:46:45.804	31.8
15:46:45.812	11.9
15:46:45.825	-16.7
15:46:45.837	-52.4
15:46:45.845	-85.2
15:46:45.857	-121.3
15:46:45.870	-155.9
15:46:45.882	-190.3
15:46:45.890	-228.6
15:46:45.903	-267.1
15:46:45.915	-317.0
15:46:45.923	-354.0
15:46:45.935	-381.5
15:46:45.947	-400.8
15:46:45.956	-420.3
15:46:45.968	-439.2
15:46:45.980	-458.5
15:46:45.988	-475.8
15:46:46.001	-489.2
15:46:46.013	-502.2
15:46:46.021	-501.1
15:46:46.033	-497.2
15:46:46.046	-492.8
15:46:46.058	-491.9
15:46:46.066	-493.6
15:46:46.079	-496.1
15:46:46.091	-497.9
15:46:46.099	-500.5
15:46:46.111	-503.8
15:46:46.124	-505.5
15:46:46.132	-508.5
15:46:46.144	-512.8
15:46:46.157	-518.8
15:46:46.169	-522.7
15:46:46.177	-526.3
15:46:46.189	-530.2
15:46:46.202	-533.8
15:46:46.210	-536.7
15:46:46.222	-539.1
15:46:46.234	-541.7
15:46:46.243	-542.6
15:46:46.255	-544.9
15:46:46.267	-544.7
15:46:46.275	-546.1
15:46:46.288	-542.7
15:46:46.300	-541.0
15:46:46.312	-538.7
15:46:46.320	-535.3
15:46:46.333	-532.1
15:46:46.345	-528.3
15:46:46.353	-521.9
15:46:46.365	-516.3
15:46:46.378	-513.1
15:46:46.386	-507.6
15:46:46.398	-502.3
15:46:46.410	-497.2
15:46:46.419	-491.8
15:46:46.431	-488.8
15:46:46.443	-484.5
15:46:46.455	-479.5
15:46:46.464	-477.5
15:46:46.476	-472.7
15:46:46.488	-464.4
15:46:46.496	-460.4
15:46:46.509	-456.4
15:46:46.521	-451.5
15:46:46.529	-447.9
15:46:46.541	-443.5
15:46:46.554	-440.1
15:46:46.566	-437.6
15:46:46.574	-434.8
15:46:46.586	-434.4
15:46:46.599	-436.3
15:46:46.607	-435.4
15:46:46.619	-438.5
15:46:46.631	-441.5
15:46:46.640	-446.6
15:46:46.652	-452.5
15:46:46.664	-459.0
15:46:46.672	-466.1
15:46:46.685	-472.4
15:46:46.697	-478.7
15:46:46.705	-483.1
15:46:46.718	-491.4
15:46:46.730	-497.0
15:46:46.742	-502.4
15:46:46.750	-505.5
15:46:46.763	-508.8
15:46:46.775	-510.9
15:46:46.783	-511.5
15:46:46.795	-512.4
15:46:46.808	-513.9
15:46:46.820	-515.5
15:46:46.828	-514.1
15:46:46.840	-511.6
15:46:46.853	-507.4
15:46:46.865	-501.1
15:46:46.873	-497.0
15:46:46.885	-491.5
15:46:46.898	-486.2
15:46:46.906	-481.8
15:46:46.918	-475.5
15:46:46.931	-470.9
15:46:46.939	-465.5
15:46:46.951	-461.7
15:46:46.963	-458.9
15:46:46.971	-456.5
15:46:46.984	-450.3
15:46:46.996	-446.0
15:46:47.004	-439.7
15:46:47.016	-437.1
15:46:47.029	-433.4
15:46:47.041	-428.6
15:46:47.049	-426.4
15:46:47.062	-422.4
15:46:47.074	-416.5
15:46:47.082	-412.2
15:46:47.094	-410.3
15:46:47.106	-406.2
15:46:47.119	-406.0
15:46:47.127	-399.6
15:46:47.139	-397.7
15:46:47.151	-396.3
15:46:47.160	-392.7
15:46:47.172	-389.3
15:46:47.184	-387.9
15:46:47.193	-387.3
15:46:47.206	-383.6
15:46:47.218	-381.1
15:46:47.226	-376.7
15:46:47.239	-374.3
15:46:47.251	-369.8
15:46:47.259	-365.7
15:46:47.271	-359.6
15:46:47.284	-356.4
15:46:47.296	-352.5
15:46:47.304	-348.1
15:46:47.316	-343.9
15:46:47.329	-339.9
15:46:47.337	-335.1
15:46:47.349	-332.9
15:46:47.361	-328.7
15:46:47.370	-325.0
15:46:47.382	-322.7
15:46:47.394	-319.0
15:46:47.402	-316.2
15:46:47.415	-311.4
15:46:47.427	-307.9
15:46:47.439	-304.3
15:46:47.447	-301.9
15:46:47.460	-298.2
15:46:47.472	-296.3
15:46:47.480	-292.4
15:46:47.492	-288.6
15:46:47.505	-285.8
15:46:47.513	-281.3
15:46:47.525	-279.5
15:46:47.537	-275.7
15:46:47.549	-275.4
15:46:47.557	-273.3
15:46:47.570	-269.6
15:46:47.582	-268.6
15:46:47.590	-265.9
15:46:47.602	-263.3
15:46:47.615	-260.3
15:46:47.623	-258.6
15:46:47.635	-256.9
15:46:47.647	-256.4
15:46:47.655	-251.2
15:46:47.668	-248.0
15:46:47.680	-246.6
15:46:47.688	-240.3
15:46:47.701	-238.2
15:46:47.713	-237.2
15:46:47.725	-232.8
15:46:47.733	-230.4
15:46:47.746	-223.5
15:46:47.758	-221.3
15:46:47.766	-220.4
15:46:47.778	-219.0
15:46:47.791	-217.7
15:46:47.803	-217.0
15:46:47.811	-214.6
15:46:47.824	-210.8
15:46:47.836	-210.7
15:46:47.844	-208.5
15:46:47.856	-208.8
15:46:47.868	-205.7
15:46:47.877	-202.8
15:46:47.889	-198.6
15:46:47.901	-193.9
15:46:47.909	-191.2
15:46:47.922	-189.5
15:46:47.934	-186.9
15:46:47.942	-183.1
15:46:47.954	-179.7
15:46:47.967	-176.1
15:46:47.979	-175.7
15:46:47.987	-172.9
15:46:47.999	-171.1
15:46:48.012	-169.3
15:46:48.020	-167.3
15:46:48.032	-165.1
15:46:48.045	-165.0
15:46:48.053	-164.8
15:46:48.065	-162.4
15:46:48.077	-161.5
15:46:48.090	-157.8
15:46:48.098	-156.4
15:46:48.110	-156.8
15:46:48.122	-156.0
15:46:48.131	-152.4
15:46:48.143	-150.1
15:46:48.155	-147.8
15:46:48.163	-144.3
15:46:48.176	-142.6
15:46:48.188	-142.6
15:46:48.196	-140.2
15:46:48.209	-138.1
15:46:48.221	-136.2
15:46:48.233	-134.1
15:46:48.241	-135.9
15:46:48.254	-133.0
15:46:48.266	-130.9
15:46:48.274	-129.7
15:46:48.286	-130.7
15:46:48.299	-128.4
15:46:48.307	-129.0
15:46:48.319	-129.4
15:46:48.331	-125.5
15:46:48.340	-125.4
15:46:48.352	-122.5
15:46:48.364	-124.0
15:46:48.376	-122.4
15:46:48.385	-120.0
15:46:48.397	-117.2
15:46:48.409	-114.5
15:46:48.417	-112.2
15:46:48.430	-109.5
15:46:48.442	-111.6
15:46:48.450	-109.5
15:46:48.462	-108.4
15:46:48.475	-105.9
15:46:48.487	-103.8
15:46:48.495	-104.2
15:46:48.507	-103.0
15:46:48.520	-102.9
15:46:48.528	-101.2
15:46:48.540	-101.0
15:46:48.553	-99.5
15:46:48.561	-97.8
15:46:48.573	-97.2
15:46:48.585	-95.0
15:46:48.593	-96.3
15:46:48.606	-93.5
15:46:48.618	-92.1
15:46:48.626	-90.2
15:46:48.638	-89.9
15:46:48.651	-87.4
15:46:48.663	-86.3
15:46:48.671	-86.9
15:46:48.684	-84.1
15:46:48.696	-83.7
15:46:48.704	-81.5
15:46:48.716	-83.4
15:46:48.729	-83.2
15:46:48.741	-83.3
15:46:48.749	-82.6
15:46:48.761	-81.8
15:46:48.774	-79.7
15:46:48.782	-77.9
15:46:48.794	-78.4
15:46:48.807	-77.8
15:46:48.815	-77.3
15:46:48.827	-74.3
15:46:48.839	-73.8
15:46:48.847	-73.9
15:46:48.860	-71.9
15:46:48.872	-72.3
15:46:48.881	-72.9
15:46:48.893	-72.9
15:46:48.905	-72.1
15:46:48.917	-71.5
15:46:48.926	-70.4
15:46:48.938	-70.2
15:46:48.950	-68.8
15:46:48.958	-67.3
15:46:48.971	-68.1
15:46:48.983	-67.6
15:46:48.991	-66.1
15:46:49.003	-64.4
15:46:49.016	-62.8
15:46:49.028	-62.0
15:46:49.036	-62.7
15:46:49.048	-62.2
15:46:49.061	-61.8
15:46:49.073	-60.6
15:46:49.081	-58.4
15:46:49.093	-56.9
15:46:49.106	-55.7
15:46:49.114	-54.6
15:46:49.126	-54.3
15:46:49.138	-54.9
15:46:49.147	-52.8
15:46:49.159	-51.8
15:46:49.171	-50.7
15:46:49.179	-51.1
15:46:49.192	-51.1
15:46:49.204	-51.2
15:46:49.216	-50.5
15:46:49.224	-50.5
15:46:49.237	-50.3
15:46:49.249	-47.6
15:46:49.257	-48.5
15:46:49.270	-51.2
15:46:49.282	-52.6
15:46:49.290	-51.2
15:46:49.302	-49.7
15:46:49.314	-47.2
15:46:49.323	-44.7
15:46:49.335	-44.8
15:46:49.347	-45.3
15:46:49.359	-45.6
15:46:49.368	-43.9
15:46:49.380	-40.9
15:46:49.393	-39.4
15:46:49.401	-38.7
15:46:49.413	-40.2
15:46:49.425	-39.9
15:46:49.433	-41.4
15:46:49.446	-38.8
15:46:49.458	-38.2
15:46:49.470	-36.8
15:46:49.478	-36.3
15:46:49.491	-36.8
15:46:49.503	-36.2
15:46:49.511	-35.2
15:46:49.523	-31.9
15:46:49.536	-31.9
15:46:49.544	-30.2
15:46:49.556	-30.8
15:46:49.568	-28.9
15:46:49.577	-29.1
15:46:49.589	-28.5
15:46:49.601	-27.7
15:46:49.609	-26.3
15:46:49.622	-26.5
15:46:49.634	-27.2
15:46:49.646	-26.4
15:46:49.654	-26.8
15:46:49.667	-26.4
15:46:49.679	-27.1
15:46:49.687	-27.3
15:46:49.699	-25.8
15:46:49.712	-24.3
15:46:49.724	-25.9
15:46:49.732	-25.0
15:46:49.745	-21.0
15:46:49.757	-21.1
15:46:49.765	-19.3
15:46:49.777	-17.3
15:46:49.789	-14.5
15:46:49.798	-12.4
15:46:49.810	-10.3
15:46:49.822	-9.0
15:46:49.830	-4.3
15:46:49.843	-3.0
15:46:49.855	-6.3
15:46:49.863	-5.4
15:46:49.876	-3.7
15:46:49.888	-3.7
15:46:49.900	-2.8
15:46:49.908	-1.4
15:46:49.921	-2.5
15:46:49.933	-2.7
15:46:49.941	-3.7
15:46:49.953	-3.8
15:46:49.966	-2.1
15:46:49.974	-0.9
15:46:49.986	-1.1
15:46:49.998	-1.3
15:46:50.011	0.4
15:46:50.019	3.4
15:46:50.031	9.2
15:46:50.043	15.8
15:46:50.052	22.5
15:46:50.064	30.2
15:46:50.076	34.7
15:46:50.084	39.5
15:46:50.097	42.7
15:46:50.109	48.0
15:46:50.117	50.8
15:46:50.129	54.0
15:46:50.142	53.1
15:46:50.154	55.2
15:46:50.162	54.8
15:46:50.174	52.9
15:46:50.187	56.3
15:46:50.195	58.2
15:46:50.208	60.0
15:46:50.220	61.4
15:46:50.228	62.8
15:46:50.240	62.7
15:46:50.252	64.7
15:46:50.261	65.3
15:46:50.273	64.5
15:46:50.285	67.3
15:46:50.298	64.5
15:46:50.306	62.4
15:46:50.318	61.9
15:46:50.330	61.1
15:46:50.338	60.6
15:46:50.351	59.0
15:46:50.363	57.4
15:46:50.371	54.3
15:46:50.384	54.4
15:46:50.396	53.0
15:46:50.408	52.4
15:46:50.416	53.8
15:46:50.429	52.1
15:46:50.441	52.6
15:46:50.449	50.7
15:46:50.461	50.9
15:46:50.474	51.6
15:46:50.482	52.5
15:46:50.494	53.2
15:46:50.506	51.4
15:46:50.515	51.4
15:46:50.527	49.4
15:46:50.539	51.4
15:46:50.547	50.8
15:46:50.560	52.2
15:46:50.572	52.2
15:46:50.584	53.6
15:46:50.592	61.5
15:46:50.605	70.5
15:46:50.617	79.4
15:46:50.625	87.5
15:46:50.637	96.9
15:46:50.650	104.1
15:46:50.662	114.7
15:46:50.670	122.4
15:46:50.682	132.3
15:46:50.695	139.0
15:46:50.703	138.4
15:46:50.715	139.6
15:46:50.728	141.8
15:46:50.736	143.9
15:46:50.748	145.8
15:46:50.760	147.8
15:46:50.768	147.1
15:46:50.781	149.4
15:46:50.793	150.3
15:46:50.805	152.7
15:46:50.813	155.3
15:46:50.826	157.6
15:46:50.838	165.6
15:46:50.846	178.0
15:46:50.858	188.9
15:46:50.871	199.8
15:46:50.883	212.4
15:46:50.891	224.2
15:46:50.904	238.9
15:46:50.916	255.9
15:46:50.924	273.7
15:46:50.936	294.2
15:46:50.949	310.3
15:46:50.961	323.9
15:46:50.969	337.7
15:46:50.981	355.9
15:46:50.994	371.4
15:46:51.002	391.8
15:46:51.014	409.8
15:46:51.026	423.4
15:46:51.035	437.4
15:46:51.047	447.4
15:46:51.059	455.5
15:46:51.067	463.5
15:46:51.080	471.2
15:46:51.092	474.9
15:46:51.100	481.1
15:46:51.112	480.7
15:46:51.125	480.6
15:46:51.137	479.4
15:46:51.145	478.2
15:46:51.157	475.1
15:46:51.170	473.9
15:46:51.178	471.7
15:46:51.190	471.2
15:46:51.202	471.2
15:46:51.211	471.1
15:46:51.223	473.3
15:46:51.235	472.5
15:46:51.243	478.2
15:46:51.256	482.0
15:46:51.268	485.0
15:46:51.280	486.2
15:46:51.288	488.2
15:46:51.301	490.2
15:46:51.313	490.1
15:46:51.321	490.4
15:46:51.334	489.5
15:46:51.346	490.2
15:46:51.354	488.6
15:46:51.366	486.2
15:46:51.379	485.8
15:46:51.391	487.0
15:46:51.399	487.9
15:46:51.411	485.6
15:46:51.424	486.2
15:46:51.432	487.6
15:46:51.444	488.6
15:46:51.456	487.8
15:46:51.465	485.1
15:46:51.477	485.7
15:46:51.489	484.2
15:46:51.497	482.6
15:46:51.510	481.3
15:46:51.522	481.3
15:46:51.530	480.9
15:46:51.542	482.4
15:46:51.555	517.1
15:46:51.567	551.4
15:46:51.575	585.3
15:46:51.588	613.6
15:46:51.600	641.2
15:46:51.608	667.3
15:46:51.620	693.6
15:46:51.633	718.4
15:46:51.645	740.9
15:46:51.653	759.3
15:46:51.665	743.5
15:46:51.678	729.1
15:46:51.686	715.4
15:46:51.698	703.9
15:46:51.710	693.7
15:46:51.719	685.4
15:46:51.731	672.2
15:46:51.743	664.6
15:46:51.751	655.1
15:46:51.764	647.2
15:46:51.776	640.1
15:46:51.784	637.0
15:46:51.796	633.3
15:46:51.809	627.5
15:46:51.821	626.7
15:46:51.829	622.0
15:46:51.841	623.9
15:46:51.854	620.8
15:46:51.862	618.1
15:46:51.874	614.1
15:46:51.886	611.0
15:46:51.895	605.2
15:46:51.907	597.8
15:46:51.919	596.3
15:46:51.931	588.5
15:46:51.940	587.2
15:46:51.952	582.3
15:46:51.964	578.4
15:46:51.972	575.3
15:46:51.985	572.2
15:46:51.997	570.1
15:46:52.005	567.1
15:46:52.018	564.3
15:46:52.030	557.5
15:46:52.038	556.9
15:46:52.050	549.7
15:46:52.063	544.2
15:46:52.075	537.3
15:46:52.083	532.6
15:46:52.095	527.1
15:46:52.108	521.1
15:46:52.116	515.2
15:46:52.128	510.4
15:46:52.141	506.6
15:46:52.149	499.3
15:46:52.161	497.0
15:46:52.173	490.1
15:46:52.181	485.6
15:46:52.194	479.7
15:46:52.206	474.1
15:46:52.218	469.0
15:46:52.227	462.3
15:46:52.239	458.4
15:46:52.251	452.5
15:46:52.259	448.6
15:46:52.272	441.3
15:46:52.284	438.9
15:46:52.292	434.1
15:46:52.304	432.2
15:46:52.317	430.8
15:46:52.329	428.8
15:46:52.337	428.2
15:46:52.349	424.1
15:46:52.362	425.8
15:46:52.370	423.5
15:46:52.382	421.2
15:46:52.394	415.5
15:46:52.403	415.0
15:46:52.415	411.4
15:46:52.427	407.0
15:46:52.435	402.2
15:46:52.448	397.7
15:46:52.460	398.5
15:46:52.468	396.3
15:46:52.480	396.5
15:46:52.493	397.5
15:46:52.505	400.2
15:46:52.513	400.8
15:46:52.526	401.8
15:46:52.538	403.3
15:46:52.546	401.8
15:46:52.558	404.3
15:46:52.571	402.2
15:46:52.583	402.6
15:46:52.591	401.1
15:46:52.603	399.9
15:46:52.616	400.1
15:46:52.624	400.7
15:46:52.636	398.7
15:46:52.649	393.5
15:46:52.657	395.8
15:46:52.669	391.0
15:46:52.681	390.8
15:46:52.690	386.1
15:46:52.702	383.1
15:46:52.714	377.2
15:46:52.722	371.8
15:46:52.735	366.9
15:46:52.747	366.7
15:46:52.759	388.8
15:46:52.767	474.6
15:46:52.780	562.7
15:46:52.792	644.3
15:46:52.804	724.3
15:46:52.813	801.3
15:46:52.825	877.6
15:46:52.837	950.5
15:46:52.845	1018.9
15:46:52.858	1085.2
15:46:52.870	1131.1
15:46:52.882	1110.0
15:46:52.890	1089.1
15:46:52.903	1068.9
15:46:52.915	1048.9
15:46:52.923	1032.0
15:46:52.935	1017.2
15:46:52.948	1003.4
15:46:52.956	990.4
15:46:52.968	975.8
15:46:52.980	958.7
15:46:52.989	936.9
15:46:53.001	914.8
15:46:53.013	884.3
15:46:53.021	854.0
15:46:53.034	820.6
15:46:53.046	775.5
15:46:53.058	726.4
15:46:53.066	676.1
15:46:53.079	627.1
15:46:53.091	574.6
15:46:53.099	525.9
15:46:53.111	472.4
15:46:53.124	431.7
15:46:53.132	387.4
15:46:53.144	344.8
15:46:53.156	314.0
15:46:53.165	283.0
15:46:53.177	256.9
15:46:53.189	228.2
15:46:53.201	207.4
15:46:53.210	185.1
15:46:53.222	167.1
15:46:53.234	143.9
15:46:53.242	126.0
15:46:53.255	105.2
15:46:53.267	87.0
15:46:53.275	72.8
15:46:53.287	55.4
15:46:53.300	45.6
15:46:53.312	34.0
15:46:53.320	20.9
15:46:53.333	6.2
15:46:53.345	-5.1
15:46:53.353	-16.9
15:46:53.366	-27.0
15:46:53.378	-41.2
15:46:53.386	-56.1
15:46:53.398	-66.3
15:46:53.410	-84.2
15:46:53.419	-101.8
15:46:53.431	-151.9
15:46:53.443	-202.2
15:46:53.451	-253.5
15:46:53.464	-302.0
15:46:53.476	-349.1
15:46:53.488	-390.9
15:46:53.497	-429.3
15:46:53.509	-471.2
15:46:53.521	-506.8
15:46:53.529	-541.8
15:46:53.542	-541.5
15:46:53.554	-537.5
15:46:53.566	-532.9
15:46:53.574	-529.0
15:46:53.587	-525.7
15:46:53.599	-532.0
15:46:53.607	-551.4
15:46:53.619	-568.7
15:46:53.632	-587.8
15:46:53.640	-606.8
15:46:53.652	-624.5
15:46:53.664	-642.3
15:46:53.673	-657.4
15:46:53.685	-674.4
15:46:53.697	-690.1
15:46:53.705	-696.4
15:46:53.718	-689.1
15:46:53.730	-682.0
15:46:53.742	-675.3
15:46:53.750	-666.1
15:46:53.763	-657.8
15:46:53.775	-648.5
15:46:53.783	-642.2
15:46:53.795	-633.0
15:46:53.808	-625.7
15:46:53.816	-618.5
15:46:53.828	-614.5
15:46:53.840	-609.7
15:46:53.853	-604.5
15:46:53.861	-601.6
15:46:53.873	-597.1
15:46:53.886	-594.8
15:46:53.894	-589.9
15:46:53.906	-586.8
15:46:53.918	-582.8
15:46:53.926	-579.2
15:46:53.939	-571.7
15:46:53.951	-568.1
15:46:53.959	-564.0
15:46:53.971	-562.3
15:46:53.984	-562.3
15:46:53.996	-564.7
15:46:54.004	-573.1
15:46:54.017	-578.0
15:46:54.029	-583.8
15:46:54.037	-588.3
15:46:54.049	-594.6
15:46:54.062	-599.9
15:46:54.070	-607.3
15:46:54.082	-609.2
15:46:54.094	-609.8
15:46:54.103	-607.6
15:46:54.115	-601.0
15:46:54.127	-597.0
15:46:54.139	-589.7
15:46:54.148	-584.8
15:46:54.160	-580.1
15:46:54.172	-573.5
15:46:54.180	-566.0
15:46:54.193	-561.1
15:46:54.205	-555.8
15:46:54.213	-549.6
15:46:54.225	-543.1
15:46:54.238	-535.7
15:46:54.250	-529.8
15:46:54.258	-520.1
15:46:54.270	-516.1
15:46:54.283	-510.1
15:46:54.291	-505.0
15:46:54.303	-497.9
15:46:54.315	-493.2
15:46:54.324	-486.5
15:46:54.336	-481.2
15:46:54.348	-475.9
15:46:54.356	-468.6
15:46:54.369	-464.8
15:46:54.381	-456.0
15:46:54.389	-450.1
15:46:54.401	-445.5
15:46:54.414	-439.0
15:46:54.426	-430.6
15:46:54.434	-425.1
15:46:54.446	-419.9
15:46:54.459	-412.1
15:46:54.467	-407.8
15:46:54.479	-401.4
15:46:54.492	-395.3
15:46:54.504	-389.3
15:46:54.512	-383.5
15:46:54.524	-380.3
15:46:54.537	-378.2
15:46:54.545	-374.3
15:46:54.557	-369.1
15:46:54.570	-366.4
15:46:54.578	-362.4
15:46:54.590	-358.1
15:46:54.602	-354.2
15:46:54.611	-348.8
15:46:54.623	-340.2
15:46:54.635	-334.1
15:46:54.643	-327.6
15:46:54.656	-322.4
15:46:54.668	-316.2
15:46:54.680	-309.9
15:46:54.688	-303.7
15:46:54.701	-300.5
15:46:54.713	-296.6
15:46:54.725	-294.4
15:46:54.733	-290.4
15:46:54.746	-285.9
15:46:54.758	-280.1
15:46:54.766	-275.6
15:46:54.778	-269.4
15:46:54.791	-263.1
15:46:54.803	-258.2
15:46:54.811	-252.4
15:46:54.824	-245.0
15:46:54.836	-238.9
15:46:54.844	-233.9
15:46:54.856	-228.2
15:46:54.869	-225.2
15:46:54.877	-218.0
15:46:54.889	-214.4
15:46:54.901	-212.9
15:46:54.910	-208.1
15:46:54.922	-204.6
15:46:54.934	-202.3
15:46:54.942	-196.7
15:46:54.955	-194.6
15:46:54.967	-193.2
15:46:54.979	-189.3
15:46:54.987	-189.2
15:46:55.000	-185.8
15:46:55.012	-181.9
15:46:55.020	-180.1
15:46:55.032	-178.3
15:46:55.045	-175.7
15:46:55.053	-173.9
15:46:55.065	-170.0
15:46:55.077	-165.1
15:46:55.086	-160.8
15:46:55.098	-155.5
15:46:55.110	-150.9
15:46:55.122	-146.9
15:46:55.131	-141.5
15:46:55.143	-136.9
15:46:55.155	-132.7
15:46:55.163	-129.7
15:46:55.176	-126.7
15:46:55.188	-124.8
15:46:55.196	-121.0
15:46:55.208	-116.9
15:46:55.221	-113.3
15:46:55.233	-110.9
15:46:55.241	-108.7
15:46:55.254	-103.1
15:46:55.266	-101.2
15:46:55.274	-96.5
15:46:55.286	-92.8
15:46:55.298	-89.5
15:46:55.307	-87.1
15:46:55.319	-84.0
15:46:55.331	-82.3
15:46:55.339	-78.0
15:46:55.352	-73.4
15:46:55.364	-71.3
15:46:55.372	-65.6
15:46:55.385	-61.2
15:46:55.397	-54.9
15:46:55.409	-47.0
15:46:55.417	-38.5
15:46:55.430	-32.6
15:46:55.442	-24.2
15:46:55.450	-18.8
15:46:55.462	-13.3
15:46:55.475	-4.8
15:46:55.487	2.1
15:46:55.495	9.8
15:46:55.507	15.4
15:46:55.520	25.1
15:46:55.528	32.9
15:46:55.540	45.9
15:46:55.552	56.9
15:46:55.561	73.1
15:46:55.573	88.1
15:46:55.585	99.0
15:46:55.593	112.1
15:46:55.606	124.1
15:46:55.618	138.3
15:46:55.626	147.8
15:46:55.638	155.7
15:46:55.651	161.3
15:46:55.663	165.4
15:46:55.671	167.1
15:46:55.684	168.7
15:46:55.696	171.6
15:46:55.704	173.8
15:46:55.716	177.1
15:46:55.729	178.2
15:46:55.737	188.5
15:46:55.749	198.8
15:46:55.761	209.2
15:46:55.774	220.7
15:46:55.782	228.5
15:46:55.794	237.1
15:46:55.806	244.7
15:46:55.814	252.4
15:46:55.827	258.7
15:46:55.839	266.2
15:46:55.847	264.8
15:46:55.860	262.0
15:46:55.872	258.5
15:46:55.880	254.1
15:46:55.892	252.3
15:46:55.905	249.9
15:46:55.917	248.1
15:46:55.925	247.6
15:46:55.937	247.9
15:46:55.950	244.3
15:46:55.958	242.7
15:46:55.970	242.3
15:46:55.982	242.5
15:46:55.991	241.3
15:46:56.003	240.5
15:46:56.015	238.1
15:46:56.023	237.1
15:46:56.036	235.5
15:46:56.048	232.2
15:46:56.060	232.5
15:46:56.068	231.0
15:46:56.081	231.5
15:46:56.093	237.3
15:46:56.101	288.0
15:46:56.113	339.3
15:46:56.126	388.9
15:46:56.134	436.2
15:46:56.146	481.7
15:46:56.158	526.5
15:46:56.171	570.5
15:46:56.179	613.6
15:46:56.191	654.2
15:46:56.203	687.6
15:46:56.212	676.8
15:46:56.224	665.2
15:46:56.236	657.4
15:46:56.245	650.5
15:46:56.257	645.6
15:46:56.269	640.2
15:46:56.278	635.6
15:46:56.290	628.6
15:46:56.302	625.1
15:46:56.310	619.5
15:46:56.323	614.6
15:46:56.335	612.3
15:46:56.347	609.2
15:46:56.355	608.6
15:46:56.368	604.5
15:46:56.380	602.8
15:46:56.388	600.2
15:46:56.400	598.8
15:46:56.413	595.3
15:46:56.425	592.7
15:46:56.433	590.3
15:46:56.445	585.9
15:46:56.458	580.9
15:46:56.466	573.8
15:46:56.478	569.9
15:46:56.491	565.9
15:46:56.499	566.0
15:46:56.511	568.7
15:46:56.523	577.8
15:46:56.532	613.1
15:46:56.544	663.7
15:46:56.556	713.3
15:46:56.564	760.8
15:46:56.577	809.7
15:46:56.589	855.8
15:46:56.601	898.3
15:46:56.609	935.8
15:46:56.622	972.6
15:46:56.634	999.9
15:46:56.646	1003.9
15:46:56.654	990.8
15:46:56.667	976.5
15:46:56.679	971.1
15:46:56.687	959.4
15:46:56.700	946.4
15:46:56.712	931.1
15:46:56.724	916.2
15:46:56.732	898.7
15:46:56.745	881.2
15:46:56.757	862.9
15:46:56.765	843.8
15:46:56.777	826.0
15:46:56.789	799.3
15:46:56.797	762.2
15:46:56.809	725.9
15:46:56.822	693.4
15:46:56.830	660.5
15:46:56.842	629.1
15:46:56.855	594.2
15:46:56.863	553.3
15:46:56.875	515.0
15:46:56.887	473.9
15:46:56.899	435.1
15:46:56.908	406.8
15:46:56.920	378.7
15:46:56.932	349.4
15:46:56.940	318.4
15:46:56.953	287.7
15:46:56.965	262.4
15:46:56.973	242.0
15:46:56.986	217.9
15:46:56.998	198.8
15:46:57.006	177.6
15:46:57.018	159.8
15:46:57.031	142.4
15:46:57.043	125.7
15:46:57.051	109.9
15:46:57.063	92.4
15:46:57.076	75.4
15:46:57.084	59.6
15:46:57.096	47.5
15:46:57.108	31.5
15:46:57.117	16.0
15:46:57.129	2.9
15:46:57.141	-11.3
15:46:57.153	-23.6
15:46:57.162	-34.0
15:46:57.174	-44.4
15:46:57.186	-52.8
15:46:57.194	-62.3
15:46:57.207	-73.2
15:46:57.219	-86.1
15:46:57.227	-126.2
15:46:57.239	-167.4
15:46:57.252	-207.2
15:46:57.260	-242.1
15:46:57.272	-279.8
15:46:57.284	-315.0
15:46:57.293	-350.1
15:46:57.305	-386.6
15:46:57.317	-420.9
15:46:57.329	-451.1
15:46:57.338	-452.7
15:46:57.350	-467.4
15:46:57.362	-487.2
15:46:57.370	-509.5
15:46:57.383	-529.7
15:46:57.395	-549.7
15:46:57.407	-571.5
15:46:57.415	-588.4
15:46:57.428	-605.6
15:46:57.440	-620.0
15:46:57.448	-634.8
15:46:57.461	-637.3
15:46:57.473	-634.1
15:46:57.481	-631.8
15:46:57.493	-626.6
15:46:57.506	-617.5
15:46:57.514	-605.4
15:46:57.526	-597.8
15:46:57.538	-590.7
15:46:57.547	-584.4
15:46:57.559	-577.8
15:46:57.571	-572.7
15:46:57.583	-568.2
15:46:57.592	-565.2
15:46:57.604	-565.0
15:46:57.616	-568.2
15:46:57.624	-572.7
15:46:57.637	-577.4
15:46:57.650	-580.6
15:46:57.658	-585.3
15:46:57.670	-588.9
15:46:57.683	-590.3
15:46:57.695	-589.7
15:46:57.703	-588.9
15:46:57.715	-585.9
15:46:57.728	-586.2
15:46:57.736	-584.0
15:46:57.748	-579.9
15:46:57.760	-576.6
15:46:57.769	-573.3
15:46:57.781	-569.7
15:46:57.792	-566.0
15:46:57.801	-562.7
15:46:57.814	-559.0
15:46:57.826	-556.0
15:46:57.838	-551.7
15:46:57.846	-549.3
15:46:57.859	-546.2
15:46:57.871	-544.7
15:46:57.879	-541.8
15:46:57.892	-538.9
15:46:57.904	-537.3
15:46:57.912	-533.9
15:46:57.924	-534.4
15:46:57.937	-532.7
15:46:57.945	-528.2
15:46:57.957	-525.2
15:46:57.969	-524.3
15:46:57.982	-520.4
15:46:57.990	-516.8
15:46:58.002	-514.0
15:46:58.014	-508.7
15:46:58.023	-505.3
15:46:58.035	-493.9
15:46:58.047	-489.5
15:46:58.055	-485.3
15:46:58.068	-479.5
15:46:58.080	-471.2
15:46:58.092	-465.4
15:46:58.100	-459.7
15:46:58.113	-453.4
15:46:58.125	-445.3
15:46:58.133	-437.4
15:46:58.145	-430.2
15:46:58.158	-414.1
15:46:58.166	-400.3
15:46:58.178	-387.3
15:46:58.190	-374.7
15:46:58.199	-360.4
15:46:58.211	-345.7
15:46:58.223	-330.2
15:46:58.231	-317.9
15:46:58.244	-305.0
15:46:58.256	-296.1
15:46:58.268	-291.8
15:46:58.276	-286.6
15:46:58.289	-283.0
15:46:58.301	-278.7
15:46:58.309	-274.8
15:46:58.321	-272.9
15:46:58.334	-269.7
15:46:58.346	-266.0
15:46:58.354	-262.1
15:46:58.367	-259.1
15:46:58.379	-253.3
15:46:58.387	-250.5
15:46:58.399	-243.7
15:46:58.412	-239.8
15:46:58.420	-235.4
15:46:58.432	-232.6
15:46:58.444	-232.8
15:46:58.452	-230.3
15:46:58.465	-228.5
15:46:58.477	-225.5
15:46:58.485	-225.3
15:46:58.498	-224.2
15:46:58.510	-225.1
15:46:58.522	-226.6
15:46:58.530	-226.2
15:46:58.543	-223.9
15:46:58.555	-222.8
15:46:58.563	-221.7
15:46:58.575	-222.0
15:46:58.588	-223.2
15:46:58.596	-222.1
15:46:58.608	-220.5
15:46:58.620	-221.1
15:46:58.633	-219.5
15:46:58.645	-217.8
15:46:58.653	-217.3
15:46:58.665	-215.6
15:46:58.678	-213.8
15:46:58.686	-211.8
15:46:58.698	-207.1
15:46:58.710	-210.5
15:46:58.719	-209.6
15:46:58.731	-207.7
15:46:58.743	-202.3
15:46:58.752	-199.9
15:46:58.764	-195.6
15:46:58.776	-189.3
15:46:58.784	-188.9
15:46:58.796	-183.4
15:46:58.809	-180.4
15:46:58.821	-172.2
15:46:58.829	-166.2
15:46:58.841	-159.9
15:46:58.854	-157.7
15:46:58.862	-154.4
15:46:58.874	-150.8
15:46:58.886	-150.9
15:46:58.895	-145.0
15:46:58.907	-145.1
15:46:58.919	-144.2
15:46:58.928	-143.3
15:46:58.940	-144.9
15:46:58.952	-144.3
15:46:58.965	-146.2
15:46:58.973	-145.9
15:46:58.985	-145.6
15:46:58.997	-142.0
15:46:59.005	-142.8
15:46:59.018	-140.3
15:46:59.030	-140.8
15:46:59.038	-140.4
15:46:59.050	-138.4
15:46:59.063	-140.2
15:46:59.075	-136.1
15:46:59.083	-138.1
15:46:59.096	-137.1
15:46:59.108	-139.2
15:46:59.116	-138.3
15:46:59.128	-139.0
15:46:59.140	-137.3
15:46:59.149	-136.1
15:46:59.161	-132.5
15:46:59.173	-130.0
15:46:59.181	-131.4
15:46:59.194	-129.6
15:46:59.206	-130.2
15:46:59.214	-126.7
15:46:59.226	-124.8
15:46:59.239	-123.1
15:46:59.251	-120.4
15:46:59.259	-117.2
15:46:59.271	-116.5
15:46:59.284	-114.4
15:46:59.292	-107.5
15:46:59.304	-103.4
15:46:59.317	-100.1
15:46:59.329	-96.8
15:46:59.337	-94.3
15:46:59.349	-91.1
15:46:59.362	-89.7
15:46:59.370	-84.9
15:46:59.382	-82.5
15:46:59.394	-79.3
15:46:59.403	-79.4
15:46:59.415	-76.9
15:46:59.427	-74.0
15:46:59.435	-73.3
15:46:59.448	-70.8
15:46:59.460	-68.6
15:46:59.468	-65.6
15:46:59.480	-66.4
15:46:59.493	-65.1
15:46:59.505	-61.7
15:46:59.513	-59.9
15:46:59.525	-59.1
15:46:59.538	-58.9
15:46:59.546	-60.5
15:46:59.558	-60.2
15:46:59.570	-61.5
15:46:59.579	-62.5
15:46:59.591	-62.5
15:46:59.603	-62.9
15:46:59.615	-65.6
15:46:59.624	-68.6
15:46:59.636	-67.4
15:46:59.648	-66.8
15:46:59.656	-63.1
15:46:59.669	-63.6
15:46:59.681	-62.6
15:46:59.689	-58.6
15:46:59.701	-57.5
15:46:59.714	-54.4
15:46:59.722	-51.4
15:46:59.734	-44.8
15:46:59.746	-43.0
15:46:59.759	-40.5
15:46:59.767	-40.8
15:46:59.779	-39.4
15:46:59.791	-37.2
15:46:59.800	-40.0
15:46:59.812	-39.9
15:46:59.824	-40.4
15:46:59.832	-38.5
15:46:59.845	-40.3
15:46:59.857	-40.0
15:46:59.865	-41.5
15:46:59.877	-41.4
15:46:59.890	-42.2
15:46:59.902	-44.7
15:46:59.910	-44.8
15:46:59.923	-45.4
15:46:59.935	-47.2
15:46:59.943	-50.9
15:46:59.955	-52.0
15:46:59.968	-53.0
15:46:59.976	-55.3
15:46:59.988	-56.2
15:47:00.000	-56.2
15:47:00.013	-57.0
15:47:00.021	-57.5
15:47:00.033	-59.6
15:47:00.045	-57.7
15:47:00.054	-55.9
15:47:00.066	-56.6
15:47:00.078	-57.8
15:47:00.086	-57.9
15:47:00.099	-55.3
15:47:00.111	-54.6
15:47:00.119	-52.8
15:47:00.131	-52.3
15:47:00.144	-51.1
15:47:00.152	-52.1
15:47:00.164	-54.0
15:47:00.176	-53.0
15:47:00.189	-54.8
15:47:00.197	-54.0
15:47:00.209	-55.8
15:47:00.221	-56.9
15:47:00.230	-57.5
15:47:00.242	-58.6
15:47:00.254	-57.2
15:47:00.266	-56.9
15:47:00.275	-56.5
15:47:00.287	-55.8
15:47:00.299	-53.4
15:47:00.307	-51.9
15:47:00.320	-52.1
15:47:00.332	-51.4
15:47:00.340	-49.8
15:47:00.352	-46.8
15:47:00.365	-46.8
15:47:00.373	-46.0
15:47:00.385	-44.1
15:47:00.398	-43.9
15:47:00.406	-44.2
15:47:00.418	-45.1
15:47:00.430	-45.2
15:47:00.443	-44.9
15:47:00.451	-45.5
15:47:00.463	-46.0
15:47:00.475	-45.9
15:47:00.484	-47.5
15:47:00.496	-47.1
15:47:00.508	-48.9
15:47:00.516	-45.5
15:47:00.529	-44.7
15:47:00.541	-44.9
15:47:00.553	-44.7
15:47:00.561	-45.3
15:47:00.574	-46.8
15:47:00.586	-47.1
15:47:00.594	-47.0
15:47:00.606	-48.8
15:47:00.619	-48.7
15:47:00.627	-52.1
15:47:00.639	-50.8
15:47:00.651	-50.1
15:47:00.660	-49.8
15:47:00.672	-48.8
15:47:00.684	-47.0
15:47:00.697	-46.5
15:47:00.705	-45.1
15:47:00.717	-44.7
15:47:00.729	-42.7
15:47:00.738	-40.2
15:47:00.750	-39.3
15:47:00.762	-39.2
15:47:00.770	-38.2
15:47:00.783	-35.8
15:47:00.795	-33.8
15:47:00.803	-31.9
15:47:00.815	-31.5
15:47:00.828	-29.1
15:47:00.840	-27.7
15:47:00.848	-25.7
15:47:00.860	-26.4
15:47:00.873	-24.5
15:47:00.885	-24.4
15:47:00.893	-24.0
15:47:00.905	-21.6
15:47:00.918	-19.9
15:47:00.926	-15.8
15:47:00.938	-15.1
15:47:00.950	-13.9
15:47:00.959	-15.3
15:47:00.971	-12.9
15:47:00.983	-10.8
15:47:00.991	-4.5
15:47:01.004	-3.0
15:47:01.016	-4.8
15:47:01.024	-3.5
15:47:01.036	-3.8
15:47:01.049	-2.0
15:47:01.061	-1.0
15:47:01.069	4.0
15:47:01.082	12.1
15:47:01.094	22.1
15:47:01.102	27.2
15:47:01.114	37.8
15:47:01.127	48.5
15:47:01.135	57.9
15:47:01.147	66.3
15:47:01.159	74.3
15:47:01.172	82.9
15:47:01.180	88.2
15:47:01.192	90.6
15:47:01.204	91.1
15:47:01.213	94.0
15:47:01.225	92.4
15:47:01.237	90.9
15:47:01.249	88.7
15:47:01.258	88.7
15:47:01.270	88.9
15:47:01.282	87.0
15:47:01.290	87.6
15:47:01.303	84.9
15:47:01.315	83.5
15:47:01.323	82.6
15:47:01.335	82.6
15:47:01.348	82.8
15:47:01.356	85.0
15:47:01.368	84.4
15:47:01.380	83.0
15:47:01.389	83.2
15:47:01.401	80.7
15:47:01.413	82.7
15:47:01.425	79.5
15:47:01.434	76.5
15:47:01.446	74.4
15:47:01.458	72.9
15:47:01.467	70.0
15:47:01.479	68.2
15:47:01.491	67.9
15:47:01.499	64.6
15:47:01.512	66.1
15:47:01.524	63.9
15:47:01.536	66.9
15:47:01.544	66.8
15:47:01.556	67.0
15:47:01.569	67.4
15:47:01.577	67.0
15:47:01.589	67.3
15:47:01.601	65.9
15:47:01.610	68.1
15:47:01.622	66.5
15:47:01.634	67.0
15:47:01.642	65.0
15:47:01.655	64.7
15:47:01.667	62.1
15:47:01.679	58.6
15:47:01.687	56.4
15:47:01.700	53.5
15:47:01.712	52.2
15:47:01.720	50.7
15:47:01.732	48.7
15:47:01.745	44.3
15:47:01.753	41.5
15:47:01.765	36.8
15:47:01.777	34.4
15:47:01.786	32.8
15:47:01.798	29.5
15:47:01.810	26.6
15:47:01.822	24.1
15:47:01.831	21.7
15:47:01.843	17.7
15:47:01.855	17.4
15:47:01.864	14.3
15:47:01.876	11.6
15:47:01.888	9.2
15:47:01.896	7.1
15:47:01.908	6.2
15:47:01.921	4.2
15:47:01.933	2.5
15:47:01.941	-0.6
15:47:01.954	-1.0
15:47:01.966	-4.2
15:47:01.974	-4.9
15:47:01.987	-5.3
15:47:01.999	-7.5
15:47:02.007	-11.0
15:47:02.020	-17.0
15:47:02.032	-18.2
15:47:02.040	-24.0
15:47:02.053	-25.1
15:47:02.065	-28.6
15:47:02.073	-31.3
15:47:02.086	-34.4
15:47:02.098	-38.7
15:47:02.110	-41.1
15:47:02.118	-43.2
15:47:02.131	-42.8
15:47:02.143	-48.0
15:47:02.151	-47.1
15:47:02.163	-49.5
15:47:02.176	-50.0
15:47:02.188	-52.5
15:47:02.196	-55.9
15:47:02.208	-57.4
15:47:02.221	-58.3
15:47:02.229	-60.0
15:47:02.241	-63.0
15:47:02.253	-61.9
15:47:02.262	-65.7
15:47:02.274	-68.2
15:47:02.286	-72.8
15:47:02.294	-75.1
15:47:02.307	-77.4
15:47:02.319	-82.7
15:47:02.327	-89.2
15:47:02.339	-94.3
15:47:02.352	-100.8
15:47:02.364	-107.6
15:47:02.372	-110.0
15:47:02.384	-116.9
15:47:02.397	-120.1
15:47:02.405	-125.2
15:47:02.417	-127.8
15:47:02.430	-131.0
15:47:02.438	-134.6
15:47:02.450	-137.1
15:47:02.462	-137.7
15:47:02.475	-140.3
15:47:02.483	-145.9
15:47:02.495	-148.4
15:47:02.507	-153.4
15:47:02.516	-158.4
15:47:02.528	-167.5
15:47:02.540	-172.8
15:47:02.552	-179.6
15:47:02.561	-185.2
15:47:02.573	-191.9
15:47:02.585	-198.9
15:47:02.593	-203.3
15:47:02.606	-209.8
15:47:02.618	-216.6
15:47:02.626	-220.4
15:47:02.638	-224.2
15:47:02.651	-229.0
15:47:02.663	-231.3
15:47:02.671	-235.2
15:47:02.683	-237.1
15:47:02.695	-237.6
15:47:02.703	-241.0
15:47:02.715	-241.5
15:47:02.728	-242.4
15:47:02.736	-244.5
15:47:02.748	-244.2
15:47:02.760	-241.8
15:47:02.769	-239.7
15:47:02.781	-239.0
15:47:02.793	-236.6
15:47:02.805	-235.9
15:47:02.814	-234.3
15:47:02.826	-232.8
15:47:02.838	-228.9
15:47:02.846	-227.8
15:47:02.860	-226.8
15:47:02.872	-225.7
15:47:02.880	-224.6
15:47:02.892	-221.5
15:47:02.904	-220.8
15:47:02.916	-219.4
15:47:02.924	-217.4
15:47:02.937	-216.7
15:47:02.949	-217.0
15:47:02.957	-214.5
15:47:02.970	-212.2
15:47:02.982	-212.0
15:47:02.990	-210.8
15:47:03.002	-210.6
15:47:03.014	-208.2
15:47:03.023	-206.5
15:47:03.035	-204.7
15:47:03.047	-204.1
15:47:03.055	-201.7
15:47:03.068	-199.8
15:47:03.080	-197.8
15:47:03.092	-194.2
15:47:03.101	-192.0
15:47:03.113	-187.8
15:47:03.125	-185.7
15:47:03.133	-183.8
15:47:03.146	-180.4
15:47:03.158	-177.8
15:47:03.170	-176.2
15:47:03.178	-176.4
15:47:03.191	-172.8
15:47:03.203	-169.6
15:47:03.211	-165.9
15:47:03.224	-165.3
15:47:03.236	-163.3
15:47:03.244	-162.2
15:47:03.256	-162.3
15:47:03.269	-159.3
15:47:03.277	-157.0
15:47:03.289	-153.3
15:47:03.301	-154.0
15:47:03.310	-153.7
15:47:03.322	-152.7
15:47:03.334	-149.3
15:47:03.346	-148.1
15:47:03.355	-144.5
15:47:03.367	-142.3
15:47:03.379	-141.3
15:47:03.387	-139.7
15:47:03.400	-137.7
15:47:03.412	-133.7
15:47:03.420	-131.0
15:47:03.432	-129.7
15:47:03.445	-129.7
15:47:03.457	-128.6
15:47:03.465	-126.9
15:47:03.478	-123.6
15:47:03.490	-121.8
15:47:03.498	-120.4
15:47:03.510	-118.8
15:47:03.523	-117.2
15:47:03.531	-113.9
15:47:03.543	-112.1
15:47:03.555	-111.4
15:47:03.564	-112.0
15:47:03.576	-110.0
15:47:03.588	-110.2
15:47:03.600	-107.5
15:47:03.609	-105.1
15:47:03.621	-103.2
15:47:03.633	-101.4
15:47:03.641	-103.1
15:47:03.654	-100.5
15:47:03.666	-98.2
15:47:03.674	-93.4
15:47:03.686	-92.5
15:47:03.699	-89.9
15:47:03.707	-88.6
15:47:03.719	-87.1
15:47:03.731	-85.1
15:47:03.744	-83.2
15:47:03.752	-80.1
15:47:03.764	-78.3
15:47:03.776	-74.7
15:47:03.785	-71.9
15:47:03.797	-70.9
15:47:03.809	-69.6
15:47:03.817	-69.9
15:47:03.830	-68.1
15:47:03.842	-67.0
15:47:03.854	-64.9
15:47:03.863	-64.1
15:47:03.875	-65.1
15:47:03.887	-66.9
15:47:03.895	-68.7
15:47:03.907	-68.5
15:47:03.920	-67.3
15:47:03.928	-64.9
15:47:03.940	-65.1
15:47:03.953	-64.3
15:47:03.961	-66.1
15:47:03.973	-65.0
15:47:03.985	-63.5
15:47:03.993	-61.8
15:47:04.006	-59.1
15:47:04.018	-56.9
15:47:04.030	-57.8
15:47:04.039	-56.5
15:47:04.051	-56.9
15:47:04.063	-55.6
15:47:04.071	-51.9
15:47:04.084	-51.2
15:47:04.096	-50.8
15:47:04.108	-50.2
15:47:04.116	-49.3
15:47:04.129	-48.6
15:47:04.141	-47.7
15:47:04.149	-46.7
15:47:04.161	-44.5
15:47:04.174	-42.6
15:47:04.182	-43.5
15:47:04.194	-41.9
15:47:04.206	-38.4
15:47:04.215	-37.0
15:47:04.227	-37.3
15:47:04.239	-35.7
15:47:04.247	-32.9
15:47:04.260	-33.1
15:47:04.272	-30.8
15:47:04.284	-29.3
15:47:04.292	-27.6
15:47:04.305	-25.8
15:47:04.317	-27.2
15:47:04.325	-24.7
15:47:04.338	-22.1
15:47:04.350	-20.5
15:47:04.358	-18.7
15:47:04.370	-13.2
15:47:04.383	-5.8
15:47:04.395	1.8
15:47:04.403	9.9
15:47:04.415	17.4
15:47:04.428	27.1
15:47:04.436	34.1
15:47:04.448	41.4
15:47:04.460	48.3
15:47:04.468	55.8
15:47:04.481	61.6
15:47:04.493	63.1
15:47:04.501	62.9
15:47:04.513	64.1
15:47:04.526	64.1
15:47:04.538	64.0
15:47:04.546	64.1
15:47:04.559	65.8
15:47:04.571	66.7
15:47:04.579	69.9
15:47:04.591	72.6
15:47:04.604	76.2
15:47:04.612	78.7
15:47:04.624	82.4
15:47:04.636	88.3
15:47:04.645	92.7
15:47:04.657	95.1
15:47:04.669	97.3
15:47:04.681	100.3
15:47:04.690	101.3
15:47:04.702	101.1
15:47:04.714	99.8
15:47:04.726	100.5
15:47:04.735	101.9
15:47:04.747	107.4
15:47:04.759	117.0
15:47:04.767	129.8
15:47:04.780	140.7
15:47:04.792	152.2
15:47:04.800	163.8
15:47:04.812	178.7
15:47:04.825	197.5
15:47:04.837	219.0
15:47:04.845	239.1
15:47:04.857	255.5
15:47:04.870	269.5
15:47:04.878	286.5
15:47:04.890	303.7
15:47:04.902	321.3
15:47:04.911	337.8
15:47:04.923	351.7
15:47:04.935	366.4
15:47:04.943	375.1
15:47:04.956	391.9
15:47:04.968	406.4
15:47:04.976	423.3
15:47:04.988	443.6
15:47:05.001	467.0
15:47:05.013	494.0
15:47:05.021	524.2
15:47:05.034	557.3
15:47:05.046	589.3
15:47:05.054	624.0
15:47:05.066	649.6
15:47:05.079	675.6
15:47:05.091	702.6
15:47:05.099	723.3
15:47:05.111	743.8
15:47:05.124	764.7
15:47:05.132	786.1
15:47:05.144	804.4
15:47:05.156	819.6
15:47:05.165	835.3
15:47:05.177	848.4
15:47:05.189	863.0
15:47:05.197	872.8
15:47:05.210	882.3
15:47:05.222	891.3
15:47:05.230	899.2
15:47:05.242	906.3
15:47:05.256	925.6
15:47:05.268	976.4
15:47:05.276	1031.1
15:47:05.288	1088.1
15:47:05.301	1140.7
15:47:05.309	1194.5
15:47:05.321	1245.2
15:47:05.333	1294.8
15:47:05.342	1337.2
15:47:05.354	1375.7
15:47:05.366	1401.5
15:47:05.378	1396.9
15:47:05.387	1386.2
15:47:05.399	1374.6
15:47:05.411	1365.4
15:47:05.419	1351.1
15:47:05.432	1345.9
15:47:05.444	1337.9
15:47:05.452	1331.6
15:47:05.465	1325.3
15:47:05.477	1318.6
15:47:05.485	1310.1
15:47:05.497	1301.1
15:47:05.510	1291.5
15:47:05.522	1278.6
15:47:05.530	1270.9
15:47:05.542	1254.8
15:47:05.555	1241.4
15:47:05.563	1227.3
15:47:05.575	1212.0
15:47:05.587	1197.8
15:47:05.596	1179.5
15:47:05.608	1164.2
15:47:05.620	1148.8
15:47:05.628	1134.0
15:47:05.641	1120.5
15:47:05.653	1108.4
15:47:05.665	1091.8
15:47:05.673	1072.1
15:47:05.686	1048.7
15:47:05.698	1021.8
15:47:05.706	998.4
15:47:05.718	973.6
15:47:05.731	946.3
15:47:05.739	922.3
15:47:05.751	896.9
15:47:05.763	869.5
15:47:05.776	842.3
15:47:05.784	817.0
15:47:05.796	785.7
15:47:05.808	756.0
15:47:05.817	723.7
15:47:05.829	689.0
15:47:05.841	655.3
15:47:05.849	617.1
15:47:05.862	575.1
15:47:05.874	529.4
15:47:05.882	483.7
15:47:05.894	440.6
15:47:05.907	406.4
15:47:05.915	371.4
15:47:05.927	338.7
15:47:05.939	302.1
15:47:05.952	267.4
15:47:05.960	234.7
15:47:05.972	206.7
15:47:05.984	183.7
15:47:05.993	160.3
15:47:06.005	138.3
15:47:06.017	116.7
15:47:06.030	96.6
15:47:06.038	74.6
15:47:06.050	62.0
15:47:06.062	50.0
15:47:06.071	40.3
15:47:06.083	27.9
15:47:06.095	13.3
15:47:06.103	-16.5
15:47:06.116	-55.4
15:47:06.128	-91.9
15:47:06.136	-130.1
15:47:06.148	-163.4
15:47:06.161	-202.2
15:47:06.169	-239.8
15:47:06.181	-279.5
15:47:06.193	-318.9
15:47:06.206	-360.6
15:47:06.214	-387.1
15:47:06.226	-405.2
15:47:06.238	-424.2
15:47:06.247	-442.0
15:47:06.259	-462.7
15:47:06.271	-481.0
15:47:06.279	-507.0
15:47:06.291	-530.3
15:47:06.303	-553.6
15:47:06.316	-571.0
15:47:06.324	-584.6
15:47:06.336	-599.0
15:47:06.349	-612.9
15:47:06.357	-626.2
15:47:06.369	-637.5
15:47:06.381	-651.4
15:47:06.390	-659.3
15:47:06.402	-665.5
15:47:06.414	-670.5
15:47:06.422	-678.5
15:47:06.434	-685.8
15:47:06.447	-692.1
15:47:06.459	-697.9
15:47:06.467	-703.2
15:47:06.480	-707.9
15:47:06.492	-708.4
15:47:06.504	-710.3
15:47:06.512	-712.1
15:47:06.525	-714.3
15:47:06.537	-713.6
15:47:06.545	-711.2
15:47:06.557	-709.3
15:47:06.570	-710.1
15:47:06.578	-709.8
15:47:06.590	-708.2
15:47:06.602	-705.0
15:47:06.611	-704.0
15:47:06.623	-703.4
15:47:06.635	-702.5
15:47:06.647	-702.8
15:47:06.656	-707.4
15:47:06.668	-707.9
15:47:06.680	-703.3
15:47:06.688	-702.3
15:47:06.701	-700.4
15:47:06.713	-700.7
15:47:06.721	-695.5
15:47:06.733	-692.4
15:47:06.746	-688.6
15:47:06.758	-682.6
15:47:06.766	-675.3
15:47:06.778	-670.2
15:47:06.791	-668.7
15:47:06.799	-664.5
15:47:06.811	-662.6
15:47:06.823	-659.8
15:47:06.832	-658.7
15:47:06.844	-656.4
15:47:06.856	-655.0
15:47:06.864	-653.0
15:47:06.877	-651.1
15:47:06.889	-649.5
15:47:06.897	-645.5
15:47:06.909	-640.0
15:47:06.922	-636.3
15:47:06.934	-633.7
15:47:06.942	-629.7
15:47:06.955	-626.4
15:47:06.967	-620.5
15:47:06.975	-615.8
15:47:06.987	-611.3
15:47:07.000	-606.7
15:47:07.012	-604.0
15:47:07.020	-600.5
15:47:07.032	-593.7
15:47:07.045	-586.2
15:47:07.053	-579.9
15:47:07.065	-571.9
15:47:07.077	-568.1
15:47:07.086	-563.3
15:47:07.098	-559.7
15:47:07.110	-554.7
15:47:07.118	-548.5
15:47:07.131	-543.3
15:47:07.143	-539.2
15:47:07.151	-535.9
15:47:07.163	-529.7
15:47:07.176	-524.8
15:47:07.188	-518.8
15:47:07.196	-512.5
15:47:07.208	-505.3
15:47:07.221	-501.0
15:47:07.229	-494.4
15:47:07.241	-488.7
15:47:07.253	-483.8
15:47:07.262	-480.4
15:47:07.274	-479.2
15:47:07.286	-479.6
15:47:07.298	-475.4
15:47:07.307	-474.8
15:47:07.319	-472.1
15:47:07.331	-468.6
15:47:07.339	-466.8
15:47:07.352	-462.3
15:47:07.364	-460.8
15:47:07.372	-456.7
15:47:07.384	-452.7
15:47:07.397	-446.2
15:47:07.405	-443.0
15:47:07.417	-437.9
15:47:07.430	-433.7
15:47:07.442	-430.0
15:47:07.450	-425.1
15:47:07.462	-423.2
15:47:07.475	-418.7
15:47:07.483	-414.3
15:47:07.495	-409.9
15:47:07.507	-406.0
15:47:07.516	-402.2
15:47:07.528	-396.9
15:47:07.540	-394.0
15:47:07.548	-387.5
15:47:07.561	-385.6
15:47:07.574	-382.6
15:47:07.586	-377.4
15:47:07.594	-373.6
15:47:07.607	-368.6
15:47:07.619	-365.4
15:47:07.627	-361.2
15:47:07.639	-358.0
15:47:07.652	-352.4
15:47:07.660	-350.9
15:47:07.672	-346.6
15:47:07.684	-341.3
15:47:07.697	-338.5
15:47:07.705	-334.8
15:47:07.717	-332.2
15:47:07.729	-327.3
15:47:07.738	-324.0
15:47:07.750	-320.6
15:47:07.762	-316.8
15:47:07.770	-310.6
15:47:07.783	-307.4
15:47:07.795	-303.4
15:47:07.803	-300.7
15:47:07.815	-297.0
15:47:07.828	-292.7
15:47:07.836	-290.7
15:47:07.848	-287.4
15:47:07.861	-284.3
15:47:07.873	-281.6
15:47:07.881	-280.0
15:47:07.893	-276.3
15:47:07.906	-275.3
15:47:07.914	-272.8
15:47:07.926	-271.0
15:47:07.938	-269.4
15:47:07.951	-267.4
15:47:07.959	-264.6
15:47:07.971	-260.8
15:47:07.983	-258.4
15:47:07.991	-256.0
15:47:08.004	-252.0
15:47:08.016	-249.0
15:47:08.024	-245.4
15:47:08.037	-240.5
15:47:08.049	-236.9
15:47:08.057	-233.3
15:47:08.069	-228.1
15:47:08.082	-225.1
15:47:08.090	-221.9
15:47:08.102	-219.6
15:47:08.114	-216.0
15:47:08.127	-213.4
15:47:08.135	-210.7
15:47:08.147	-209.1
15:47:08.159	-207.1
15:47:08.168	-204.1
15:47:08.180	-204.5
15:47:08.192	-203.5
15:47:08.200	-202.1
15:47:08.213	-200.3
15:47:08.225	-200.1
15:47:08.237	-196.9
15:47:08.245	-195.4
15:47:08.258	-194.6
15:47:08.270	-191.9
15:47:08.278	-190.5
15:47:08.290	-186.7
15:47:08.303	-183.7
15:47:08.311	-178.9
15:47:08.323	-175.8
15:47:08.335	-173.3
15:47:08.344	-170.9
15:47:08.356	-167.4
15:47:08.368	-164.1
15:47:08.381	-163.4
15:47:08.389	-162.2
15:47:08.401	-161.9
15:47:08.413	-160.1
15:47:08.426	-162.8
15:47:08.433	-161.6
15:47:08.445	-160.8
15:47:08.457	-159.1
15:47:08.466	-159.0
15:47:08.479	-156.3
15:47:08.491	-153.6
15:47:08.499	-150.1
15:47:08.512	-147.3
15:47:08.524	-145.6
15:47:08.532	-142.0
15:47:08.544	-140.6
15:47:08.557	-139.9
15:47:08.569	-140.5
15:47:08.577	-138.7
15:47:08.590	-138.6
15:47:08.602	-137.4
15:47:08.610	-135.9
15:47:08.622	-135.2
15:47:08.635	-135.1
15:47:08.643	-134.0
15:47:08.655	-133.6
15:47:08.667	-131.7
15:47:08.680	-128.6
15:47:08.688	-126.3
15:47:08.700	-125.6
15:47:08.712	-122.7
15:47:08.721	-121.3
15:47:08.733	-118.8
15:47:08.745	-117.3
15:47:08.753	-114.7
15:47:08.766	-111.1
15:47:08.778	-108.5
15:47:08.786	-106.5
15:47:08.798	-104.4
15:47:08.811	-101.5
15:47:08.819	-100.2
15:47:08.831	-95.8
15:47:08.844	-94.4
15:47:08.856	-94.2
15:47:08.864	-93.8
15:47:08.876	-92.0
15:47:08.888	-91.0
15:47:08.897	-91.7
15:47:08.909	-89.1
15:47:08.921	-89.0
15:47:08.933	-85.7
15:47:08.942	-87.5
15:47:08.954	-87.8
15:47:08.966	-86.0
15:47:08.974	-83.2
15:47:08.986	-82.2
15:47:08.998	-81.1
15:47:09.007	-80.1
15:47:09.019	-81.6
15:47:09.031	-80.1
15:47:09.039	-78.9
15:47:09.052	-78.1
15:47:09.064	-76.3
15:47:09.072	-73.0
15:47:09.084	-75.2
15:47:09.097	-76.6
15:47:09.109	-74.7
15:47:09.117	-72.8
15:47:09.129	-70.9
15:47:09.142	-69.6
15:47:09.150	-73.1
15:47:09.162	-73.2
15:47:09.174	-71.7
15:47:09.183	-72.1
15:47:09.195	-68.7
15:47:09.207	-67.9
15:47:09.219	-68.8
15:47:09.228	-68.0
15:47:09.240	-67.8
15:47:09.252	-68.8
15:47:09.260	-67.7
15:47:09.273	-65.4
15:47:09.285	-65.5
15:47:09.293	-66.0
15:47:09.305	-65.4
15:47:09.318	-64.5
15:47:09.326	-62.1
15:47:09.338	-60.2
15:47:09.351	-59.3
15:47:09.363	-59.2
15:47:09.371	-58.5
15:47:09.383	-57.0
15:47:09.395	-57.1
15:47:09.404	-55.9
15:47:09.416	-57.6
15:47:09.428	-56.0
15:47:09.437	-54.9
15:47:09.449	-54.6
15:47:09.461	-54.3
15:47:09.469	-48.5
15:47:09.482	-49.2
15:47:09.494	-50.4
15:47:09.506	-50.4
15:47:09.514	-51.5
15:47:09.527	-48.3
15:47:09.539	-45.8
15:47:09.547	-47.6
15:47:09.559	-48.7
15:47:09.572	-47.6
15:47:09.580	-50.1
15:47:09.592	-46.4
15:47:09.604	-46.4
15:47:09.617	-44.5
15:47:09.625	-42.2
15:47:09.637	-41.4
15:47:09.649	-41.7
15:47:09.658	-40.1
15:47:09.670	-39.1
15:47:09.682	-39.6
15:47:09.690	-40.6
15:47:09.703	-40.8
15:47:09.715	-39.7
15:47:09.723	-39.8
15:47:09.735	-36.5
15:47:09.748	-37.3
15:47:09.756	-37.0
15:47:09.768	-35.7
15:47:09.780	-33.0
15:47:09.793	-31.6
15:47:09.801	-30.6
15:47:09.813	-31.9
15:47:09.825	-31.8
15:47:09.834	-31.2
15:47:09.846	-32.3
15:47:09.858	-31.4
15:47:09.871	-30.2
15:47:09.879	-31.1
15:47:09.891	-32.5
15:47:09.903	-33.5
15:47:09.911	-33.0
15:47:09.925	-30.6
15:47:09.937	-29.9
15:47:09.945	-28.5
15:47:09.958	-29.5
15:47:09.970	-28.4
15:47:09.978	-29.3
15:47:09.990	-28.8
15:47:10.003	-28.1
15:47:10.011	-27.1
15:47:10.023	-26.8
15:47:10.035	-27.1
15:47:10.048	-27.9
15:47:10.056	-27.4
15:47:10.068	-24.9
15:47:10.080	-25.5
15:47:10.089	-24.4
15:47:10.101	-23.0
15:47:10.113	-24.3
15:47:10.121	-22.2
15:47:10.134	-22.6
15:47:10.146	-22.7
15:47:10.159	-22.2
15:47:10.166	-23.1
15:47:10.179	-23.9
15:47:10.191	-22.2
15:47:10.199	-23.0
15:47:10.211	-21.7
15:47:10.224	-20.5
15:47:10.232	-22.0
15:47:10.244	-21.0
15:47:10.256	-19.9
15:47:10.265	-19.1
15:47:10.277	-18.6
15:47:10.289	-18.8
15:47:10.301	-20.7
15:47:10.309	-21.6
15:47:10.321	-23.2
15:47:10.333	-24.6
15:47:10.342	-22.9
15:47:10.354	-20.3
15:47:10.366	-22.2
15:47:10.374	-20.0
15:47:10.387	-19.3
15:47:10.399	-18.4
15:47:10.407	-17.9
15:47:10.419	-15.9
15:47:10.432	-15.8
15:47:10.440	-13.5
15:47:10.452	-12.9
15:47:10.465	-13.6
15:47:10.477	-11.7
15:47:10.485	-13.6
15:47:10.497	-14.0
15:47:10.510	-12.5
15:47:10.518	-10.8
15:47:10.530	-12.3
15:47:10.542	-12.0
15:47:10.555	-13.6
15:47:10.563	-15.3
15:47:10.575	-15.7
15:47:10.587	-15.9
15:47:10.596	-16.5
15:47:10.608	-14.6
15:47:10.620	-16.3
15:47:10.628	-18.7
15:47:10.641	-17.2
15:47:10.653	-17.2
15:47:10.665	-16.1
15:47:10.673	-15.0
15:47:10.686	-16.2
15:47:10.698	-14.0
15:47:10.706	-12.4
15:47:10.718	-13.3
15:47:10.731	-15.4
15:47:10.739	-12.8
15:47:10.751	-14.3
15:47:10.763	-13.4
15:47:10.776	-12.9
15:47:10.784	-12.3
15:47:10.797	-9.2
15:47:10.809	-8.3
15:47:10.818	-7.9
15:47:10.830	-9.0
15:47:10.842	-7.6
15:47:10.850	-7.8
15:47:10.863	-5.3
15:47:10.875	-5.2
15:47:10.887	-5.2
15:47:10.895	-2.8
15:47:10.907	-4.6
15:47:10.920	-7.5
15:47:10.928	-6.4
15:47:10.940	-4.3
15:47:10.953	-4.1
15:47:10.961	-4.4
15:47:10.973	-5.2
15:47:10.985	-4.9
15:47:10.993	-4.3
15:47:11.006	-7.1
15:47:11.018	-6.6
15:47:11.030	-6.5
15:47:11.038	-6.0
15:47:11.051	-9.2
15:47:11.063	-7.6
15:47:11.071	-8.4
15:47:11.083	-7.7
15:47:11.096	-5.8
15:47:11.104	-6.5
15:47:11.116	-7.0
15:47:11.129	-6.7
15:47:11.141	-7.1
15:47:11.149	-9.2
15:47:11.161	-7.3
15:47:11.173	-7.0
15:47:11.182	-6.3
15:47:11.194	-5.6
15:47:11.206	-7.2
15:47:11.214	-4.8
15:47:11.227	0.4
15:47:11.239	4.9
15:47:11.247	9.5
15:47:11.259	14.1
15:47:11.272	18.1
15:47:11.284	21.1
15:47:11.292	26.2
15:47:11.305	29.3
15:47:11.317	32.2
15:47:11.325	36.1
15:47:11.337	35.6
15:47:11.350	37.5
15:47:11.358	38.2
15:47:11.370	39.3
15:47:11.382	40.5
15:47:11.390	40.6
15:47:11.403	41.8
15:47:11.415	42.8
15:47:11.427	45.8
15:47:11.436	45.4
15:47:11.448	51.0
15:47:11.460	51.0
15:47:11.468	53.2
15:47:11.481	55.5
15:47:11.493	57.1
15:47:11.501	60.2
15:47:11.513	62.6
15:47:11.526	64.5
15:47:11.538	66.1
15:47:11.546	67.7
15:47:11.558	65.4
15:47:11.571	65.5
15:47:11.579	65.4
15:47:11.591	65.3
15:47:11.603	67.3
15:47:11.612	68.5
15:47:11.624	68.5
15:47:11.636	70.1
15:47:11.644	70.8
15:47:11.657	72.9
15:47:11.669	76.2
15:47:11.677	80.5
15:47:11.689	85.8
15:47:11.702	87.8
15:47:11.714	90.0
15:47:11.722	98.0
15:47:11.734	108.8
15:47:11.747	120.8
15:47:11.755	129.5
15:47:11.767	138.8
15:47:11.780	148.2
15:47:11.792	154.4
15:47:11.800	159.2
15:47:11.812	167.2
15:47:11.825	173.3
15:47:11.833	175.2
15:47:11.845	173.3
15:47:11.857	171.1
15:47:11.866	172.2
15:47:11.878	171.6
15:47:11.890	170.5
15:47:11.898	170.7
15:47:11.911	176.0
15:47:11.923	181.8
15:47:11.931	191.0
15:47:11.943	196.2
15:47:11.956	198.8
15:47:11.968	203.8
15:47:11.976	208.6
15:47:11.988	214.5
15:47:12.001	217.0
15:47:12.009	222.1
15:47:12.021	218.5
15:47:12.033	215.5
15:47:12.042	207.2
15:47:12.054	199.9
15:47:12.066	196.5
15:47:12.078	189.7
15:47:12.087	185.0
15:47:12.099	179.8
15:47:12.111	176.4
15:47:12.119	171.3
15:47:12.132	172.0
15:47:12.144	169.5
15:47:12.152	168.7
15:47:12.164	170.2
15:47:12.177	172.2
15:47:12.185	174.2
15:47:12.197	172.9
15:47:12.210	173.9
15:47:12.222	171.8
15:47:12.230	173.1
15:47:12.242	170.6
15:47:12.255	170.5
15:47:12.263	168.9
15:47:12.275	168.3
15:47:12.287	167.1
15:47:12.295	163.8
15:47:12.308	164.7
15:47:12.320	164.1
15:47:12.328	163.9
15:47:12.341	161.4
15:47:12.353	160.3
15:47:12.365	157.1
15:47:12.373	158.2
15:47:12.386	155.8
15:47:12.398	153.1
15:47:12.410	151.6
15:47:12.418	148.5
15:47:12.431	145.3
15:47:12.443	143.8
15:47:12.451	144.5
15:47:12.463	142.7
15:47:12.476	141.7
15:47:12.484	137.9
15:47:12.496	137.6
15:47:12.508	137.5
15:47:12.521	137.0
15:47:12.529	136.0
15:47:12.541	132.3
15:47:12.553	130.9
15:47:12.562	126.2
15:47:12.574	126.1
15:47:12.586	125.7
15:47:12.594	128.4
15:47:12.607	148.9
15:47:12.619	168.3
15:47:12.627	189.5
15:47:12.639	208.1
15:47:12.652	227.4
15:47:12.660	246.3
15:47:12.672	267.7
15:47:12.684	284.1
15:47:12.697	304.9
15:47:12.705	321.0
15:47:12.717	315.9
15:47:12.730	315.1
15:47:12.738	310.4
15:47:12.750	307.5
15:47:12.762	305.0
15:47:12.774	300.5
15:47:12.783	295.0
15:47:12.795	292.7
15:47:12.807	288.5
15:47:12.816	285.2
15:47:12.828	284.9
15:47:12.840	277.7
15:47:12.848	274.0
15:47:12.861	269.3
15:47:12.873	266.9
15:47:12.881	263.3
15:47:12.893	258.4
15:47:12.906	254.9
15:47:12.914	249.2
15:47:12.926	245.3
15:47:12.938	238.9
15:47:12.951	236.3
15:47:12.959	233.7
15:47:12.971	231.3
15:47:12.983	227.6
15:47:12.992	227.1
15:47:13.004	226.9
15:47:13.016	224.7
15:47:13.024	220.5
15:47:13.037	216.6
15:47:13.049	215.0
15:47:13.061	210.0
15:47:13.069	205.9
15:47:13.082	202.6
15:47:13.094	198.2
15:47:13.102	194.4
15:47:13.114	187.3
15:47:13.127	184.7
15:47:13.135	183.3
15:47:13.147	182.0
15:47:13.160	177.2
15:47:13.168	177.7
15:47:13.180	177.5
15:47:13.192	174.5
15:47:13.204	174.8
15:47:13.213	172.3
15:47:13.225	173.6
15:47:13.237	169.8
15:47:13.245	170.2
15:47:13.258	167.8
15:47:13.270	168.1
15:47:13.278	166.6
15:47:13.291	164.4
15:47:13.303	166.1
15:47:13.311	165.3
15:47:13.323	165.2
15:47:13.336	165.2
15:47:13.348	168.6
15:47:13.356	167.3
15:47:13.368	168.1
15:47:13.381	166.3
15:47:13.389	164.5
15:47:13.402	164.5
15:47:13.414	162.1
15:47:13.423	161.9
15:47:13.435	164.3
15:47:13.447	166.5
15:47:13.459	166.6
15:47:13.468	173.0
15:47:13.480	178.8
15:47:13.492	189.3
15:47:13.500	197.9
15:47:13.513	206.1
15:47:13.525	214.8
15:47:13.533	221.7
15:47:13.545	226.5
15:47:13.558	229.2
15:47:13.566	236.7
15:47:13.577	237.1
15:47:13.590	237.5
15:47:13.598	235.1
15:47:13.610	235.9
15:47:13.622	237.7
15:47:13.635	237.3
15:47:13.643	239.3
15:47:13.655	242.8
15:47:13.667	250.2
15:47:13.676	251.9
15:47:13.688	258.0
15:47:13.700	261.6
15:47:13.712	266.1
15:47:13.721	267.9
15:47:13.733	267.0
15:47:13.745	270.2
15:47:13.753	269.5
15:47:13.766	270.0
15:47:13.778	265.8
15:47:13.786	265.0
15:47:13.799	259.1
15:47:13.811	256.9
15:47:13.819	254.1
15:47:13.831	251.0
15:47:13.844	247.9
15:47:13.852	245.2
15:47:13.864	242.1
15:47:13.876	235.9
15:47:13.889	232.6
15:47:13.897	226.5
15:47:13.909	224.1
15:47:13.921	221.2
15:47:13.930	218.1
15:47:13.942	214.2
15:47:13.954	210.2
15:47:13.962	204.0
15:47:13.975	200.1
15:47:13.987	197.0
15:47:13.999	190.7
15:47:14.007	184.9
15:47:14.020	177.9
15:47:14.032	168.8
15:47:14.040	160.5
15:47:14.053	152.7
15:47:14.065	147.0
15:47:14.073	140.1
15:47:14.085	134.6
15:47:14.097	128.3
15:47:14.106	125.1
15:47:14.118	120.9
15:47:14.130	116.1
15:47:14.143	113.4
15:47:14.151	107.8
15:47:14.163	105.1
15:47:14.175	100.7
15:47:14.183	98.4
15:47:14.196	93.2
15:47:14.208	87.8
15:47:14.216	81.5
15:47:14.229	78.2
15:47:14.241	73.7
15:47:14.249	67.4
15:47:14.261	63.0
15:47:14.274	54.0
15:47:14.282	48.1
15:47:14.294	42.6
15:47:14.306	37.9
15:47:14.319	34.8
15:47:14.327	29.9
15:47:14.339	22.1
15:47:14.351	17.1
15:47:14.360	14.4
15:47:14.372	11.8
15:47:14.384	13.1
15:47:14.396	10.2
15:47:14.405	6.6
15:47:14.417	3.3
15:47:14.429	-3.4
15:47:14.437	-5.7
15:47:14.450	-7.9
15:47:14.462	-10.7
15:47:14.470	-16.4
15:47:14.482	-21.1
15:47:14.495	-27.4
15:47:14.504	-29.4
15:47:14.516	-31.9
15:47:14.528	-35.7
15:47:14.541	-38.1
15:47:14.549	-42.3
15:47:14.561	-45.9
15:47:14.573	-51.7
15:47:14.582	-59.9
15:47:14.594	-65.5
15:47:14.606	-73.4
15:47:14.618	-85.1
15:47:14.627	-97.9
15:47:14.639	-108.7
15:47:14.651	-119.3
15:47:14.660	-132.0
15:47:14.672	-140.7
15:47:14.684	-147.9
15:47:14.696	-151.7
15:47:14.704	-158.5
15:47:14.717	-162.5
15:47:14.729	-163.6
15:47:14.737	-167.3
15:47:14.750	-174.6
15:47:14.762	-183.2
15:47:14.770	-189.0
15:47:14.782	-197.6
15:47:14.794	-206.0
15:47:14.803	-210.9
15:47:14.815	-216.1
15:47:14.827	-219.8
15:47:14.836	-227.2
15:47:14.848	-230.9
15:47:14.860	-230.2
15:47:14.872	-228.9
15:47:14.881	-229.7
15:47:14.893	-229.5
15:47:14.905	-229.8
15:47:14.913	-234.7
15:47:14.926	-236.5
15:47:14.938	-241.1
15:47:14.946	-244.2
15:47:14.958	-246.6
15:47:14.971	-249.0
15:47:14.983	-253.3
15:47:14.991	-255.5
15:47:15.003	-258.1
15:47:15.016	-259.7
15:47:15.024	-257.6
15:47:15.036	-257.9
15:47:15.048	-254.8
15:47:15.057	-253.9
15:47:15.069	-253.9
15:47:15.081	-253.0
15:47:15.089	-250.8
15:47:15.102	-248.1
15:47:15.114	-246.5
15:47:15.126	-243.9
15:47:15.134	-243.4
15:47:15.146	-241.7
15:47:15.158	-243.8
15:47:15.167	-243.8
15:47:15.179	-242.5
15:47:15.191	-243.7
15:47:15.199	-242.1
15:47:15.212	-240.6
15:47:15.224	-239.2
15:47:15.232	-237.9
15:47:15.244	-234.7
15:47:15.257	-234.7
15:47:15.269	-232.8
15:47:15.277	-229.5
15:47:15.290	-226.9
15:47:15.302	-223.8
15:47:15.310	-220.9
15:47:15.322	-217.5
15:47:15.335	-214.4
15:47:15.343	-210.2
15:47:15.355	-210.2
15:47:15.367	-204.5
15:47:15.380	-201.0
15:47:15.388	-197.3
15:47:15.400	-194.8
15:47:15.412	-192.0
15:47:15.421	-188.4
15:47:15.433	-185.0
15:47:15.445	-182.1
15:47:15.453	-180.8
15:47:15.466	-175.8
15:47:15.478	-175.7
15:47:15.486	-172.0
15:47:15.498	-169.3
15:47:15.511	-164.6
15:47:15.519	-162.7
15:47:15.531	-161.0
15:47:15.543	-159.4
15:47:15.556	-157.9
15:47:15.564	-156.4
15:47:15.576	-155.2
15:47:15.588	-153.4
15:47:15.597	-153.0
15:47:15.609	-151.8
15:47:15.621	-150.6
15:47:15.633	-148.2
15:47:15.642	-146.0
15:47:15.654	-143.5
15:47:15.666	-142.6
15:47:15.675	-141.2
15:47:15.687	-138.1
15:47:15.699	-135.9
15:47:15.707	-133.6
15:47:15.719	-132.2
15:47:15.732	-131.6
15:47:15.740	-128.9
15:47:15.752	-127.4
15:47:15.765	-126.8
15:47:15.773	-124.7
15:47:15.785	-121.8
15:47:15.797	-120.4
15:47:15.810	-119.4
15:47:15.818	-117.3
15:47:15.830	-114.7
15:47:15.842	-113.5
15:47:15.851	-111.8
15:47:15.863	-108.8
15:47:15.875	-106.1
15:47:15.883	-102.2
15:47:15.896	-101.1
15:47:15.908	-101.6
15:47:15.920	-100.6
15:47:15.928	-99.5
15:47:15.941	-97.7
15:47:15.953	-95.9
15:47:15.961	-94.0
15:47:15.973	-93.6
15:47:15.986	-91.8
15:47:15.994	-90.0
15:47:16.006	-87.4
15:47:16.019	-84.7
15:47:16.027	-80.3
15:47:16.039	-79.5
15:47:16.051	-78.6
15:47:16.063	-75.0
15:47:16.072	-71.7
15:47:16.084	-68.9
15:47:16.096	-67.8
15:47:16.104	-66.3
15:47:16.117	-64.7
15:47:16.129	-61.6
15:47:16.137	-60.5
15:47:16.150	-54.4
15:47:16.162	-50.3
15:47:16.170	-48.5
15:47:16.182	-47.3
15:47:16.194	-44.8
15:47:16.203	-40.5
15:47:16.215	-38.7
15:47:16.227	-34.6
15:47:16.240	-32.1
15:47:16.248	-27.0
15:47:16.260	-23.5
15:47:16.272	-21.1
15:47:16.280	-16.3
15:47:16.293	-9.4
15:47:16.305	-4.9
15:47:16.318	-1.6
15:47:16.325	4.4
15:47:16.338	5.8
15:47:16.350	9.0
15:47:16.358	9.8
15:47:16.371	10.0
15:47:16.383	12.5
15:47:16.391	14.3
15:47:16.403	13.3
15:47:16.416	14.3
15:47:16.424	15.9
15:47:16.436	14.0
15:47:16.448	16.8
15:47:16.457	17.7
15:47:16.469	18.9
15:47:16.481	20.4
15:47:16.494	19.8
15:47:16.502	20.8
15:47:16.514	21.3
15:47:16.526	23.2
15:47:16.538	23.2
15:47:16.547	24.6
15:47:16.559	24.8
15:47:16.571	27.9
15:47:16.579	28.8
15:47:16.592	30.5
15:47:16.604	32.4
15:47:16.616	32.3
15:47:16.624	34.3
15:47:16.637	34.5
15:47:16.649	34.7
15:47:16.657	39.2
15:47:16.669	40.0
15:47:16.682	39.6
15:47:16.690	40.8
15:47:16.702	41.9
15:47:16.714	43.5
15:47:16.723	46.8
15:47:16.735	49.1
15:47:16.747	50.1
15:47:16.755	55.2
15:47:16.768	55.7
15:47:16.780	58.6
15:47:16.793	59.7
15:47:16.801	62.6
15:47:16.814	64.1
15:47:16.826	66.8
15:47:16.834	67.4
15:47:16.847	68.5
15:47:16.859	71.4
15:47:16.867	72.0
15:47:16.879	72.1
15:47:16.892	72.4
15:47:16.904	73.8
15:47:16.912	76.2
15:47:16.924	81.9
15:47:16.937	97.4
15:47:16.945	115.2
15:47:16.957	129.9
15:47:16.969	146.1
15:47:16.978	159.3
15:47:16.990	174.7
15:47:17.002	189.5
15:47:17.010	202.4
15:47:17.023	211.9
15:47:17.035	218.4
15:47:17.047	217.0
15:47:17.055	212.8
15:47:17.068	212.1
15:47:17.080	206.3
15:47:17.088	202.0
15:47:17.101	196.5
15:47:17.113	191.0
15:47:17.121	187.8
15:47:17.133	184.7
15:47:17.145	182.2
15:47:17.154	173.2
15:47:17.166	166.4
15:47:17.178	157.5
15:47:17.191	151.0
15:47:17.199	144.5
15:47:17.211	137.3
15:47:17.223	131.6
15:47:17.231	126.0
15:47:17.244	119.3
15:47:17.256	112.6
15:47:17.264	109.8
15:47:17.277	107.7
15:47:17.289	105.6
15:47:17.301	107.3
15:47:17.309	107.0
15:47:17.322	107.4
15:47:17.334	105.7
15:47:17.342	104.9
15:47:17.354	104.0
15:47:17.367	102.8
15:47:17.375	102.8
15:47:17.387	97.7
15:47:17.399	94.7
15:47:17.408	85.4
15:47:17.420	80.8
15:47:17.432	77.2
15:47:17.440	71.3
15:47:17.453	66.3
15:47:17.465	61.9
15:47:17.477	57.7
15:47:17.485	53.2
15:47:17.498	48.1
15:47:17.510	42.1
15:47:17.518	36.3
15:47:17.530	24.4
15:47:17.543	10.3
15:47:17.555	-0.1
15:47:17.563	-13.5
15:47:17.576	-24.9
15:47:17.588	-37.3
15:47:17.596	-52.8
15:47:17.608	-61.2
15:47:17.621	-73.3
15:47:17.629	-82.6
15:47:17.641	-89.4
15:47:17.653	-94.0
15:47:17.662	-100.7
15:47:17.674	-105.8
15:47:17.686	-111.1
15:47:17.694	-117.7
15:47:17.707	-123.6
15:47:17.719	-135.6
15:47:17.731	-144.4
15:47:17.739	-152.4
15:47:17.752	-159.3
15:47:17.764	-166.4
15:47:17.772	-171.1
15:47:17.784	-175.9
15:47:17.797	-183.8
15:47:17.805	-185.8
15:47:17.816	-187.4
15:47:17.829	-186.4
15:47:17.841	-187.2
15:47:17.849	-186.7
15:47:17.861	-186.0
15:47:17.874	-186.5
15:47:17.882	-186.9
15:47:17.894	-186.9
15:47:17.906	-184.7
15:47:17.915	-187.1
15:47:17.928	-186.4
15:47:17.940	-186.6
15:47:17.948	-183.9
15:47:17.961	-183.3
15:47:17.973	-182.7
15:47:17.985	-180.2
15:47:17.993	-179.6
15:47:18.006	-178.6
15:47:18.018	-177.1
15:47:18.026	-172.5
15:47:18.038	-169.6
15:47:18.051	-165.5
15:47:18.059	-162.9
15:47:18.071	-160.0
15:47:18.083	-154.8
15:47:18.092	-151.2
15:47:18.104	-142.4
15:47:18.116	-137.3
15:47:18.124	-131.9
15:47:18.137	-128.4
15:47:18.149	-125.2
15:47:18.161	-120.9
15:47:18.169	-119.4
15:47:18.181	-117.2
15:47:18.193	-117.2
15:47:18.201	-114.5
15:47:18.214	-115.9
15:47:18.226	-114.8
15:47:18.238	-114.6
15:47:18.247	-114.5
15:47:18.259	-114.8
15:47:18.271	-114.9
15:47:18.283	-112.0
15:47:18.292	-108.9
15:47:18.304	-106.7
15:47:18.316	-106.2
15:47:18.324	-103.5
15:47:18.337	-102.8
15:47:18.349	-101.7
15:47:18.357	-100.2
15:47:18.370	-97.9
15:47:18.378	-96.4
15:47:18.390	-96.3
15:47:18.402	-96.2
15:47:18.414	-96.7
15:47:18.423	-94.2
15:47:18.435	-92.9
15:47:18.447	-90.5
15:47:18.455	-88.9
15:47:18.468	-89.0
15:47:18.480	-89.2
15:47:18.492	-88.8
15:47:18.500	-87.5
15:47:18.513	-88.0
15:47:18.525	-86.2
15:47:18.537	-86.2
15:47:18.545	-87.2
15:47:18.558	-88.8
15:47:18.570	-89.3
15:47:18.578	-88.1
15:47:18.590	-84.4
15:47:18.603	-86.1
15:47:18.611	-86.8
15:47:18.623	-83.7
15:47:18.635	-83.2
15:47:18.644	-83.2
15:47:18.656	-83.7
15:47:18.668	-82.5
15:47:18.676	-80.7
15:47:18.689	-78.5
15:47:18.701	-80.3
15:47:18.713	-78.2
15:47:18.722	-75.3
15:47:18.734	-76.2
15:47:18.746	-74.1
15:47:18.754	-72.5
15:47:18.767	-69.7
15:47:18.779	-67.8
15:47:18.787	-67.2
15:47:18.800	-68.0
15:47:18.812	-65.7
15:47:18.824	-63.7
15:47:18.832	-63.1
15:47:18.845	-61.0
15:47:18.857	-59.9
15:47:18.865	-58.8
15:47:18.877	-59.8
15:47:18.890	-59.6
15:47:18.898	-58.2
15:47:18.910	-57.3
15:47:18.922	-56.8
15:47:18.931	-58.4
15:47:18.943	-57.2
15:47:18.955	-55.7
15:47:18.967	-57.2
15:47:18.976	-56.9
15:47:18.988	-53.8
15:47:19.000	-53.1
15:47:19.008	-54.7
15:47:19.021	-53.5
15:47:19.033	-54.5
15:47:19.041	-53.8
15:47:19.053	-53.7
15:47:19.066	-55.2
15:47:19.074	-52.7
15:47:19.086	-51.7
15:47:19.099	-53.6
15:47:19.111	-51.9
15:47:19.119	-48.5
15:47:19.131	-47.5
15:47:19.143	-48.0
15:47:19.152	-44.2
15:47:19.164	-41.3
15:47:19.176	-39.5
15:47:19.184	-36.3
15:47:19.197	-34.4
15:47:19.209	-30.5
15:47:19.221	-28.4
15:47:19.230	-28.3
15:47:19.242	-25.5
15:47:19.254	-20.1
15:47:19.263	-18.4
15:47:19.275	-18.6
15:47:19.287	-16.6
15:47:19.295	-17.6
15:47:19.307	-18.3
15:47:19.320	-19.0
15:47:19.328	-19.2
15:47:19.340	-17.0
15:47:19.353	-16.4
15:47:19.361	-18.1
15:47:19.373	-18.6
15:47:19.385	-14.6
15:47:19.398	-14.3
15:47:19.406	-9.1
15:47:19.418	-7.4
15:47:19.431	-5.9
15:47:19.439	-3.9
15:47:19.451	-0.1
15:47:19.463	1.6
15:47:19.475	9.4
15:47:19.484	17.0
15:47:19.496	18.3
15:47:19.508	23.3
15:47:19.517	24.4
15:47:19.529	30.1
15:47:19.541	35.8
15:47:19.549	45.4
15:47:19.562	54.9
15:47:19.574	65.4
15:47:19.582	73.5
15:47:19.594	80.5
15:47:19.607	91.4
15:47:19.615	101.6
15:47:19.627	109.7
15:47:19.639	117.3
15:47:19.652	127.8
15:47:19.660	131.1
15:47:19.672	130.8
15:47:19.684	132.5
15:47:19.692	133.6
15:47:19.705	134.3
15:47:19.717	133.7
15:47:19.726	134.2
15:47:19.738	136.6
15:47:19.750	139.0
15:47:19.762	140.2
15:47:19.771	142.7
15:47:19.783	146.2
15:47:19.795	148.2
15:47:19.803	149.9
15:47:19.816	151.4
15:47:19.828	153.2
15:47:19.836	154.5
15:47:19.848	156.2
15:47:19.861	157.5
15:47:19.869	158.9
15:47:19.881	159.3
15:47:19.894	160.4
15:47:19.906	162.2
15:47:19.914	163.6
15:47:19.926	164.6
15:47:19.939	164.6
15:47:19.947	166.6
15:47:19.959	168.7
15:47:19.971	171.2
15:47:19.980	171.4
15:47:19.992	173.3
15:47:20.004	175.8
15:47:20.012	177.4
15:47:20.025	180.3
15:47:20.037	184.4
15:47:20.045	188.7
15:47:20.057	191.0
15:47:20.070	194.3
15:47:20.082	195.6
15:47:20.090	197.1
15:47:20.102	198.7
15:47:20.115	199.7
15:47:20.123	199.6
15:47:20.135	198.5
15:47:20.147	197.3
15:47:20.160	196.2
15:47:20.168	194.7
15:47:20.180	192.4
15:47:20.193	189.6
15:47:20.205	187.2
15:47:20.213	186.7
15:47:20.225	186.7
15:47:20.238	186.7
15:47:20.246	186.7
15:47:20.258	186.4
15:47:20.270	187.4
15:47:20.279	187.9
15:47:20.291	188.9
15:47:20.303	189.9
15:47:20.311	193.5
15:47:20.324	194.5
15:47:20.336	203.2
15:47:20.344	214.4
15:47:20.356	224.0
15:47:20.369	235.3
15:47:20.381	244.6
15:47:20.389	254.4
15:47:20.401	262.5
15:47:20.414	268.6
15:47:20.422	275.0
15:47:20.434	283.2
15:47:20.446	283.1
15:47:20.459	280.0
15:47:20.467	273.5
15:47:20.479	264.4
15:47:20.491	256.9
15:47:20.500	255.4
15:47:20.512	253.1
15:47:20.524	258.0
15:47:20.532	263.0
15:47:20.545	266.9
15:47:20.557	270.5
15:47:20.565	276.8
15:47:20.577	287.4
15:47:20.590	296.9
15:47:20.598	306.8
15:47:20.610	309.8
15:47:20.622	312.5
15:47:20.635	312.1
15:47:20.643	311.5
15:47:20.655	309.1
15:47:20.667	306.6
15:47:20.676	303.1
15:47:20.688	298.9
15:47:20.700	296.7
15:47:20.708	292.3
15:47:20.721	289.0
15:47:20.733	287.3
15:47:20.745	285.0
15:47:20.754	279.2
15:47:20.766	277.4
15:47:20.778	273.4
15:47:20.786	269.0
15:47:20.799	265.7
15:47:20.811	262.0
15:47:20.819	258.0
15:47:20.831	253.7
15:47:20.844	249.2
15:47:20.852	245.3
15:47:20.864	240.9
15:47:20.876	233.2
15:47:20.889	226.3
15:47:20.897	219.5
15:47:20.909	209.8
15:47:20.921	200.3
15:47:20.930	194.7
15:47:20.942	188.4
15:47:20.954	181.0
15:47:20.963	174.6
15:47:20.975	168.5
15:47:20.987	163.8
15:47:20.995	159.1
15:47:21.007	154.6
15:47:21.020	153.4
15:47:21.032	150.9
15:47:21.040	147.8
15:47:21.052	144.3
15:47:21.065	143.4
15:47:21.073	140.7
15:47:21.085	140.3
15:47:21.098	137.8
15:47:21.106	136.1
15:47:21.118	135.4
15:47:21.130	131.8
15:47:21.143	129.9
15:47:21.151	126.3
15:47:21.163	126.0
15:47:21.175	121.8
15:47:21.183	120.6
15:47:21.196	118.6
15:47:21.208	117.5
15:47:21.216	116.9
15:47:21.229	115.4
15:47:21.241	117.2
15:47:21.249	119.0
15:47:21.261	120.0
15:47:21.274	117.5
15:47:21.282	119.2
15:47:21.294	116.1
15:47:21.306	113.8
15:47:21.319	111.7
15:47:21.327	108.5
15:47:21.339	104.1
15:47:21.351	98.8
15:47:21.360	91.9
15:47:21.372	87.4
15:47:21.384	84.7
15:47:21.396	80.2
15:47:21.405	81.3
15:47:21.417	78.2
15:47:21.429	77.6
15:47:21.437	75.9
15:47:21.450	73.9
15:47:21.462	74.9
15:47:21.470	75.2
15:47:21.482	76.2
15:47:21.495	77.0
15:47:21.503	79.9
15:47:21.515	79.5
15:47:21.527	83.4
15:47:21.536	83.9
15:47:21.548	86.2
15:47:21.560	88.2
15:47:21.572	89.0
15:47:21.581	92.6
15:47:21.593	93.8
15:47:21.605	94.0
15:47:21.613	92.1
15:47:21.626	92.4
15:47:21.638	88.7
15:47:21.646	87.0
15:47:21.658	88.2
15:47:21.671	90.8
15:47:21.683	89.8
15:47:21.691	86.6
15:47:21.704	85.9
15:47:21.716	86.3
15:47:21.724	87.4
15:47:21.736	85.7
15:47:21.749	85.7
15:47:21.757	86.1
15:47:21.769	83.3
15:47:21.781	82.0
15:47:21.790	78.9
15:47:21.802	79.8
15:47:21.814	77.3
15:47:21.826	78.1
15:47:21.835	76.1
15:47:21.847	75.1
15:47:21.859	73.9
15:47:21.867	69.9
15:47:21.880	71.2
15:47:21.892	67.3
15:47:21.900	68.2
15:47:21.912	66.7
15:47:21.925	66.7
15:47:21.933	63.9
15:47:21.945	62.3
15:47:21.957	61.5
15:47:21.966	61.6
15:47:21.978	62.2
15:47:21.991	60.7
15:47:22.002	60.7
15:47:22.011	57.8
15:47:22.023	56.9
15:47:22.035	57.2
15:47:22.043	57.8
15:47:22.056	58.6
15:47:22.068	54.6
15:47:22.080	54.2
15:47:22.088	55.9
15:47:22.101	52.4
15:47:22.113	51.8
15:47:22.121	54.1
15:47:22.133	53.0
15:47:22.146	51.9
15:47:22.154	48.8
15:47:22.166	45.6
15:47:22.179	47.2
15:47:22.187	45.4
15:47:22.199	43.4
15:47:22.211	43.6
15:47:22.219	43.2
15:47:22.232	40.0
15:47:22.244	40.1
15:47:22.256	38.6
15:47:22.265	39.0
15:47:22.277	39.8
15:47:22.289	40.4
15:47:22.297	39.2
15:47:22.310	39.8
15:47:22.322	39.7
15:47:22.334	38.1
15:47:22.342	40.6
15:47:22.355	41.6
15:47:22.367	44.4
15:47:22.375	42.8
15:47:22.387	43.8
15:47:22.400	44.7
15:47:22.412	47.6
15:47:22.420	46.2
15:47:22.432	45.2
15:47:22.445	46.1
15:47:22.453	44.3
15:47:22.465	44.2
15:47:22.477	41.3
15:47:22.486	42.4
15:47:22.498	40.9
15:47:22.510	38.0
15:47:22.518	35.5
15:47:22.531	34.9
15:47:22.543	34.7
15:47:22.555	35.7
15:47:22.563	36.0
15:47:22.576	36.0
15:47:22.588	35.3
15:47:22.596	34.8
15:47:22.609	36.1
15:47:22.621	35.6
15:47:22.629	36.2
15:47:22.641	37.8
15:47:22.654	38.0
15:47:22.666	40.1
15:47:22.674	40.2
15:47:22.686	39.8
15:47:22.699	41.3
15:47:22.707	41.9
15:47:22.719	42.5
15:47:22.731	44.7
15:47:22.740	45.3
15:47:22.752	44.1
15:47:22.764	46.5
15:47:22.772	44.3
15:47:22.785	46.3
15:47:22.797	46.3
15:47:22.809	48.3
15:47:22.817	51.1
15:47:22.830	51.4
15:47:22.842	52.9
15:47:22.850	54.6
15:47:22.862	58.9
15:47:22.875	60.0
15:47:22.883	58.3
15:47:22.895	53.3
15:47:22.907	51.1
15:47:22.916	45.1
15:47:22.928	38.9
15:47:22.940	36.3
15:47:22.952	33.3
15:47:22.961	31.8
15:47:22.973	28.5
15:47:22.985	27.0
15:47:22.993	28.0
15:47:23.006	29.9
15:47:23.018	29.8
15:47:23.026	33.1
15:47:23.038	35.0
15:47:23.051	32.6
15:47:23.063	34.1
15:47:23.071	31.1
15:47:23.083	31.1
15:47:23.096	28.5
15:47:23.104	29.4
15:47:23.116	29.2
15:47:23.129	30.6
15:47:23.137	32.3
15:47:23.149	32.8
15:47:23.162	35.7
15:47:23.170	34.5
15:47:23.182	37.0
15:47:23.194	37.1
15:47:23.202	39.5
15:47:23.215	40.0
15:47:23.227	43.9
15:47:23.239	49.2
15:47:23.247	53.9
15:47:23.260	60.5
15:47:23.272	66.3
15:47:23.280	71.9
15:47:23.293	71.3
15:47:23.305	70.2
15:47:23.317	66.8
15:47:23.325	65.3
15:47:23.338	61.7
15:47:23.350	51.8
15:47:23.358	42.1
15:47:23.370	31.9
15:47:23.383	20.1
15:47:23.391	7.8
15:47:23.403	-0.5
15:47:23.415	-8.7
15:47:23.424	-13.6
15:47:23.436	-20.8
15:47:23.448	-21.8
15:47:23.456	-21.1
15:47:23.469	-21.8
15:47:23.481	-20.6
15:47:23.493	-19.1
15:47:23.501	-16.3
15:47:23.514	-13.3
15:47:23.526	-8.3
15:47:23.534	-6.2
15:47:23.546	-3.4
15:47:23.559	-6.5
15:47:23.567	-6.2
15:47:23.579	-7.3
15:47:23.591	-11.4
15:47:23.604	-13.8
15:47:23.612	-17.4
15:47:23.624	-18.0
15:47:23.636	-23.3
15:47:23.645	-27.3
15:47:23.657	-31.5
15:47:23.669	-34.3
15:47:23.678	-40.0
15:47:23.690	-46.9
15:47:23.702	-48.7
15:47:23.710	-53.4
15:47:23.723	-54.0
15:47:23.735	-58.1
15:47:23.747	-60.7
15:47:23.755	-63.3
15:47:23.768	-68.6
15:47:23.780	-73.0
15:47:23.788	-77.4
15:47:23.800	-77.9
15:47:23.813	-80.3
15:47:23.821	-83.9
15:47:23.833	-92.6
15:47:23.846	-105.8
15:47:23.854	-120.2
15:47:23.866	-134.1
15:47:23.878	-146.8
15:47:23.886	-161.4
15:47:23.899	-172.7
15:47:23.911	-185.4
15:47:23.923	-198.7
15:47:23.932	-210.0
15:47:23.944	-217.8
15:47:23.956	-220.3
15:47:23.964	-217.9
15:47:23.977	-217.6
15:47:23.989	-215.1
15:47:24.001	-213.4
15:47:24.009	-213.3
15:47:24.021	-213.3
15:47:24.034	-211.8
15:47:24.042	-208.8
15:47:24.054	-208.6
15:47:24.067	-205.2
15:47:24.075	-205.1
15:47:24.087	-201.7
15:47:24.099	-201.2
15:47:24.112	-198.9
15:47:24.120	-197.6
15:47:24.132	-192.5
15:47:24.144	-191.8
15:47:24.153	-192.8
15:47:24.165	-191.3
15:47:24.177	-192.4
15:47:24.185	-190.4
15:47:24.198	-191.9
15:47:24.210	-191.5
15:47:24.222	-192.0
15:47:24.230	-193.0
15:47:24.243	-198.1
15:47:24.255	-200.5
15:47:24.263	-200.6
15:47:24.276	-202.1
15:47:24.288	-202.3
15:47:24.300	-205.9
15:47:24.308	-208.1
15:47:24.320	-209.1
15:47:24.333	-211.4
15:47:24.341	-210.8
15:47:24.353	-211.8
15:47:24.365	-211.8
15:47:24.374	-209.8
15:47:24.386	-207.3
15:47:24.398	-207.8
15:47:24.406	-207.8
15:47:24.419	-205.4
15:47:24.431	-205.2
15:47:24.439	-202.4
15:47:24.451	-202.0
15:47:24.464	-199.5
15:47:24.476	-197.6
15:47:24.484	-197.1
15:47:24.496	-197.2
15:47:24.509	-194.0
15:47:24.517	-190.2
15:47:24.529	-188.5
15:47:24.541	-185.7
15:47:24.550	-182.8
15:47:24.562	-179.1
15:47:24.574	-174.9
15:47:24.587	-171.1
15:47:24.595	-168.7
15:47:24.607	-165.3
15:47:24.619	-163.8
15:47:24.628	-162.1
15:47:24.640	-158.7
15:47:24.652	-155.0
15:47:24.660	-153.5
15:47:24.673	-150.4
15:47:24.685	-147.4
15:47:24.693	-144.1
15:47:24.705	-141.3
15:47:24.718	-138.1
15:47:24.730	-134.8
15:47:24.738	-130.3
15:47:24.750	-129.7
15:47:24.763	-126.6
15:47:24.771	-122.7
15:47:24.783	-119.2
15:47:24.795	-114.9
15:47:24.804	-108.7
15:47:24.816	-101.5
15:47:24.828	-93.8
15:47:24.836	-87.4
15:47:24.849	-82.5
15:47:24.861	-72.2
15:47:24.873	-64.7
15:47:24.881	-58.5
15:47:24.894	-52.0
15:47:24.906	-45.1
15:47:24.914	-42.2
15:47:24.927	-38.5
15:47:24.940	-37.1
15:47:24.948	-32.1
15:47:24.960	-22.8
15:47:24.972	-16.0
15:47:24.984	-8.1
15:47:24.992	0.5
15:47:25.005	10.3
15:47:25.017	17.7
15:47:25.025	27.1
15:47:25.037	35.7
15:47:25.050	44.6
15:47:25.058	51.1
15:47:25.070	53.8
15:47:25.082	56.7
15:47:25.091	60.7
15:47:25.103	64.9
15:47:25.115	64.2
15:47:25.124	66.8
15:47:25.136	86.3
15:47:25.148	106.4
15:47:25.160	126.5
15:47:25.168	150.7
15:47:25.181	177.8
15:47:25.193	208.5
15:47:25.201	238.2
15:47:25.214	271.4
15:47:25.226	309.2
15:47:25.238	345.8
15:47:25.246	369.8
15:47:25.259	395.3
15:47:25.271	421.9
15:47:25.279	447.9
15:47:25.291	469.4
15:47:25.304	486.7
15:47:25.312	504.7
15:47:25.324	521.8
15:47:25.336	533.3
15:47:25.345	546.2
15:47:25.357	555.9
15:47:25.369	568.7
15:47:25.377	581.7
15:47:25.390	595.4
15:47:25.402	609.3
15:47:25.414	625.4
15:47:25.422	638.5
15:47:25.435	649.9
15:47:25.447	663.5
15:47:25.455	673.8
15:47:25.467	681.6
15:47:25.480	684.4
15:47:25.488	683.9
15:47:25.500	678.9
15:47:25.513	671.5
15:47:25.525	665.3
15:47:25.533	656.9
15:47:25.545	649.7
15:47:25.558	640.1
15:47:25.566	632.9
15:47:25.578	623.1
15:47:25.590	613.0
15:47:25.599	605.8
15:47:25.611	598.1
15:47:25.623	595.1
15:47:25.631	585.5
15:47:25.644	580.8
15:47:25.656	573.0
15:47:25.668	566.3
15:47:25.676	559.2
15:47:25.689	554.9
15:47:25.701	558.1
15:47:25.709	567.1
15:47:25.721	584.8
15:47:25.734	603.4
15:47:25.742	627.6
15:47:25.754	648.7
15:47:25.766	673.1
15:47:25.775	696.8
15:47:25.787	719.8
15:47:25.799	747.3
15:47:25.807	774.0
15:47:25.820	826.6
15:47:25.832	891.7
15:47:25.844	1000.3
15:47:25.856	1143.3
15:47:25.865	1304.2
15:47:25.877	1463.2
15:47:25.889	1624.9
15:47:25.898	1785.9
15:47:25.910	1943.1
15:47:25.922	2093.5
15:47:25.930	2212.1
15:47:25.943	2310.5
15:47:25.955	2363.2
15:47:25.967	2379.7
15:47:25.975	2379.7
15:47:25.988	2379.7
15:47:26.000	2379.7
15:47:26.008	2379.7
15:47:26.020	2379.7
15:47:26.033	2379.7
15:47:26.041	2379.7
15:47:26.053	2379.9
15:47:26.065	2380.0
15:47:26.074	2380.0
15:47:26.086	2380.0
15:47:26.098	2380.0
15:47:26.106	2380.0
15:47:26.119	2380.1
15:47:26.131	2379.5
15:47:26.143	2375.8
15:47:26.151	2367.5
15:47:26.164	2356.6
15:47:26.176	2343.0
15:47:26.184	2326.8
15:47:26.196	2303.2
15:47:26.209	2268.2
15:47:26.221	2218.5
15:47:26.229	2162.7
15:47:26.242	2091.1
15:47:26.254	2009.4
15:47:26.262	1918.6
15:47:26.274	1818.4
15:47:26.286	1708.8
15:47:26.295	1593.5
15:47:26.307	1472.0
15:47:26.319	1348.1
15:47:26.328	1216.1
15:47:26.340	1073.4
15:47:26.352	930.6
15:47:26.360	790.7
15:47:26.372	655.4
15:47:26.385	524.9
15:47:26.397	402.0
15:47:26.405	286.6
15:47:26.418	180.3
15:47:26.430	77.0
15:47:26.438	-17.1
15:47:26.450	-105.7
15:47:26.463	-185.5
15:47:26.471	-263.3
15:47:26.483	-344.7
15:47:26.495	-426.6
15:47:26.508	-511.3
15:47:26.516	-604.8
15:47:26.528	-698.9
15:47:26.540	-785.1
15:47:26.549	-860.5
15:47:26.561	-923.9
15:47:26.573	-979.1
15:47:26.581	-1027.0
15:47:26.594	-1059.2
15:47:26.606	-1082.5
15:47:26.614	-1098.5
15:47:26.626	-1102.8
15:47:26.639	-1098.7
15:47:26.651	-1091.1
15:47:26.659	-1078.3
15:47:26.671	-1063.3
15:47:26.684	-1044.7
15:47:26.692	-1021.3
15:47:26.704	-997.5
15:47:26.716	-969.8
15:47:26.725	-941.6
15:47:26.737	-914.1
15:47:26.749	-888.1
15:47:26.757	-859.7
15:47:26.770	-834.1
15:47:26.782	-808.2
15:47:26.794	-785.9
15:47:26.802	-764.4
15:47:26.815	-745.5
15:47:26.827	-731.1
15:47:26.835	-717.8
15:47:26.847	-703.1
15:47:26.860	-692.2
15:47:26.868	-684.5
15:47:26.880	-675.0
15:47:26.893	-668.4
15:47:26.905	-659.8
15:47:26.913	-653.8
15:47:26.925	-647.4
15:47:26.938	-642.2
15:47:26.946	-636.1
15:47:26.958	-631.9
15:47:26.970	-624.3
15:47:26.979	-615.4
15:47:26.991	-608.2
15:47:27.003	-601.3
15:47:27.011	-595.5
15:47:27.024	-588.3
15:47:27.036	-581.9
15:47:27.044	-572.3
15:47:27.056	-564.2
15:47:27.069	-557.4
15:47:27.081	-550.1
15:47:27.089	-544.6
15:47:27.101	-536.5
15:47:27.114	-530.1
15:47:27.122	-525.2
15:47:27.134	-518.2
15:47:27.146	-512.1
15:47:27.159	-509.8
15:47:27.167	-505.8
15:47:27.179	-498.5
15:47:27.191	-492.3
15:47:27.200	-485.3
15:47:27.212	-482.2
15:47:27.224	-475.0
15:47:27.232	-469.4
15:47:27.245	-465.0
15:47:27.257	-459.8
15:47:27.265	-453.3
15:47:27.277	-449.2
15:47:27.290	-443.9
15:47:27.298	-439.0
15:47:27.310	-435.3
15:47:27.322	-428.3
15:47:27.335	-422.5
15:47:27.343	-414.8
15:47:27.355	-409.5
15:47:27.368	-402.0
15:47:27.376	-395.6
15:47:27.388	-388.1
15:47:27.400	-383.8
15:47:27.409	-378.7
15:47:27.421	-371.3
15:47:27.433	-365.8
15:47:27.446	-358.9
15:47:27.454	-352.3
15:47:27.466	-344.2
15:47:27.478	-340.4
15:47:27.487	-333.2
15:47:27.499	-325.9
15:47:27.511	-316.0
15:47:27.519	-307.2
15:47:27.532	-300.1
15:47:27.544	-293.2
15:47:27.552	-288.2
15:47:27.564	-281.3
15:47:27.577	-277.2
15:47:27.589	-271.2
15:47:27.597	-268.5
15:47:27.609	-265.0
15:47:27.622	-262.0
15:47:27.630	-259.2
15:47:27.642	-256.4
15:47:27.654	-253.5
15:47:27.663	-248.7
15:47:27.675	-244.2
15:47:27.687	-237.0
15:47:27.695	-234.4
15:47:27.708	-230.4
15:47:27.720	-227.1
15:47:27.728	-224.8
15:47:27.740	-223.1
15:47:27.753	-222.4
15:47:27.765	-218.3
15:47:27.773	-217.6
15:47:27.785	-218.6
15:47:27.798	-220.8
15:47:27.806	-219.7
15:47:27.818	-213.8
15:47:27.830	-211.1
15:47:27.843	-209.7
15:47:27.851	-207.5
15:47:27.863	-203.3
15:47:27.876	-202.4
15:47:27.884	-199.1
15:47:27.896	-195.5
15:47:27.909	-193.1
15:47:27.917	-188.8
15:47:27.929	-189.7
15:47:27.941	-186.7
15:47:27.949	-186.6
15:47:27.962	-183.2
15:47:27.974	-181.2
15:47:27.982	-177.6
15:47:27.995	-176.8
15:47:28.007	-173.5
15:47:28.019	-172.6
15:47:28.027	-168.3
15:47:28.040	-166.4
15:47:28.052	-164.7
15:47:28.064	-160.3
15:47:28.072	-159.9
15:47:28.085	-157.9
15:47:28.097	-158.8
15:47:28.105	-156.9
15:47:28.117	-156.9
15:47:28.130	-155.2
15:47:28.142	-158.8
15:47:28.150	-159.6
15:47:28.162	-157.6
15:47:28.175	-156.3
15:47:28.183	-153.3
15:47:28.195	-152.0
15:47:28.207	-148.0
15:47:28.216	-146.8
15:47:28.228	-145.3
15:47:28.240	-142.6
15:47:28.248	-138.7
15:47:28.261	-135.6
15:47:28.273	-135.3
15:47:28.281	-133.5
15:47:28.293	-132.5
15:47:28.306	-129.4
15:47:28.318	-128.3
15:47:28.326	-124.7
15:47:28.339	-123.6
15:47:28.351	-121.7
15:47:28.359	-119.1
15:47:28.371	-115.8
15:47:28.384	-112.6
15:47:28.392	-110.4
15:47:28.404	-105.1
15:47:28.416	-100.6
15:47:28.429	-98.5
15:47:28.437	-95.9
15:47:28.449	-93.6
15:47:28.461	-91.0
15:47:28.470	-89.3
15:47:28.482	-88.9
15:47:28.494	-88.6
15:47:28.502	-85.8
15:47:28.515	-85.6
15:47:28.527	-85.1
15:47:28.535	-83.8
15:47:28.547	-83.4
15:47:28.560	-81.5
15:47:28.572	-82.6
15:47:28.580	-79.7
15:47:28.592	-77.6
15:47:28.605	-75.3
15:47:28.613	-76.6
15:47:28.625	-77.2
15:47:28.637	-78.2
15:47:28.646	-75.7
15:47:28.658	-75.4
15:47:28.670	-77.0
15:47:28.678	-76.1
15:47:28.691	-77.4
15:47:28.703	-77.0
15:47:28.715	-76.0
15:47:28.723	-72.0
15:47:28.736	-70.2
15:47:28.748	-68.4
15:47:28.756	-69.2
15:47:28.769	-66.6
15:47:28.781	-60.1
15:47:28.789	-53.1
15:47:28.801	-45.9
15:47:28.814	-35.5
15:47:28.826	-23.3
15:47:28.834	-15.1
15:47:28.846	-2.5
15:47:28.859	8.9
15:47:28.867	23.4
15:47:28.879	37.1
15:47:28.892	50.8
15:47:28.900	62.6
15:47:28.912	74.7
15:47:28.924	84.7
15:47:28.933	91.2
15:47:28.945	102.6
15:47:28.957	109.8
15:47:28.965	117.9
15:47:28.978	126.4
15:47:28.990	132.9
15:47:29.002	139.3
15:47:29.010	153.8
15:47:29.023	175.0
15:47:29.035	199.2
15:47:29.043	227.8
15:47:29.055	253.8
15:47:29.068	278.2
15:47:29.080	304.8
15:47:29.088	328.8
15:47:29.100	353.8
15:47:29.113	377.7
15:47:29.121	394.7
15:47:29.133	403.2
15:47:29.145	407.8
15:47:29.154	411.9
15:47:29.166	415.4
15:47:29.178	420.4
15:47:29.186	420.5
15:47:29.199	422.7
15:47:29.211	422.9
15:47:29.219	421.8
15:47:29.231	420.4
15:47:29.244	420.1
15:47:29.256	418.2
15:47:29.264	414.5
15:47:29.277	410.9
15:47:29.289	407.3
15:47:29.297	409.5
15:47:29.309	412.7
15:47:29.322	414.2
15:47:29.330	419.6
15:47:29.342	423.3
15:47:29.354	428.5
15:47:29.367	436.2
15:47:29.375	444.5
15:47:29.387	454.1
15:47:29.399	463.1
15:47:29.408	468.2
15:47:29.420	470.6
15:47:29.432	477.6
15:47:29.440	482.1
15:47:29.453	492.7
15:47:29.465	503.0
15:47:29.473	512.3
15:47:29.485	523.6
15:47:29.498	532.0
15:47:29.510	542.0
15:47:29.518	552.7
15:47:29.530	560.3
15:47:29.543	567.7
15:47:29.551	571.7
15:47:29.563	570.4
15:47:29.576	564.5
15:47:29.584	560.5
15:47:29.596	551.4
15:47:29.608	541.5
15:47:29.617	529.9
15:47:29.629	518.6
15:47:29.641	512.0
15:47:29.649	499.8
15:47:29.662	491.5
15:47:29.674	481.8
15:47:29.686	473.8
15:47:29.694	463.4
15:47:29.707	450.9
15:47:29.719	438.3
15:47:29.727	427.0
15:47:29.739	412.5
15:47:29.752	395.9
15:47:29.764	384.0
15:47:29.772	371.6
15:47:29.784	360.9
15:47:29.797	348.2
15:47:29.805	337.4
15:47:29.817	327.6
15:47:29.829	318.5
15:47:29.838	310.5
15:47:29.850	302.1
15:47:29.862	296.6
15:47:29.870	285.5
15:47:29.883	276.1
15:47:29.895	265.5
15:47:29.903	256.4
15:47:29.916	242.5
15:47:29.928	228.8
15:47:29.940	218.2
15:47:29.948	202.3
15:47:29.961	191.6
15:47:29.973	175.6
15:47:29.985	161.1
15:47:29.993	143.3
15:47:30.006	129.2
15:47:30.018	112.7
15:47:30.026	98.6
15:47:30.038	85.9
15:47:30.051	70.8
15:47:30.059	57.6
15:47:30.071	44.0
15:47:30.084	31.8
15:47:30.092	22.6
15:47:30.104	14.3
15:47:30.116	3.1
15:47:30.124	-5.0
15:47:30.137	-14.6
15:47:30.149	-21.6
15:47:30.157	-30.0
15:47:30.170	-36.5
15:47:30.182	-44.5
15:47:30.194	-51.4
15:47:30.202	-59.5
15:47:30.215	-66.0
15:47:30.227	-70.4
15:47:30.239	-77.0
15:47:30.247	-81.9
15:47:30.260	-87.9
15:47:30.272	-90.2
15:47:30.280	-92.8
15:47:30.293	-97.2
15:47:30.305	-99.7
15:47:30.313	-102.1
15:47:30.325	-104.9
15:47:30.338	-111.1
15:47:30.350	-116.7
15:47:30.358	-119.4
15:47:30.370	-124.6
15:47:30.383	-131.4
15:47:30.391	-140.0
15:47:30.403	-146.2
15:47:30.416	-156.5
15:47:30.424	-165.4
15:47:30.436	-175.2
15:47:30.448	-182.3
15:47:30.456	-191.0
15:47:30.469	-202.3
15:47:30.481	-212.8
15:47:30.493	-222.7
15:47:30.502	-233.0
15:47:30.514	-245.1
15:47:30.526	-253.3
15:47:30.534	-263.5
15:47:30.547	-275.0
15:47:30.559	-288.5
15:47:30.567	-315.0
15:47:30.579	-348.6
15:47:30.592	-380.2
15:47:30.600	-413.3
15:47:30.612	-443.1
15:47:30.624	-470.8
15:47:30.637	-499.4
15:47:30.645	-526.4
15:47:30.657	-552.9
15:47:30.669	-576.8
15:47:30.678	-588.7
15:47:30.690	-595.7
15:47:30.702	-606.2
15:47:30.710	-615.2
15:47:30.723	-628.5
15:47:30.735	-639.9
15:47:30.747	-650.1
15:47:30.755	-661.5
15:47:30.768	-671.4
15:47:30.780	-681.0
15:47:30.788	-688.2
15:47:30.800	-692.7
15:47:30.813	-694.5
15:47:30.821	-696.4
15:47:30.833	-694.2
15:47:30.845	-693.7
15:47:30.854	-695.5
15:47:30.866	-694.3
15:47:30.878	-694.8
15:47:30.886	-697.0
15:47:30.899	-697.8
15:47:30.911	-699.3
15:47:30.923	-699.1
15:47:30.932	-699.4
15:47:30.944	-698.8
15:47:30.956	-700.5
15:47:30.964	-699.9
15:47:30.977	-700.5
15:47:30.989	-699.3
15:47:31.001	-700.5
15:47:31.009	-702.1
15:47:31.022	-701.6
15:47:31.034	-702.7
15:47:31.042	-704.2
15:47:31.054	-706.3
15:47:31.067	-707.5
15:47:31.075	-710.4
15:47:31.087	-710.5
15:47:31.099	-711.5
15:47:31.108	-708.9
15:47:31.120	-706.4
15:47:31.132	-703.7
15:47:31.140	-698.0
15:47:31.153	-692.5
15:47:31.165	-685.7
15:47:31.177	-678.1
15:47:31.185	-667.9
15:47:31.198	-661.5
15:47:31.210	-652.8
15:47:31.218	-643.6
15:47:31.230	-634.2
15:47:31.243	-625.2
15:47:31.251	-619.3
15:47:31.263	-610.4
15:47:31.275	-603.2
15:47:31.288	-595.7
15:47:31.296	-588.7
15:47:31.308	-578.3
15:47:31.320	-571.3
15:47:31.329	-566.1
15:47:31.341	-558.2
15:47:31.353	-552.2
15:47:31.361	-545.5
15:47:31.374	-539.2
15:47:31.386	-531.7
15:47:31.394	-523.6
15:47:31.406	-518.8
15:47:31.419	-516.5
15:47:31.431	-512.3
15:47:31.439	-505.1
15:47:31.452	-496.3
15:47:31.464	-487.6
15:47:31.472	-479.7
15:47:31.484	-471.1
15:47:31.497	-464.4
15:47:31.505	-458.6
15:47:31.517	-454.0
15:47:31.529	-448.1
15:47:31.538	-441.3
15:47:31.550	-437.0
15:47:31.562	-436.2
15:47:31.570	-433.1
15:47:31.583	-428.2
15:47:31.595	-426.5
15:47:31.607	-422.7
15:47:31.615	-418.1
15:47:31.628	-410.8
15:47:31.640	-404.3
15:47:31.648	-397.8
15:47:31.660	-389.1
15:47:31.673	-381.1
15:47:31.685	-375.0
15:47:31.693	-372.1
15:47:31.705	-365.2
15:47:31.718	-359.6
15:47:31.726	-355.8
15:47:31.738	-353.2
15:47:31.750	-348.1
15:47:31.759	-344.9
15:47:31.771	-342.6
15:47:31.783	-338.9
15:47:31.791	-334.8
15:47:31.804	-327.3
15:47:31.816	-322.4
15:47:31.824	-313.7
15:47:31.836	-306.3
15:47:31.849	-297.9
15:47:31.861	-290.8
15:47:31.869	-284.6
15:47:31.881	-279.6
15:47:31.894	-272.5
15:47:31.902	-265.1
15:47:31.914	-258.6
15:47:31.927	-252.6
15:47:31.939	-250.1
15:47:31.947	-243.1
15:47:31.959	-235.9
15:47:31.972	-228.2
15:47:31.984	-217.2
15:47:31.992	-198.2
15:47:32.004	-178.9
15:47:32.017	-158.0
15:47:32.025	-137.7
15:47:32.037	-114.7
15:47:32.045	-96.0
15:47:32.058	-76.5
15:47:32.070	-60.2
15:47:32.078	-44.1
15:47:32.090	-30.3
15:47:32.103	-23.6
15:47:32.115	-20.0
15:47:32.123	-18.9
15:47:32.135	-17.4
15:47:32.148	-14.5
15:47:32.156	-9.8
15:47:32.168	-8.7
15:47:32.181	-4.8
15:47:32.189	-3.9
15:47:32.201	-0.5
15:47:32.213	2.1
15:47:32.221	6.2
15:47:32.234	9.4
15:47:32.246	13.0
15:47:32.258	11.7
15:47:32.271	14.3
15:47:32.279	15.1
15:47:32.291	16.3
15:47:32.303	20.7
15:47:32.312	22.1
15:47:32.324	23.0
15:47:32.336	21.9
15:47:32.344	27.3
15:47:32.357	26.8
15:47:32.369	27.0
15:47:32.377	26.5
15:47:32.389	28.2
15:47:32.402	31.3
15:47:32.414	33.4
15:47:32.422	35.5
15:47:32.435	37.9
15:47:32.447	41.1
15:47:32.455	39.4
15:47:32.468	40.1
15:47:32.480	42.7
15:47:32.488	44.6
15:47:32.500	45.5
15:47:32.513	45.5
15:47:32.521	45.6
15:47:32.533	44.2
15:47:32.545	45.4
15:47:32.558	47.1
15:47:32.566	49.2
15:47:32.578	53.8
15:47:32.590	56.9
15:47:32.599	58.6
15:47:32.611	61.3
15:47:32.623	65.2
15:47:32.631	69.6
15:47:32.644	77.5
15:47:32.656	88.5
15:47:32.668	99.0
15:47:32.676	110.7
15:47:32.689	124.0
15:47:32.701	137.6
15:47:32.709	152.0
15:47:32.721	168.3
15:47:32.734	182.2
15:47:32.742	193.8
15:47:32.754	204.0
15:47:32.766	211.2
15:47:32.775	216.2
15:47:32.787	220.5
15:47:32.799	222.1
15:47:32.807	221.7
15:47:32.820	223.5
15:47:32.832	222.2
15:47:32.844	222.7
15:47:32.852	225.6
15:47:32.865	235.6
15:47:32.877	258.4
15:47:32.885	289.2
15:47:32.897	319.3
15:47:32.910	351.2
15:47:32.922	381.7
15:47:32.930	410.2
15:47:32.943	438.7
15:47:32.955	465.5
15:47:32.963	490.6
15:47:32.975	509.0
15:47:32.988	514.5
15:47:32.996	510.3
15:47:33.008	507.9
15:47:33.020	503.2
15:47:33.029	500.8
15:47:33.041	497.6
15:47:33.053	495.2
15:47:33.061	495.8
15:47:33.074	494.4
15:47:33.086	495.3
15:47:33.098	492.8
15:47:33.106	493.2
15:47:33.119	491.5
15:47:33.131	491.9
15:47:33.139	492.8
15:47:33.151	491.6
15:47:33.164	493.1
15:47:33.172	491.1
15:47:33.184	492.6
15:47:33.196	493.6
15:47:33.209	500.0
15:47:33.217	505.5
15:47:33.229	509.0
15:47:33.241	512.0
15:47:33.250	515.7
15:47:33.262	521.7
15:47:33.274	525.4
15:47:33.282	527.2
15:47:33.295	531.0
15:47:33.307	532.1
15:47:33.315	528.7
15:47:33.328	527.0
15:47:33.340	527.9
15:47:33.352	528.2
15:47:33.360	528.3
15:47:33.373	530.8
15:47:33.385	534.4
15:47:33.393	539.7
15:47:33.405	544.6
15:47:33.418	549.6
15:47:33.426	556.5
15:47:33.438	561.8
15:47:33.451	566.4
15:47:33.459	570.6
15:47:33.471	573.0
15:47:33.483	576.6
15:47:33.491	576.0
15:47:33.504	579.2
15:47:33.516	579.1
15:47:33.529	579.3
15:47:33.537	575.9
15:47:33.549	574.8
15:47:33.561	573.9
15:47:33.569	572.4
15:47:33.582	572.9
15:47:33.594	568.6
15:47:33.606	572.6
15:47:33.614	572.8
15:47:33.627	578.1
15:47:33.639	580.2
15:47:33.647	584.3
15:47:33.659	585.5
15:47:33.672	589.4
15:47:33.680	591.2
15:47:33.693	592.9
15:47:33.704	594.7
15:47:33.713	590.6
15:47:33.725	590.4
15:47:33.737	582.8
15:47:33.745	580.4
15:47:33.758	573.7
15:47:33.770	569.4
15:47:33.782	560.8
15:47:33.790	555.5
15:47:33.803	550.5
15:47:33.815	545.9
15:47:33.823	542.5
15:47:33.835	537.9
15:47:33.848	533.9
15:47:33.860	528.6
15:47:33.868	523.2
15:47:33.880	516.2
15:47:33.893	511.1
15:47:33.905	503.8
15:47:33.913	498.0
15:47:33.926	492.1
15:47:33.938	485.7
15:47:33.946	477.2
15:47:33.958	469.7
15:47:33.971	457.6
15:47:33.979	445.4
15:47:33.991	433.2
15:47:34.003	418.2
15:47:34.012	406.1
15:47:34.024	385.9
15:47:34.036	366.3
15:47:34.044	345.8
15:47:34.057	325.4
15:47:34.069	303.1
15:47:34.081	283.5
15:47:34.089	266.8
15:47:34.102	249.5
15:47:34.114	231.7
15:47:34.122	212.7
15:47:34.134	195.9
15:47:34.147	179.3
15:47:34.155	162.6
15:47:34.167	147.7
15:47:34.179	132.2
15:47:34.192	118.9
15:47:34.200	106.0
15:47:34.212	93.1
15:47:34.224	82.1
15:47:34.233	72.1
15:47:34.245	67.8
15:47:34.257	57.1
15:47:34.265	51.6
15:47:34.278	41.3
15:47:34.290	31.5
15:47:34.298	21.2
15:47:34.310	10.8
15:47:34.323	2.8
15:47:34.331	-6.2
15:47:34.343	-16.5
15:47:34.356	-30.6
15:47:34.368	-34.2
15:47:34.376	-45.4
15:47:34.388	-53.5
15:47:34.400	-59.8
15:47:34.409	-67.0
15:47:34.421	-75.0
15:47:34.433	-84.6
15:47:34.441	-94.7
15:47:34.454	-104.8
15:47:34.466	-111.5
15:47:34.478	-125.2
15:47:34.487	-137.0
15:47:34.499	-148.0
15:47:34.511	-157.3
15:47:34.519	-169.6
15:47:34.532	-179.6
15:47:34.544	-195.5
15:47:34.552	-220.0
15:47:34.564	-250.0
15:47:34.577	-282.3
15:47:34.589	-310.2
15:47:34.597	-338.6
15:47:34.609	-368.5
15:47:34.622	-402.0
15:47:34.630	-435.6
15:47:34.642	-468.1
15:47:34.654	-498.8
15:47:34.663	-517.8
15:47:34.675	-530.2
15:47:34.687	-540.6
15:47:34.695	-553.7
15:47:34.708	-563.0
15:47:34.720	-574.7
15:47:34.728	-581.2
15:47:34.740	-583.5
15:47:34.753	-586.1
15:47:34.765	-582.8
15:47:34.773	-579.6
15:47:34.786	-575.2
15:47:34.798	-574.5
15:47:34.806	-570.0
15:47:34.818	-567.6
15:47:34.830	-559.8
15:47:34.843	-555.4
15:47:34.851	-552.9
15:47:34.863	-552.3
15:47:34.875	-553.1
15:47:34.884	-551.1
15:47:34.896	-549.3
15:47:34.908	-547.4
15:47:34.916	-545.5
15:47:34.929	-545.3
15:47:34.941	-545.7
15:47:34.949	-547.1
15:47:34.962	-545.9
15:47:34.974	-548.1
15:47:34.982	-546.5
15:47:34.994	-547.4
15:47:35.007	-548.7
15:47:35.019	-548.8
15:47:35.027	-549.7
15:47:35.040	-549.4
15:47:35.052	-550.2
15:47:35.060	-546.1
15:47:35.072	-541.7
15:47:35.084	-534.5
15:47:35.093	-530.0
15:47:35.105	-524.3
15:47:35.117	-519.3
15:47:35.130	-513.9
15:47:35.138	-508.2
15:47:35.150	-500.8
15:47:35.162	-494.8
15:47:35.171	-490.6
15:47:35.183	-488.1
15:47:35.195	-483.3
15:47:35.203	-476.1
15:47:35.216	-473.2
15:47:35.228	-469.1
15:47:35.236	-463.6
15:47:35.248	-459.5
15:47:35.261	-456.4
15:47:35.273	-450.7
15:47:35.281	-447.1
15:47:35.293	-442.1
15:47:35.306	-436.5
15:47:35.314	-433.4
15:47:35.326	-426.7
15:47:35.338	-421.6
15:47:35.347	-416.5
15:47:35.359	-411.6
15:47:35.371	-407.4
15:47:35.379	-402.8
15:47:35.392	-397.4
15:47:35.404	-390.9
15:47:35.412	-386.6
15:47:35.425	-381.4
15:47:35.437	-378.3
15:47:35.449	-373.8
15:47:35.457	-370.2
15:47:35.469	-363.7
15:47:35.482	-357.2
15:47:35.490	-350.4
15:47:35.502	-345.1
15:47:35.514	-343.5
15:47:35.527	-337.4
15:47:35.535	-333.5
15:47:35.547	-329.6
15:47:35.560	-325.8
15:47:35.568	-318.6
15:47:35.580	-317.5
15:47:35.593	-312.8
15:47:35.601	-309.9
15:47:35.613	-305.6
15:47:35.625	-298.9
15:47:35.634	-295.4
15:47:35.646	-286.9
15:47:35.658	-282.8
15:47:35.666	-278.6
15:47:35.679	-277.8
15:47:35.691	-272.8
15:47:35.703	-269.9
15:47:35.711	-269.0
15:47:35.724	-263.8
15:47:35.736	-259.0
15:47:35.744	-256.0
15:47:35.756	-256.5
15:47:35.769	-251.2
15:47:35.781	-247.6
15:47:35.789	-242.6
15:47:35.801	-239.7
15:47:35.814	-234.4
15:47:35.822	-229.5
15:47:35.834	-227.7
15:47:35.847	-225.3
15:47:35.859	-221.0
15:47:35.867	-215.9
15:47:35.879	-212.6
15:47:35.892	-209.9
15:47:35.900	-203.6
15:47:35.912	-198.5
15:47:35.924	-193.6
15:47:35.933	-188.0
15:47:35.945	-182.8
15:47:35.957	-177.3
15:47:35.965	-170.3
15:47:35.978	-165.3
15:47:35.990	-159.1
15:47:36.002	-151.3
15:47:36.010	-147.3
15:47:36.023	-141.5
15:47:36.035	-139.0
15:47:36.043	-133.3
15:47:36.055	-129.0
15:47:36.068	-123.9
15:47:36.076	-122.0
15:47:36.088	-121.1
15:47:36.100	-119.5
15:47:36.113	-117.3
15:47:36.121	-116.5
15:47:36.133	-115.6
15:47:36.145	-112.8
15:47:36.154	-112.9
15:47:36.166	-109.5
15:47:36.178	-108.1
15:47:36.186	-106.7
15:47:36.199	-103.0
15:47:36.211	-103.5
15:47:36.219	-100.9
15:47:36.231	-100.2
15:47:36.244	-97.5
15:47:36.256	-97.2
15:47:36.264	-94.1
15:47:36.276	-93.5
15:47:36.289	-93.1
15:47:36.297	-93.2
15:47:36.309	-93.7
15:47:36.321	-90.7
15:47:36.330	-90.7
15:47:36.342	-87.1
15:47:36.354	-86.9
15:47:36.363	-84.4
15:47:36.375	-84.4
15:47:36.387	-83.8
15:47:36.399	-83.0
15:47:36.408	-80.6
15:47:36.420	-77.8
15:47:36.432	-73.2
15:47:36.440	-71.9
15:47:36.453	-71.4
15:47:36.465	-69.1
15:47:36.473	-70.3
15:47:36.485	-68.9
15:47:36.498	-67.7
15:47:36.510	-65.0
15:47:36.518	-64.6
15:47:36.530	-63.2
15:47:36.543	-63.6
15:47:36.551	-62.6
15:47:36.563	-60.8
15:47:36.576	-59.9
15:47:36.584	-56.1
15:47:36.596	-53.4
15:47:36.608	-48.4
15:47:36.617	-48.0
15:47:36.629	-46.8
15:47:36.641	-45.0
15:47:36.649	-42.5
15:47:36.662	-42.2
15:47:36.674	-41.2
15:47:36.686	-39.8
15:47:36.695	-38.8
15:47:36.707	-39.9
15:47:36.719	-41.3
15:47:36.727	-40.9
15:47:36.739	-36.3
15:47:36.752	-37.9
15:47:36.764	-38.6
15:47:36.772	-37.3
15:47:36.785	-38.4
15:47:36.797	-39.5
15:47:36.805	-39.8
15:47:36.817	-39.5
15:47:36.829	-38.8
15:47:36.837	-39.0
15:47:36.849	-42.4
15:47:36.861	-41.5
15:47:36.870	-41.8
15:47:36.882	-41.7
15:47:36.894	-39.1
15:47:36.902	-38.0
15:47:36.915	-37.4
15:47:36.927	-32.5
15:47:36.939	-31.2
15:47:36.948	-27.3
15:47:36.961	-23.1
15:47:36.973	-16.8
15:47:36.981	-9.9
15:47:36.993	-1.3
15:47:37.006	5.7
15:47:37.014	14.7
15:47:37.026	25.7
15:47:37.038	33.1
15:47:37.051	42.6
15:47:37.059	55.8
15:47:37.071	71.8
15:47:37.084	88.1
15:47:37.092	104.8
15:47:37.104	123.3
15:47:37.116	138.7
15:47:37.124	156.4
15:47:37.137	170.3
15:47:37.149	185.8
15:47:37.156	201.1
15:47:37.169	213.2
15:47:37.181	222.8
15:47:37.193	228.6
15:47:37.201	233.0
15:47:37.214	234.9
15:47:37.226	242.0
15:47:37.234	247.6
15:47:37.246	257.4
15:47:37.259	263.4
15:47:37.267	270.2
15:47:37.279	275.8
15:47:37.291	283.0
15:47:37.300	290.2
15:47:37.312	297.6
15:47:37.324	304.6
15:47:37.332	310.0
15:47:37.345	314.8
15:47:37.357	317.2
15:47:37.369	324.3
15:47:37.377	331.5
15:47:37.390	339.0
15:47:37.402	345.7
15:47:37.410	356.2
15:47:37.423	363.3
15:47:37.435	370.7
15:47:37.447	379.6
15:47:37.455	385.7
15:47:37.469	394.0
15:47:37.481	397.3
15:47:37.489	399.6
15:47:37.501	404.8
15:47:37.514	409.2
15:47:37.522	432.8
15:47:37.534	510.9
15:47:37.546	585.2
15:47:37.555	651.8
15:47:37.566	714.8
15:47:37.578	767.4
15:47:37.587	821.3
15:47:37.599	871.5
15:47:37.611	919.8
15:47:37.623	964.5
15:47:37.632	986.4
15:47:37.644	953.8
15:47:37.656	925.6
15:47:37.665	903.6
15:47:37.677	884.1
15:47:37.689	871.3
15:47:37.701	859.9
15:47:37.710	845.9
15:47:37.722	830.9
15:47:37.734	818.0
15:47:37.742	803.2
15:47:37.755	791.7
15:47:37.767	780.5
15:47:37.775	761.6
15:47:37.787	747.2
15:47:37.800	731.0
15:47:37.808	712.8
15:47:37.820	700.9
15:47:37.832	688.2
15:47:37.845	673.2
15:47:37.853	661.7
15:47:37.865	649.7
15:47:37.877	631.5
15:47:37.886	622.5
15:47:37.898	608.5
15:47:37.910	595.1
15:47:37.922	581.7
15:47:37.931	565.1
15:47:37.943	546.4
15:47:37.955	527.8
15:47:37.963	508.7
15:47:37.976	487.4
15:47:37.988	472.4
15:47:37.996	451.8
15:47:38.008	432.6
15:47:38.021	411.1
15:47:38.033	390.5
15:47:38.041	369.1
15:47:38.053	349.4
15:47:38.066	332.7
15:47:38.074	315.5
15:47:38.086	301.5
15:47:38.099	283.4
15:47:38.107	266.9
15:47:38.119	254.4
15:47:38.131	242.1
15:47:38.140	231.2
15:47:38.152	220.9
15:47:38.164	211.8
15:47:38.176	201.5
15:47:38.185	190.5
15:47:38.197	180.6
15:47:38.209	172.1
15:47:38.217	166.6
15:47:38.230	156.5
15:47:38.242	150.0
15:47:38.250	145.5
15:47:38.263	142.2
15:47:38.275	137.7
15:47:38.283	134.1
15:47:38.295	130.9
15:47:38.308	128.5
15:47:38.320	127.9
15:47:38.328	124.5
15:47:38.340	122.7
15:47:38.353	121.4
15:47:38.361	117.9
15:47:38.373	113.6
15:47:38.385	110.0
15:47:38.394	107.7
15:47:38.406	109.0
15:47:38.418	105.5
15:47:38.430	104.0
15:47:38.439	103.4
15:47:38.451	103.7
15:47:38.463	104.9
15:47:38.471	106.3
15:47:38.484	109.4
15:47:38.496	111.1
15:47:38.504	114.5
15:47:38.516	115.9
15:47:38.529	119.4
15:47:38.537	119.4
15:47:38.549	120.5
15:47:38.561	121.1
15:47:38.570	120.7
15:47:38.582	120.0
15:47:38.594	120.7
15:47:38.606	123.6
15:47:38.615	122.6
15:47:38.627	121.1
15:47:38.639	120.7
15:47:38.647	122.0
15:47:38.660	121.5
15:47:38.672	122.4
15:47:38.685	125.1
15:47:38.693	126.1
15:47:38.705	128.2
15:47:38.717	128.4
15:47:38.726	133.0
15:47:38.738	133.9
15:47:38.750	137.3
15:47:38.758	137.5
15:47:38.771	140.4
15:47:38.783	143.0
15:47:38.791	143.6
15:47:38.803	143.7
15:47:38.816	143.7
15:47:38.824	146.9
15:47:38.836	147.1
15:47:38.848	152.2
15:47:38.861	155.1
15:47:38.869	158.8
15:47:38.881	162.7
15:47:38.893	167.6
15:47:38.902	171.7
15:47:38.914	177.1
15:47:38.926	180.6
15:47:38.934	181.9
15:47:38.947	187.8
15:47:38.959	190.2
15:47:38.971	191.6
15:47:38.979	194.7
15:47:38.992	194.5
15:47:39.004	194.5
15:47:39.012	191.7
15:47:39.025	193.2
15:47:39.037	195.5
15:47:39.045	198.5
15:47:39.057	196.6
15:47:39.070	196.7
15:47:39.078	197.2
15:47:39.090	198.9
15:47:39.103	200.2
15:47:39.115	203.3
15:47:39.123	206.9
15:47:39.135	209.8
15:47:39.148	212.6
15:47:39.156	216.1
15:47:39.168	221.8
15:47:39.180	224.8
15:47:39.188	227.6
15:47:39.201	231.6
15:47:39.213	235.1
15:47:39.221	237.4
15:47:39.234	243.2
15:47:39.246	247.9
15:47:39.254	252.5
15:47:39.266	260.0
15:47:39.279	263.1
15:47:39.291	268.9
15:47:39.299	274.6
15:47:39.311	280.2
15:47:39.324	288.5
15:47:39.332	295.5
15:47:39.344	328.7
15:47:39.356	363.3
15:47:39.369	407.9
15:47:39.377	451.3
15:47:39.389	500.7
15:47:39.401	577.8
15:47:39.410	688.1
15:47:39.422	797.2
15:47:39.434	906.4
15:47:39.442	1013.1
15:47:39.455	1120.2
15:47:39.467	1275.7
15:47:39.475	1416.3
15:47:39.487	1580.3
15:47:39.500	1740.3
15:47:39.508	1872.0
15:47:39.520	1971.0
15:47:39.532	2068.4
15:47:39.545	2165.1
15:47:39.553	2264.1
15:47:39.565	2336.7
15:47:39.578	2357.5
15:47:39.590	2382.8
15:47:39.598	2381.8
15:47:39.610	2381.4
15:47:39.623	2380.0
15:47:39.631	2374.2
15:47:39.643	2367.5
15:47:39.655	2358.3
15:47:39.667	2346.0
15:47:39.676	2330.6
15:47:39.688	2313.3
15:47:39.700	2293.8
15:47:39.709	2271.2
15:47:39.721	2247.1
15:47:39.733	2222.1
15:47:39.741	2197.7
15:47:39.754	2172.8
15:47:39.766	2146.7
15:47:39.774	2109.2
15:47:39.786	2076.9
15:47:39.799	2040.2
15:47:39.807	2004.6
15:47:39.819	1968.4
15:47:39.831	1927.1
15:47:39.844	1885.2
15:47:39.852	1836.8
15:47:39.864	1779.9
15:47:39.876	1716.1
15:47:39.885	1657.7
15:47:39.897	1581.7
15:47:39.909	1500.3
15:47:39.917	1407.2
15:47:39.930	1315.1
15:47:39.942	1223.8
15:47:39.954	1135.4
15:47:39.962	1051.0
15:47:39.975	967.1
15:47:39.987	885.7
15:47:39.995	800.7
15:47:40.007	712.9
15:47:40.020	622.2
15:47:40.028	539.7
15:47:40.040	452.4
15:47:40.053	366.1
15:47:40.061	272.5
15:47:40.073	161.5
15:47:40.085	50.7
15:47:40.097	-62.0
15:47:40.106	-161.2
15:47:40.118	-247.7
15:47:40.130	-325.9
15:47:40.138	-409.6
15:47:40.151	-487.7
15:47:40.163	-563.8
15:47:40.171	-633.9
15:47:40.184	-681.5
15:47:40.196	-723.8
15:47:40.204	-754.3
15:47:40.216	-786.4
15:47:40.229	-810.7
15:47:40.241	-831.4
15:47:40.249	-890.2
15:47:40.261	-946.2
15:47:40.274	-996.9
15:47:40.282	-1046.5
15:47:40.294	-1096.8
15:47:40.306	-1142.2
15:47:40.315	-1188.8
15:47:40.327	-1230.4
15:47:40.339	-1274.4
15:47:40.351	-1316.7
15:47:40.360	-1311.3
15:47:40.372	-1304.8
15:47:40.384	-1300.1
15:47:40.392	-1294.2
15:47:40.405	-1286.4
15:47:40.417	-1282.1
15:47:40.425	-1274.1
15:47:40.437	-1271.7
15:47:40.450	-1267.1
15:47:40.458	-1262.0
15:47:40.470	-1256.3
15:47:40.482	-1252.4
15:47:40.491	-1248.7
15:47:40.503	-1242.8
15:47:40.515	-1237.9
15:47:40.528	-1228.4
15:47:40.536	-1221.7
15:47:40.548	-1211.1
15:47:40.560	-1204.1
15:47:40.568	-1196.2
15:47:40.581	-1187.2
15:47:40.593	-1176.5
15:47:40.605	-1167.3
15:47:40.613	-1160.5
15:47:40.626	-1151.5
15:47:40.638	-1143.7
15:47:40.646	-1135.5
15:47:40.659	-1130.0
15:47:40.671	-1122.2
15:47:40.679	-1111.8
15:47:40.691	-1103.9
15:47:40.704	-1096.4
15:47:40.712	-1088.2
15:47:40.724	-1081.3
15:47:40.736	-1078.3
15:47:40.745	-1094.7
15:47:40.757	-1110.0
15:47:40.769	-1124.5
15:47:40.781	-1136.8
15:47:40.790	-1152.0
15:47:40.802	-1166.7
15:47:40.814	-1180.2
15:47:40.822	-1191.2
15:47:40.835	-1202.0
15:47:40.847	-1211.5
15:47:40.855	-1199.7
15:47:40.867	-1190.4
15:47:40.880	-1180.6
15:47:40.892	-1176.6
15:47:40.900	-1167.6
15:47:40.913	-1158.9
15:47:40.925	-1151.6
15:47:40.933	-1147.2
15:47:40.945	-1140.0
15:47:40.958	-1131.3
15:47:40.966	-1121.6
15:47:40.978	-1111.9
15:47:40.990	-1101.6
15:47:40.999	-1089.2
15:47:41.011	-1080.6
15:47:41.023	-1069.2
15:47:41.035	-1059.0
15:47:41.044	-1047.1
15:47:41.056	-1036.6
15:47:41.068	-1026.5
15:47:41.076	-1017.8
15:47:41.089	-1008.7
15:47:41.101	-1001.1
15:47:41.109	-989.6
15:47:41.121	-978.6
15:47:41.134	-971.6
15:47:41.142	-961.9
15:47:41.154	-951.8
15:47:41.166	-941.8
15:47:41.175	-932.8
15:47:41.187	-934.8
15:47:41.199	-937.5
15:47:41.211	-940.0
15:47:41.220	-945.3
15:47:41.232	-947.4
15:47:41.244	-948.8
15:47:41.252	-950.5
15:47:41.265	-955.6
15:47:41.277	-960.2
15:47:41.289	-961.1
15:47:41.297	-953.3
15:47:41.310	-943.8
15:47:41.322	-933.3
15:47:41.330	-923.1
15:47:41.343	-915.6
15:47:41.355	-905.1
15:47:41.363	-896.1
15:47:41.375	-885.6
15:47:41.388	-873.7
15:47:41.396	-864.7
15:47:41.408	-852.4
15:47:41.420	-842.3
15:47:41.429	-833.5
15:47:41.441	-823.6
15:47:41.453	-814.7
15:47:41.465	-804.9
15:47:41.473	-795.6
15:47:41.486	-784.7
15:47:41.498	-775.7
15:47:41.506	-765.8
15:47:41.519	-757.1
15:47:41.531	-746.7
15:47:41.543	-737.1
15:47:41.551	-724.3
15:47:41.564	-712.2
15:47:41.576	-704.4
15:47:41.584	-694.3
15:47:41.596	-685.3
15:47:41.609	-675.3
15:47:41.617	-667.7
15:47:41.629	-657.9
15:47:41.641	-651.7
15:47:41.650	-641.1
15:47:41.662	-636.6
15:47:41.674	-631.2
15:47:41.682	-622.2
15:47:41.695	-614.5
15:47:41.707	-606.4
15:47:41.719	-600.0
15:47:41.727	-589.4
15:47:41.740	-584.3
15:47:41.752	-573.0
15:47:41.764	-568.6
15:47:41.772	-560.6
15:47:41.785	-552.0
15:47:41.797	-543.5
15:47:41.805	-535.9
15:47:41.817	-528.6
15:47:41.830	-519.3
15:47:41.838	-513.2
15:47:41.850	-504.1
15:47:41.863	-498.6
15:47:41.875	-489.8
15:47:41.883	-481.1
15:47:41.895	-471.0
15:47:41.907	-463.8
15:47:41.916	-456.3
15:47:41.928	-446.7
15:47:41.940	-440.3
15:47:41.949	-432.1
15:47:41.961	-425.2
15:47:41.973	-417.6
15:47:41.981	-410.1
15:47:41.994	-402.3
15:47:42.006	-395.7
15:47:42.018	-388.3
15:47:42.026	-380.7
15:47:42.039	-373.8
15:47:42.051	-364.8
15:47:42.059	-358.8
15:47:42.071	-351.4
15:47:42.084	-343.7
15:47:42.092	-338.0
15:47:42.104	-333.5
15:47:42.116	-328.8
15:47:42.125	-322.7
15:47:42.137	-315.9
15:47:42.149	-307.4
15:47:42.162	-297.0
15:47:42.170	-286.0
15:47:42.182	-276.3
15:47:42.194	-267.5
15:47:42.202	-256.6
15:47:42.215	-246.5
15:47:42.227	-237.9
15:47:42.235	-227.9
15:47:42.248	-220.2
15:47:42.260	-215.3
15:47:42.272	-213.3
15:47:42.280	-211.4
15:47:42.293	-209.4
15:47:42.305	-205.0
15:47:42.313	-203.4
15:47:42.326	-200.0
15:47:42.338	-195.2
15:47:42.346	-192.0
15:47:42.358	-187.8
15:47:42.371	-184.6
15:47:42.379	-182.8
15:47:42.391	-181.0
15:47:42.403	-178.5
15:47:42.412	-177.6
15:47:42.424	-172.3
15:47:42.436	-172.2
15:47:42.448	-171.0
15:47:42.457	-173.1
15:47:42.469	-172.4
15:47:42.481	-172.2
15:47:42.489	-170.0
15:47:42.502	-165.1
15:47:42.514	-162.0
15:47:42.526	-159.2
15:47:42.534	-157.4
15:47:42.547	-151.6
15:47:42.559	-147.7
15:47:42.567	-138.3
15:47:42.579	-131.3
15:47:42.592	-121.0
15:47:42.600	-112.8
15:47:42.612	-103.9
15:47:42.625	-95.4
15:47:42.633	-87.9
15:47:42.645	-79.4
15:47:42.657	-74.2
15:47:42.666	-66.8
15:47:42.678	-63.4
15:47:42.690	-61.5
15:47:42.702	-60.3
15:47:42.711	-58.3
15:47:42.723	-60.4
15:47:42.735	-58.0
15:47:42.743	-55.6
15:47:42.756	-55.9
15:47:42.768	-54.1
15:47:42.776	-54.5
15:47:42.788	-51.6
15:47:42.801	-49.4
15:47:42.813	-47.4
15:47:42.821	-45.9
15:47:42.834	-43.4
15:47:42.846	-44.2
15:47:42.854	-43.6
15:47:42.866	-41.4
15:47:42.879	-38.8
15:47:42.887	-37.9
15:47:42.899	-38.9
15:47:42.911	-38.8
15:47:42.920	-38.8
15:47:42.932	-40.3
15:47:42.944	-39.6
15:47:42.956	-39.8
15:47:42.965	-43.0
15:47:42.977	-45.4
15:47:42.989	-47.8
15:47:42.997	-50.7
15:47:43.010	-51.8
15:47:43.022	-53.4
15:47:43.030	-57.8
15:47:43.042	-58.4
15:47:43.055	-62.6
15:47:43.063	-62.9
15:47:43.075	-60.5
15:47:43.087	-60.4
15:47:43.096	-59.9
15:47:43.108	-58.5
15:47:43.120	-59.5
15:47:43.132	-60.6
15:47:43.141	-60.0
15:47:43.153	-60.6
15:47:43.165	-60.0
15:47:43.173	-61.8
15:47:43.186	-64.1
15:47:43.198	-66.0
15:47:43.210	-70.4
15:47:43.218	-74.6
15:47:43.231	-76.0
15:47:43.243	-81.9
15:47:43.251	-87.2
15:47:43.264	-91.8
15:47:43.276	-97.4
15:47:43.284	-102.6
15:47:43.296	-109.6
15:47:43.309	-118.0
15:47:43.317	-124.3
15:47:43.329	-130.1
15:47:43.341	-138.4
15:47:43.350	-151.8
15:47:43.362	-165.9
15:47:43.374	-181.1
15:47:43.386	-193.7
15:47:43.395	-207.4
15:47:43.407	-221.0
15:47:43.419	-231.8
15:47:43.427	-242.2
15:47:43.440	-253.9
15:47:43.452	-265.9
15:47:43.464	-268.5
15:47:43.472	-271.1
15:47:43.485	-273.6
15:47:43.497	-277.2
15:47:43.505	-280.5
15:47:43.517	-281.3
15:47:43.530	-284.2
15:47:43.538	-285.2
15:47:43.550	-287.9
15:47:43.562	-288.8
15:47:43.571	-288.3
15:47:43.583	-286.4
15:47:43.595	-285.3
15:47:43.603	-284.3
15:47:43.616	-283.4
15:47:43.628	-281.4
15:47:43.640	-279.0
15:47:43.648	-277.2
15:47:43.661	-271.8
15:47:43.673	-268.2
15:47:43.681	-264.5
15:47:43.693	-263.2
15:47:43.706	-259.9
15:47:43.718	-256.1
15:47:43.727	-251.4
15:47:43.739	-249.0
15:47:43.751	-242.9
15:47:43.759	-239.6
15:47:43.772	-237.5
15:47:43.784	-233.8
15:47:43.796	-230.1
15:47:43.804	-226.7
15:47:43.816	-224.1
15:47:43.829	-220.7
15:47:43.837	-218.2
15:47:43.849	-213.1
15:47:43.861	-213.2
15:47:43.870	-211.1
15:47:43.882	-209.4
15:47:43.894	-208.6
15:47:43.903	-205.7
15:47:43.915	-202.5
15:47:43.927	-199.1
15:47:43.939	-198.5
15:47:43.948	-195.6
15:47:43.960	-195.8
15:47:43.972	-190.3
15:47:43.980	-190.4
15:47:43.993	-187.3
15:47:44.005	-185.6
15:47:44.013	-186.8
15:47:44.025	-184.6
15:47:44.038	-184.5
15:47:44.046	-179.1
15:47:44.058	-178.1
15:47:44.071	-174.7
15:47:44.083	-175.0
15:47:44.091	-171.2
15:47:44.103	-170.8
15:47:44.116	-167.2
15:47:44.124	-164.0
15:47:44.136	-162.4
15:47:44.148	-159.8
15:47:44.156	-160.0
15:47:44.169	-156.0
15:47:44.181	-155.7
15:47:44.193	-154.6
15:47:44.202	-152.4
15:47:44.214	-150.0
15:47:44.226	-148.5
15:47:44.234	-147.2
15:47:44.247	-145.2
15:47:44.259	-141.4
15:47:44.267	-140.1
15:47:44.279	-139.9
15:47:44.292	-138.3
15:47:44.300	-137.8
15:47:44.312	-136.1
15:47:44.324	-134.0
15:47:44.333	-133.3
15:47:44.345	-133.3
15:47:44.357	-133.5
15:47:44.369	-133.5
15:47:44.378	-132.8
15:47:44.390	-131.7
15:47:44.402	-130.7
15:47:44.410	-129.3
15:47:44.423	-128.7
15:47:44.435	-128.9
15:47:44.447	-126.4
15:47:44.455	-123.5
15:47:44.468	-120.7
15:47:44.480	-120.7
15:47:44.488	-117.5
15:47:44.501	-114.7
15:47:44.513	-111.4
15:47:44.521	-110.7
15:47:44.533	-110.9
15:47:44.545	-107.4
15:47:44.554	-106.4
15:47:44.566	-104.6
15:47:44.578	-104.9
15:47:44.586	-101.7
15:47:44.599	-102.9
15:47:44.611	-104.7
15:47:44.623	-105.1
15:47:44.632	-102.1
15:47:44.644	-100.4
15:47:44.656	-100.6
15:47:44.664	-99.7
15:47:44.677	-98.5
15:47:44.689	-96.2
15:47:44.697	-95.5
15:47:44.709	-88.8
15:47:44.722	-85.9
15:47:44.734	-85.9
15:47:44.742	-85.2
15:47:44.754	-83.2
15:47:44.766	-80.9
15:47:44.775	-81.1
15:47:44.787	-79.5
15:47:44.799	-78.4
15:47:44.807	-77.6
15:47:44.820	-82.4
15:47:44.832	-82.0
15:47:44.840	-81.3
15:47:44.852	-82.3
15:47:44.865	-80.5
15:47:44.877	-80.1
15:47:44.885	-77.9
15:47:44.898	-77.5
15:47:44.910	-77.3
15:47:44.918	-76.0
15:47:44.930	-73.4
15:47:44.943	-73.3
15:47:44.951	-72.2
15:47:44.963	-68.5
15:47:44.976	-70.0
15:47:44.984	-70.0
15:47:44.996	-69.3
15:47:45.008	-68.0
15:47:45.016	-66.6
15:47:45.029	-64.0
15:47:45.041	-61.9
15:47:45.053	-60.3
15:47:45.062	-58.6
15:47:45.074	-59.4
15:47:45.086	-57.8
15:47:45.094	-56.3
15:47:45.107	-55.6
15:47:45.119	-54.8
15:47:45.131	-54.2
15:47:45.139	-55.1
15:47:45.152	-55.9
15:47:45.164	-54.6
15:47:45.172	-52.9
15:47:45.184	-49.7
15:47:45.197	-48.5
15:47:45.205	-48.1
15:47:45.217	-48.3
15:47:45.230	-46.2
15:47:45.238	-45.9
15:47:45.250	-46.2
15:47:45.262	-46.0
15:47:45.271	-45.2
15:47:45.283	-45.9
15:47:45.295	-48.4
15:47:45.308	-48.7
15:47:45.316	-49.0
15:47:45.328	-47.4
15:47:45.340	-50.1
15:47:45.349	-48.2
15:47:45.361	-47.8
15:47:45.373	-46.5
15:47:45.385	-46.0
15:47:45.394	-45.9
15:47:45.406	-44.9
15:47:45.418	-44.4
15:47:45.426	-43.4
15:47:45.439	-44.6
15:47:45.451	-43.2
15:47:45.459	-42.8
15:47:45.471	-41.8
15:47:45.484	-39.8
15:47:45.492	-40.9
15:47:45.504	-41.2
15:47:45.516	-37.5
15:47:45.525	-37.0
15:47:45.537	-36.7
15:47:45.549	-34.5
15:47:45.561	-34.4
15:47:45.570	-33.6
15:47:45.582	-32.7
15:47:45.594	-33.8
15:47:45.602	-33.2
15:47:45.615	-31.4
15:47:45.627	-32.6
15:47:45.635	-30.7
15:47:45.647	-27.6
15:47:45.660	-25.5
15:47:45.668	-23.0
15:47:45.680	-21.7
15:47:45.693	-21.1
15:47:45.705	-18.8
15:47:45.714	-15.8
15:47:45.725	-12.1
15:47:45.738	-8.8
15:47:45.746	-6.5
15:47:45.758	-5.0
15:47:45.770	-2.6
15:47:45.778	0.1
15:47:45.791	3.6
15:47:45.803	5.5
15:47:45.815	8.5
15:47:45.824	11.9
15:47:45.836	12.9
15:47:45.848	13.2
15:47:45.856	14.1
15:47:45.869	17.6
15:47:45.881	18.6
15:47:45.893	21.2
15:47:45.901	20.8
15:47:45.914	24.0
15:47:45.926	24.4
15:47:45.934	24.8
15:47:45.946	25.7
15:47:45.959	24.8
15:47:45.967	25.0
15:47:45.979	23.1
15:47:45.991	24.6
15:47:46.004	24.0
15:47:46.012	25.3
15:47:46.024	24.0
15:47:46.036	24.1
15:47:46.045	24.8
15:47:46.057	25.9
15:47:46.069	28.1
15:47:46.077	33.1
15:47:46.090	38.9
15:47:46.102	44.0
15:47:46.114	52.1
15:47:46.122	58.7
15:47:46.135	67.1
15:47:46.147	72.8
15:47:46.155	79.3
15:47:46.168	84.4
15:47:46.180	90.5
15:47:46.188	94.5
15:47:46.200	95.8
15:47:46.213	96.7
15:47:46.221	93.7
15:47:46.233	91.0
15:47:46.245	89.2
15:47:46.253	90.1
15:47:46.266	90.9
15:47:46.278	94.5
15:47:46.290	97.7
15:47:46.299	99.0
15:47:46.311	103.6
15:47:46.323	105.2
15:47:46.331	109.8
15:47:46.344	112.6
15:47:46.356	115.0
15:47:46.368	116.9
15:47:46.376	117.0
15:47:46.389	118.3
15:47:46.401	120.7
15:47:46.409	127.4
15:47:46.421	137.9
15:47:46.434	154.0
15:47:46.442	168.2
15:47:46.454	182.2
15:47:46.466	196.7
15:47:46.475	210.0
15:47:46.487	225.1
15:47:46.499	236.8
15:47:46.507	246.5
15:47:46.520	252.0
15:47:46.532	253.2
15:47:46.544	249.2
15:47:46.553	246.5
15:47:46.565	245.0
15:47:46.577	242.7
15:47:46.585	241.1
15:47:46.598	236.5
15:47:46.610	233.7
15:47:46.618	232.0
15:47:46.630	232.6
15:47:46.643	228.6
15:47:46.655	226.7
15:47:46.663	223.2
15:47:46.675	223.7
15:47:46.688	222.9
15:47:46.696	222.0
15:47:46.708	222.4
15:47:46.720	221.1
15:47:46.729	219.0
15:47:46.741	215.6
15:47:46.753	213.5
15:47:46.761	210.7
15:47:46.774	210.5
15:47:46.786	206.3
15:47:46.798	203.1
15:47:46.807	198.4
15:47:46.819	194.3
15:47:46.831	192.7
15:47:46.839	191.0
15:47:46.852	189.7
15:47:46.864	186.9
15:47:46.872	186.9
15:47:46.884	184.5
15:47:46.897	181.6
15:47:46.905	179.6
15:47:46.917	178.7
15:47:46.930	178.0
15:47:46.938	176.0
15:47:46.950	175.4
15:47:46.962	173.6
15:47:46.975	173.2
15:47:46.983	172.1
15:47:46.995	170.0
15:47:47.007	168.6
15:47:47.016	165.2
15:47:47.028	165.6
15:47:47.040	163.3
15:47:47.052	162.5
15:47:47.061	161.2
15:47:47.073	159.8
15:47:47.085	159.7
15:47:47.093	156.2
15:47:47.106	156.8
15:47:47.118	156.2
15:47:47.126	159.3
15:47:47.138	156.3
15:47:47.151	157.5
15:47:47.159	156.5
15:47:47.171	156.6
15:47:47.183	155.8
15:47:47.192	156.1
15:47:47.204	157.7
15:47:47.216	156.9
15:47:47.228	158.0
15:47:47.237	154.8
15:47:47.249	156.7
15:47:47.261	155.7
15:47:47.269	157.0
15:47:47.282	157.2
15:47:47.294	160.9
15:47:47.306	179.9
15:47:47.314	198.9
15:47:47.327	216.6
15:47:47.339	237.6
15:47:47.347	257.8
15:47:47.359	274.8
15:47:47.372	293.1
15:47:47.380	310.3
15:47:47.392	325.7
15:47:47.405	338.7
15:47:47.413	334.9
15:47:47.425	331.8
15:47:47.437	329.0
15:47:47.445	324.2
15:47:47.458	319.8
15:47:47.470	318.1
15:47:47.482	316.7
15:47:47.491	313.9
15:47:47.503	312.6
15:47:47.515	311.4
15:47:47.523	312.0
15:47:47.536	312.2
15:47:47.548	311.5
15:47:47.556	308.0
15:47:47.568	307.5
15:47:47.581	303.3
15:47:47.589	298.7
15:47:47.601	294.9
15:47:47.613	290.1
15:47:47.626	284.1
15:47:47.638	275.8
15:47:47.646	267.9
15:47:47.658	260.6
15:47:47.671	254.3
15:47:47.679	245.4
15:47:47.691	241.6
15:47:47.703	235.1
15:47:47.712	225.9
15:47:47.724	216.5
15:47:47.736	209.9
15:47:47.744	203.0
15:47:47.757	193.9
15:47:47.769	186.1
15:47:47.781	177.7
15:47:47.789	173.4
15:47:47.802	164.6
15:47:47.814	158.1
15:47:47.822	152.9
15:47:47.834	147.2
15:47:47.847	138.1
15:47:47.855	130.1
15:47:47.867	124.4
15:47:47.879	117.0
15:47:47.888	110.5
15:47:47.900	100.1
15:47:47.912	92.5
15:47:47.924	82.4
15:47:47.933	73.0
15:47:47.945	64.5
15:47:47.957	59.2
15:47:47.965	52.2
15:47:47.978	42.8
15:47:47.990	34.4
15:47:47.998	26.9
15:47:48.011	20.4
15:47:48.023	12.4
15:47:48.031	5.7
15:47:48.043	-0.1
15:47:48.056	-6.6
15:47:48.068	-12.8
15:47:48.076	-16.3
15:47:48.088	-18.7
15:47:48.101	-21.4
15:47:48.109	-25.0
15:47:48.121	-27.5
15:47:48.133	-29.1
15:47:48.142	-30.4
15:47:48.154	-31.8
15:47:48.166	-32.9
15:47:48.174	-35.9
15:47:48.187	-41.4
15:47:48.199	-44.3
15:47:48.211	-47.4
15:47:48.219	-51.7
15:47:48.232	-54.4
15:47:48.244	-59.2
15:47:48.252	-61.4
15:47:48.264	-67.6
15:47:48.277	-72.1
15:47:48.289	-76.8
15:47:48.297	-81.8
15:47:48.309	-88.8
15:47:48.322	-94.8
15:47:48.330	-99.2
15:47:48.342	-106.3
15:47:48.354	-110.8
15:47:48.363	-119.1
15:47:48.375	-124.8
15:47:48.387	-128.5
15:47:48.395	-133.2
15:47:48.408	-136.7
15:47:48.420	-138.2
15:47:48.428	-142.2
15:47:48.441	-144.3
15:47:48.453	-146.1
15:47:48.465	-153.0
15:47:48.473	-159.7
15:47:48.486	-162.1
15:47:48.498	-169.3
15:47:48.506	-174.8
15:47:48.518	-175.6
15:47:48.531	-182.7
15:47:48.539	-184.5
15:47:48.551	-186.1
15:47:48.563	-189.9
15:47:48.576	-189.3
15:47:48.584	-188.6
15:47:48.596	-189.4
15:47:48.608	-189.0
15:47:48.617	-189.4
15:47:48.629	-191.9
15:47:48.641	-191.0
15:47:48.649	-198.5
15:47:48.662	-207.9
15:47:48.674	-215.1
15:47:48.682	-222.9
15:47:48.694	-229.7
15:47:48.707	-237.7
15:47:48.719	-244.8
15:47:48.727	-249.1
15:47:48.739	-256.6
15:47:48.752	-264.2
15:47:48.760	-266.4
15:47:48.772	-266.9
15:47:48.785	-268.3
15:47:48.793	-269.4
15:47:48.805	-270.1
15:47:48.817	-271.0
15:47:48.825	-271.9
15:47:48.838	-272.9
15:47:48.850	-273.0
15:47:48.858	-271.3
15:47:48.870	-270.4
15:47:48.883	-269.4
15:47:48.895	-269.1
15:47:48.903	-267.0
15:47:48.916	-265.1
15:47:48.928	-261.8
15:47:48.936	-261.0
15:47:48.948	-261.8
15:47:48.961	-259.0
15:47:48.973	-258.2
15:47:48.981	-254.9
15:47:48.993	-254.2
15:47:49.006	-249.6
15:47:49.014	-248.3
15:47:49.026	-245.9
15:47:49.038	-245.1
15:47:49.047	-241.2
15:47:49.059	-236.1
15:47:49.071	-236.5
15:47:49.079	-232.9
15:47:49.092	-231.0
15:47:49.104	-227.3
15:47:49.112	-226.0
15:47:49.124	-223.1
15:47:49.137	-221.2
15:47:49.149	-218.3
15:47:49.157	-215.0
15:47:49.169	-213.2
15:47:49.182	-208.1
15:47:49.190	-205.2
15:47:49.202	-202.8
15:47:49.215	-199.2
15:47:49.227	-196.5
15:47:49.235	-193.5
15:47:49.248	-189.7
15:47:49.260	-186.7
15:47:49.268	-183.9
15:47:49.280	-180.3
15:47:49.293	-179.8
15:47:49.301	-178.0
15:47:49.313	-174.9
15:47:49.325	-174.0
15:47:49.334	-172.0
15:47:49.346	-170.4
15:47:49.358	-167.7
15:47:49.366	-165.7
15:47:49.379	-165.0
15:47:49.391	-164.7
15:47:49.403	-161.0
15:47:49.411	-158.6
15:47:49.424	-157.2
15:47:49.436	-156.3
15:47:49.444	-154.0
15:47:49.457	-150.4
15:47:49.469	-147.3
15:47:49.477	-146.2
15:47:49.489	-143.8
15:47:49.502	-142.7
15:47:49.510	-141.7
15:47:49.522	-140.7
15:47:49.534	-137.1
15:47:49.547	-134.4
15:47:49.555	-131.7
15:47:49.567	-130.3
15:47:49.579	-129.5
15:47:49.592	-126.1
15:47:49.600	-124.1
15:47:49.612	-121.4
15:47:49.624	-118.5
15:47:49.633	-116.7
15:47:49.645	-115.7
15:47:49.657	-115.5
15:47:49.665	-114.5
15:47:49.678	-110.8
15:47:49.690	-108.8
15:47:49.702	-107.8
15:47:49.710	-107.5
15:47:49.723	-105.5
15:47:49.735	-104.0
15:47:49.743	-100.6
15:47:49.755	-98.6
15:47:49.764	-96.9
15:47:49.776	-94.2
15:47:49.788	-94.9
15:47:49.800	-95.8
15:47:49.809	-93.0
15:47:49.821	-90.4
15:47:49.833	-87.7
15:47:49.846	-86.9
15:47:49.854	-85.1
15:47:49.866	-84.1
15:47:49.878	-80.0
15:47:49.886	-77.5
15:47:49.899	-75.9
15:47:49.911	-71.5
15:47:49.919	-68.8
15:47:49.931	-65.3
15:47:49.944	-62.0
15:47:49.956	-57.4
15:47:49.964	-55.3
15:47:49.977	-52.9
15:47:49.989	-51.3
15:47:49.997	-51.8
15:47:50.009	-50.1
15:47:50.022	-49.2
15:47:50.030	-48.5
15:47:50.042	-47.7
15:47:50.054	-47.1
15:47:50.063	-47.9
15:47:50.075	-48.7
15:47:50.087	-46.9
15:47:50.096	-46.7
15:47:50.108	-44.8
15:47:50.120	-42.6
15:47:50.132	-41.6
15:47:50.141	-42.1
15:47:50.153	-41.8
15:47:50.165	-42.6
15:47:50.173	-40.6
15:47:50.186	-38.4
15:47:50.198	-36.9
15:47:50.210	-37.3
15:47:50.218	-36.0
15:47:50.231	-36.4
15:47:50.243	-36.0
15:47:50.251	-34.3
15:47:50.263	-34.0
15:47:50.276	-33.7
15:47:50.284	-33.5
15:47:50.296	-32.4
15:47:50.308	-34.2
15:47:50.317	-30.7
15:47:50.329	-30.4
15:47:50.341	-32.5
15:47:50.349	-33.1
15:47:50.362	-33.2
15:47:50.374	-31.4
15:47:50.386	-31.0
15:47:50.394	-31.2
15:47:50.407	-32.0
15:47:50.419	-31.2
15:47:50.427	-32.3
15:47:50.439	-33.6
15:47:50.452	-30.2
15:47:50.460	-30.0
15:47:50.472	-28.8
15:47:50.485	-28.2
15:47:50.497	-28.1
15:47:50.505	-28.1
15:47:50.517	-28.6
15:47:50.530	-28.4
15:47:50.538	-24.4
15:47:50.550	-24.3
15:47:50.562	-27.0
15:47:50.571	-25.3
15:47:50.583	-27.2
15:47:50.595	-26.5
15:47:50.603	-24.8
15:47:50.616	-23.2
15:47:50.628	-22.2
15:47:50.640	-22.4
15:47:50.648	-24.5
15:47:50.661	-22.8
15:47:50.673	-20.3
15:47:50.681	-20.7
15:47:50.693	-16.4
15:47:50.706	-17.1
15:47:50.714	-16.9
15:47:50.726	-19.2
15:47:50.738	-18.0
15:47:50.747	-17.5
15:47:50.759	-18.0
15:47:50.771	-16.0
15:47:50.779	-2.3
15:47:50.792	11.8
15:47:50.804	22.0
15:47:50.816	36.9
15:47:50.824	49.8
15:47:50.837	64.1
15:47:50.849	76.5
15:47:50.857	89.7
15:47:50.870	102.9
15:47:50.882	112.5
15:47:50.894	110.2
15:47:50.902	109.3
15:47:50.915	109.7
15:47:50.927	107.1
15:47:50.935	105.8
15:47:50.947	106.6
15:47:50.960	105.3
15:47:50.968	105.2
15:47:50.980	102.7
15:47:50.992	103.1
15:47:51.001	104.6
15:47:51.013	105.3
15:47:51.025	105.7
15:47:51.033	105.9
15:47:51.046	106.6
15:47:51.058	104.4
15:47:51.070	103.7
15:47:51.078	102.6
15:47:51.091	103.8
15:47:51.103	104.3
15:47:51.111	103.3
15:47:51.123	103.2
15:47:51.136	100.4
15:47:51.148	98.1
15:47:51.156	96.2
15:47:51.168	96.7
15:47:51.181	96.0
15:47:51.189	93.8
15:47:51.201	92.6
15:47:51.214	89.8
15:47:51.222	89.8
15:47:51.234	88.5
15:47:51.246	90.8
15:47:51.254	92.6
15:47:51.267	94.8
15:47:51.279	94.5
15:47:51.287	94.6
15:47:51.299	98.7
15:47:51.312	100.2
15:47:51.324	102.6
15:47:51.332	104.6
15:47:51.345	105.6
15:47:51.357	106.8
15:47:51.365	106.4
15:47:51.377	105.8
15:47:51.390	104.4
15:47:51.398	105.2
15:47:51.410	104.3
15:47:51.422	104.6
15:47:51.431	105.6
15:47:51.443	106.6
15:47:51.455	108.5
15:47:51.467	109.1
15:47:51.476	113.5
15:47:51.488	116.0
15:47:51.500	121.6
15:47:51.508	127.0
15:47:51.521	129.6
15:47:51.533	132.2
15:47:51.545	135.7
15:47:51.553	137.2
15:47:51.566	138.4
15:47:51.578	139.0
15:47:51.586	137.5
15:47:51.598	137.7
15:47:51.611	136.0
15:47:51.623	134.3
15:47:51.631	133.3
15:47:51.643	132.8
15:47:51.656	131.5
15:47:51.664	129.4
15:47:51.676	129.0
15:47:51.688	126.7
15:47:51.697	126.1
15:47:51.709	125.1
15:47:51.721	124.5
15:47:51.730	123.6
15:47:51.742	124.3
15:47:51.754	124.5
15:47:51.767	125.8
15:47:51.775	126.9
15:47:51.787	127.5
15:47:51.799	131.6
15:47:51.808	136.6
15:47:51.820	147.6
15:47:51.832	157.1
15:47:51.840	167.0
15:47:51.853	176.9
15:47:51.865	186.2
15:47:51.877	197.2
15:47:51.885	207.6
15:47:51.898	216.4
15:47:51.910	224.4
15:47:51.918	229.8
15:47:51.931	230.2
15:47:51.943	231.3
15:47:51.951	232.2
15:47:51.963	231.2
15:47:51.975	232.7
15:47:51.984	229.2
15:47:51.996	226.3
15:47:52.008	226.2
15:47:52.017	224.1
15:47:52.029	223.1
15:47:52.041	219.5
15:47:52.053	218.2
15:47:52.062	214.6
15:47:52.074	212.0
15:47:52.086	207.6
15:47:52.094	206.0
15:47:52.107	204.6
15:47:52.119	201.3
15:47:52.131	198.2
15:47:52.139	195.4
15:47:52.152	192.4
15:47:52.164	188.6
15:47:52.172	187.2
15:47:52.184	183.3
15:47:52.197	180.0
15:47:52.205	175.4
15:47:52.217	173.5
15:47:52.229	169.5
15:47:52.238	167.3
15:47:52.250	161.5
15:47:52.262	157.0
15:47:52.270	153.7
15:47:52.283	148.4
15:47:52.295	146.3
15:47:52.307	142.3
15:47:52.315	139.0
15:47:52.328	134.9
15:47:52.340	131.9
15:47:52.348	127.1
15:47:52.360	125.5
15:47:52.373	123.0
15:47:52.381	120.0
15:47:52.393	116.6
15:47:52.406	114.6
15:47:52.418	112.0
15:47:52.426	108.9
15:47:52.438	106.8
15:47:52.451	104.5
15:47:52.459	101.0
15:47:52.471	98.9
15:47:52.483	95.7
15:47:52.491	92.4
15:47:52.504	91.4
15:47:52.516	88.0
15:47:52.524	86.2
15:47:52.537	84.5
15:47:52.549	83.5
15:47:52.561	81.3
15:47:52.569	81.4
15:47:52.582	78.9
15:47:52.594	81.1
15:47:52.602	79.1
15:47:52.614	76.5
15:47:52.627	76.6
15:47:52.635	76.0
15:47:52.647	73.1
15:47:52.659	65.9
15:47:52.668	62.6
15:47:52.680	58.6
15:47:52.692	56.2
15:47:52.700	50.3
15:47:52.713	50.1
15:47:52.725	48.8
15:47:52.737	45.1
15:47:52.745	43.0
15:47:52.758	43.0
15:47:52.770	42.0
15:47:52.778	38.2
15:47:52.790	35.9
15:47:52.803	32.0
15:47:52.815	30.3
15:47:52.823	24.7
15:47:52.835	19.1
15:47:52.848	15.0
15:47:52.856	8.1
15:47:52.868	2.8
15:47:52.880	-1.3
15:47:52.889	-4.0
15:47:52.901	-6.2
15:47:52.913	-7.4
15:47:52.921	-10.5
15:47:52.934	-10.4
15:47:52.946	-9.2
15:47:52.954	-10.9
15:47:52.967	-10.9
15:47:52.979	-10.1
15:47:52.991	-9.2
15:47:52.999	-10.3
15:47:53.012	-12.0
15:47:53.024	-14.8
15:47:53.032	-15.2
15:47:53.044	-18.3
15:47:53.057	-22.5
15:47:53.069	-26.7
15:47:53.077	-26.7
15:47:53.090	-31.1
15:47:53.102	-36.0
15:47:53.110	-37.4
15:47:53.122	-39.8
15:47:53.135	-41.3
15:47:53.143	-43.5
15:47:53.155	-43.2
15:47:53.167	-44.6
15:47:53.176	-44.8
15:47:53.188	-48.3
15:47:53.200	-50.5
15:47:53.208	-49.9
15:47:53.221	-54.2
15:47:53.233	-55.3
15:47:53.245	-57.3
15:47:53.253	-60.5
15:47:53.266	-64.1
15:47:53.278	-62.7
15:47:53.286	-63.9
15:47:53.298	-66.1
15:47:53.311	-68.3
15:47:53.319	-70.7
15:47:53.331	-70.1
15:47:53.343	-72.7
15:47:53.352	-76.0
15:47:53.364	-77.9
15:47:53.376	-80.7
15:47:53.388	-88.3
15:47:53.396	-93.8
15:47:53.408	-96.5
15:47:53.421	-99.6
15:47:53.429	-104.0
15:47:53.441	-108.2
15:47:53.453	-111.0
15:47:53.461	-112.7
15:47:53.474	-112.9
15:47:53.486	-114.1
15:47:53.498	-114.2
15:47:53.507	-113.0
15:47:53.519	-112.4
15:47:53.531	-111.7
15:47:53.543	-109.6
15:47:53.552	-107.1
15:47:53.564	-107.4
15:47:53.576	-104.8
15:47:53.585	-104.0
15:47:53.597	-102.4
15:47:53.609	-100.0
15:47:53.617	-96.2
15:47:53.630	-94.5
15:47:53.638	-91.7
15:47:53.650	-87.6
15:47:53.663	-84.9
15:47:53.675	-81.6
15:47:53.683	-77.9
15:47:53.695	-74.1
15:47:53.707	-71.0
15:47:53.720	-68.8
15:47:53.728	-69.3
15:47:53.740	-69.3
15:47:53.752	-65.9
15:47:53.761	-64.7
15:47:53.773	-63.7
15:47:53.785	-60.5
15:47:53.797	-56.7
15:47:53.806	-56.4
15:47:53.818	-54.5
15:47:53.830	-49.5
15:47:53.838	-45.2
15:47:53.851	-40.8
15:47:53.863	-40.3
15:47:53.871	-40.5
15:47:53.884	-38.0
15:47:53.896	-37.0
15:47:53.904	-37.7
15:47:53.916	-35.7
15:47:53.929	-34.3
15:47:53.937	-34.9
15:47:53.949	-34.0
15:47:53.961	-32.5
15:47:53.974	-30.7
15:47:53.982	-28.9
15:47:53.994	-28.0
15:47:54.006	-27.2
15:47:54.015	-26.3
15:47:54.027	-28.1
15:47:54.039	-28.8
15:47:54.052	-29.3
15:47:54.060	-30.9
15:47:54.072	-32.9
15:47:54.084	-33.8
15:47:54.092	-35.9
15:47:54.105	-40.5
15:47:54.117	-42.2
15:47:54.125	-46.3
15:47:54.138	-48.6
15:47:54.150	-51.0
15:47:54.158	-54.6
15:47:54.170	-55.7
15:47:54.183	-57.2
15:47:54.191	-60.4
15:47:54.203	-60.4
15:47:54.215	-58.7
15:47:54.228	-57.2
15:47:54.236	-54.0
15:47:54.248	-50.4
15:47:54.260	-47.0
15:47:54.269	-43.6
15:47:54.281	-39.7
15:47:54.293	-36.9
15:47:54.301	-32.5
15:47:54.314	-27.4
15:47:54.326	-22.9
15:47:54.338	-21.5
15:47:54.346	-19.2
15:47:54.359	-18.1
15:47:54.371	-15.7
15:47:54.379	-12.7
15:47:54.391	-10.3
15:47:54.404	-6.9
15:47:54.412	-6.0
15:47:54.424	-4.2
15:47:54.437	-0.7
15:47:54.445	4.1
15:47:54.457	6.8
15:47:54.469	8.5
15:47:54.481	10.7
15:47:54.490	14.0
15:47:54.502	13.9
15:47:54.514	15.6
15:47:54.522	18.5
15:47:54.535	19.6
15:47:54.547	20.0
15:47:54.555	21.2
15:47:54.567	20.8
15:47:54.580	23.3
15:47:54.588	22.1
15:47:54.600	19.6
15:47:54.613	21.5
15:47:54.621	22.3
15:47:54.633	24.6
15:47:54.645	38.6
15:47:54.658	55.1
15:47:54.666	69.3
15:47:54.678	85.9
15:47:54.690	103.9
15:47:54.699	119.3
15:47:54.711	137.1
15:47:54.723	151.5
15:47:54.735	164.9
15:47:54.744	179.4
15:47:54.756	182.8
15:47:54.768	181.9
15:47:54.776	181.3
15:47:54.789	181.6
15:47:54.801	178.1
15:47:54.809	178.6
15:47:54.821	177.9
15:47:54.834	177.4
15:47:54.842	176.6
15:47:54.854	174.0
15:47:54.866	168.6
15:47:54.875	165.3
15:47:54.887	162.8
15:47:54.899	158.7
15:47:54.911	156.1
15:47:54.920	152.1
15:47:54.932	147.9
15:47:54.944	144.6
15:47:54.952	142.0
15:47:54.965	138.0
15:47:54.977	136.0
15:47:54.989	133.9
15:47:54.997	128.7
15:47:55.010	125.7
15:47:55.022	124.6
15:47:55.030	123.0
15:47:55.043	119.1
15:47:55.055	115.1
15:47:55.063	109.9
15:47:55.075	107.1
15:47:55.088	103.2
15:47:55.096	95.0
15:47:55.108	92.2
15:47:55.120	84.0
15:47:55.128	73.3
15:47:55.141	66.3
15:47:55.153	58.3
15:47:55.165	49.3
15:47:55.174	40.5
15:47:55.186	31.3
15:47:55.198	22.7
15:47:55.206	18.3
15:47:55.219	10.1
15:47:55.231	5.8
15:47:55.239	-0.5
15:47:55.251	-10.4
15:47:55.264	-15.1
15:47:55.272	-18.9
15:47:55.284	-22.4
15:47:55.297	-25.3
15:47:55.309	-29.6
15:47:55.317	-34.3
15:47:55.330	-36.1
15:47:55.342	-37.8
15:47:55.350	-39.2
15:47:55.362	-40.0
15:47:55.374	-42.5
15:47:55.383	-45.1
15:47:55.395	-44.4
15:47:55.407	-48.8
15:47:55.419	-51.5
15:47:55.428	-56.8
15:47:55.440	-62.6
15:47:55.452	-69.5
15:47:55.460	-73.9
15:47:55.473	-77.7
15:47:55.485	-82.7
15:47:55.493	-87.1
15:47:55.505	-94.4
15:47:55.518	-99.0
15:47:55.530	-103.5
15:47:55.538	-107.7
15:47:55.550	-115.3
15:47:55.563	-122.8
15:47:55.571	-131.2
15:47:55.583	-138.4
15:47:55.595	-143.8
15:47:55.608	-149.6
15:47:55.616	-152.6
15:47:55.628	-157.3
15:47:55.640	-161.5
15:47:55.649	-162.8
15:47:55.661	-162.9
15:47:55.673	-162.8
15:47:55.682	-164.7
15:47:55.694	-168.4
15:47:55.706	-175.1
15:47:55.718	-178.3
15:47:55.727	-185.3
15:47:55.739	-190.3
15:47:55.751	-196.8
15:47:55.759	-202.6
15:47:55.772	-207.5
15:47:55.784	-212.0
15:47:55.792	-213.7
15:47:55.804	-214.7
15:47:55.817	-213.8
15:47:55.825	-216.0
15:47:55.837	-217.3
15:47:55.849	-218.5
15:47:55.858	-217.6
15:47:55.870	-221.9
15:47:55.882	-223.5
15:47:55.895	-224.9
15:47:55.903	-226.2
15:47:55.915	-225.7
15:47:55.927	-227.6
15:47:55.936	-226.9
15:47:55.948	-226.6
15:47:55.960	-224.6
15:47:55.972	-225.1
15:47:55.981	-222.2
15:47:55.993	-220.0
15:47:56.005	-217.7
15:47:56.013	-216.1
15:47:56.026	-215.7
15:47:56.038	-212.7
15:47:56.046	-211.0
15:47:56.059	-209.9
15:47:56.071	-209.9
15:47:56.079	-207.7
15:47:56.091	-207.1
15:47:56.104	-207.9
15:47:56.112	-208.0
15:47:56.124	-206.7
15:47:56.136	-204.2
15:47:56.149	-204.0
15:47:56.157	-204.2
15:47:56.169	-203.4
15:47:56.181	-204.3
15:47:56.190	-204.1
15:47:56.202	-201.8
15:47:56.214	-198.8
15:47:56.222	-198.6
15:47:56.235	-197.3
15:47:56.247	-197.0
15:47:56.259	-191.6
15:47:56.267	-190.0
15:47:56.280	-187.4
15:47:56.292	-184.4
15:47:56.300	-184.6
15:47:56.312	-183.2
15:47:56.325	-181.4
15:47:56.333	-177.3
15:47:56.345	-174.7
15:47:56.357	-170.6
15:47:56.366	-170.4
15:47:56.378	-166.9
15:47:56.390	-165.5
15:47:56.403	-163.6
15:47:56.411	-160.9
15:47:56.423	-159.2
15:47:56.435	-158.1
15:47:56.443	-157.3
15:47:56.456	-155.6
15:47:56.468	-156.0
15:47:56.476	-156.0
15:47:56.488	-156.7
15:47:56.501	-154.6
15:47:56.509	-151.5
15:47:56.521	-149.6
15:47:56.533	-148.2
15:47:56.542	-146.0
15:47:56.554	-143.4
15:47:56.566	-142.5
15:47:56.578	-139.1
15:47:56.587	-137.3
15:47:56.599	-136.2
15:47:56.611	-134.9
15:47:56.619	-131.4
15:47:56.632	-129.0
15:47:56.644	-127.6
15:47:56.656	-126.5
15:47:56.665	-125.3
15:47:56.677	-123.1
15:47:56.689	-122.4
15:47:56.698	-121.1
15:47:56.710	-120.2
15:47:56.722	-120.1
15:47:56.730	-120.4
15:47:56.742	-118.5
15:47:56.755	-116.4
15:47:56.763	-114.3
15:47:56.775	-112.1
15:47:56.788	-111.2
15:47:56.796	-110.6
15:47:56.808	-110.5
15:47:56.820	-107.4
15:47:56.833	-104.6
15:47:56.841	-103.6
15:47:56.853	-102.4
15:47:56.865	-102.4
15:47:56.874	-100.8
15:47:56.886	-101.1
15:47:56.898	-99.6
15:47:56.910	-99.5
15:47:56.919	-96.0
15:47:56.931	-96.0
15:47:56.943	-94.5
15:47:56.951	-94.2
15:47:56.964	-93.6
15:47:56.976	-90.8
15:47:56.984	-89.9
15:47:56.996	-87.2
15:47:57.009	-86.1
15:47:57.017	-83.1
15:47:57.029	-83.6
15:47:57.041	-80.2
15:47:57.050	-79.8
15:47:57.062	-75.9
15:47:57.074	-74.4
15:47:57.086	-71.9
15:47:57.095	-71.1
15:47:57.107	-73.9
15:47:57.119	-71.5
15:47:57.127	-71.4
15:47:57.140	-69.6
15:47:57.152	-68.6
15:47:57.160	-65.9
15:47:57.172	-67.1
15:47:57.185	-66.6
15:47:57.193	-65.3
15:47:57.205	-65.1
15:47:57.217	-61.5
15:47:57.230	-61.8
15:47:57.238	-61.1
15:47:57.250	-58.6
15:47:57.263	-58.0
15:47:57.271	-58.4
15:47:57.283	-56.4
15:47:57.295	-55.3
15:47:57.303	-57.0
15:47:57.316	-54.9
15:47:57.328	-55.4
15:47:57.340	-56.1
15:47:57.349	-55.2
15:47:57.361	-55.2
15:47:57.373	-55.4
15:47:57.381	-55.2
15:47:57.394	-55.4
15:47:57.406	-56.6
15:47:57.414	-56.7
15:47:57.426	-56.7
15:47:57.439	-55.7
15:47:57.447	-54.0
15:47:57.459	-52.5
15:47:57.471	-54.0
15:47:57.480	-54.6
15:47:57.492	-52.8
15:47:57.504	-51.1
15:47:57.516	-47.5
15:47:57.525	-47.2
15:47:57.537	-45.1
15:47:57.549	-43.0
15:47:57.557	-41.5
15:47:57.570	-41.3
15:47:57.582	-38.8
15:47:57.594	-37.3
15:47:57.602	-36.5
15:47:57.615	-38.1
15:47:57.627	-38.1
15:47:57.635	-34.8
15:47:57.647	-35.6
15:47:57.660	-35.2
15:47:57.672	-34.9
15:47:57.680	-34.4
15:47:57.692	-32.7
15:47:57.705	-31.5
15:47:57.713	-32.7
15:47:57.725	-31.1
15:47:57.737	-30.0
15:47:57.746	-29.1
15:47:57.758	-26.7
15:47:57.770	-25.4
15:47:57.779	-24.7
15:47:57.791	-22.1
15:47:57.803	-20.9
15:47:57.815	-20.0
15:47:57.824	-19.5
15:47:57.836	-19.4
15:47:57.848	-19.8
15:47:57.856	-18.4
15:47:57.869	-19.7
15:47:57.881	-19.5
15:47:57.893	-18.1
15:47:57.901	-22.6
15:47:57.914	-24.9
15:47:57.926	-26.0
15:47:57.934	-24.5
15:47:57.946	-23.3
15:47:57.959	-22.4
15:47:57.967	-23.5
15:47:57.979	-23.0
15:47:57.992	-22.9
15:47:58.000	-22.1
15:47:58.012	-18.3
15:47:58.024	-18.4
15:47:58.032	-15.2
15:47:58.045	-13.5
15:47:58.057	-13.3
15:47:58.069	-12.1
15:47:58.077	-10.8
15:47:58.090	-10.4
15:47:58.102	-9.0
15:47:58.110	-10.6
15:47:58.123	-8.5
15:47:58.135	-5.6
15:47:58.143	-5.3
15:47:58.156	-5.8
15:47:58.168	-4.0
15:47:58.180	-2.5
15:47:58.188	-3.2
15:47:58.201	-3.0
15:47:58.213	-2.6
15:47:58.221	-0.4
15:47:58.233	-0.7
15:47:58.246	-0.4
15:47:58.254	-0.5
15:47:58.266	0.4
15:47:58.278	0.3
15:47:58.287	-0.1
15:47:58.299	2.0
15:47:58.311	5.2
15:47:58.323	6.3
15:47:58.332	8.9
15:47:58.344	11.2
15:47:58.356	12.9
15:47:58.364	18.3
15:47:58.377	25.1
15:47:58.389	32.5
15:47:58.397	40.7
15:47:58.409	50.8
15:47:58.422	59.8
15:47:58.430	70.9
15:47:58.442	79.3
15:47:58.455	89.3
15:47:58.463	98.2
15:47:58.475	106.5
15:47:58.487	112.6
15:47:58.500	119.4
15:47:58.508	125.0
15:47:58.520	128.4
15:47:58.532	131.9
15:47:58.541	135.2
15:47:58.553	137.1
15:47:58.565	139.4
15:47:58.577	144.6
15:47:58.586	147.1
15:47:58.598	155.0
15:47:58.610	162.5
15:47:58.618	171.6
15:47:58.631	178.6
15:47:58.643	186.3
15:47:58.651	192.5
15:47:58.663	200.0
15:47:58.676	207.2
15:47:58.684	212.6
15:47:58.696	218.4
15:47:58.708	218.1
15:47:58.717	218.5
15:47:58.729	215.1
15:47:58.741	213.4
15:47:58.753	212.2
15:47:58.762	210.8
15:47:58.774	211.4
15:47:58.786	209.5
15:47:58.795	210.5
15:47:58.807	210.8
15:47:58.819	212.9
15:47:58.831	213.3
15:47:58.839	218.1
15:47:58.852	218.8
15:47:58.864	219.6
15:47:58.872	221.6
15:47:58.884	223.0
15:47:58.897	224.2
15:47:58.905	223.6
15:47:58.917	225.1
15:47:58.929	225.2
15:47:58.938	225.6
15:47:58.950	224.7
15:47:58.962	224.9
15:47:58.971	223.6
15:47:58.983	221.2
15:47:58.995	220.1
15:47:59.007	219.8
15:47:59.016	219.6
15:47:59.028	215.6
15:47:59.040	214.3
15:47:59.048	211.8
15:47:59.061	210.1
15:47:59.073	211.1
15:47:59.081	211.5
15:47:59.093	212.2
15:47:59.106	211.9
15:47:59.114	211.9
15:47:59.126	210.4
15:47:59.138	212.3
15:47:59.151	211.2
15:47:59.159	210.5
15:47:59.171	207.4
15:47:59.183	206.5
15:47:59.192	206.3
15:47:59.204	204.3
15:47:59.216	202.7
15:47:59.224	201.8
15:47:59.237	203.6
15:47:59.249	205.2
15:47:59.261	208.6
15:47:59.269	214.6
15:47:59.282	220.2
15:47:59.294	225.1
15:47:59.302	227.9
15:47:59.314	233.2
15:47:59.327	236.7
15:47:59.335	240.5
15:47:59.347	243.1
15:47:59.360	244.1
15:47:59.372	245.7
15:47:59.380	243.5
15:47:59.392	244.8
15:47:59.404	242.7
15:47:59.413	244.3
15:47:59.425	245.4
15:47:59.437	248.9
15:47:59.450	250.8
15:47:59.458	253.0
15:47:59.470	254.4
15:47:59.482	256.3
15:47:59.491	259.6
15:47:59.503	260.8
15:47:59.515	262.5
15:47:59.524	261.0
15:47:59.536	259.9
15:47:59.548	258.0
15:47:59.560	255.8
15:47:59.568	254.0
15:47:59.581	253.0
15:47:59.593	248.7
15:47:59.601	245.9
15:47:59.613	242.0
15:47:59.626	241.0
15:47:59.634	239.9
15:47:59.646	237.8
15:47:59.658	235.9
15:47:59.667	233.1
15:47:59.679	230.3
15:47:59.691	227.4
15:47:59.699	228.1
15:47:59.712	227.0
15:47:59.724	226.9
15:47:59.736	225.0
15:47:59.745	223.5
15:47:59.757	222.7
15:47:59.769	219.9
15:47:59.777	218.5
15:47:59.790	215.8
15:47:59.802	214.2
15:47:59.814	209.4
15:47:59.822	207.4
15:47:59.835	204.9
15:47:59.847	200.0
15:47:59.855	198.0
15:47:59.867	196.4
15:47:59.880	195.6
15:47:59.888	194.7
15:47:59.900	193.0
15:47:59.912	188.7
15:47:59.921	185.5
15:47:59.933	183.0
15:47:59.945	179.5
15:47:59.953	178.0
15:47:59.966	175.4
15:47:59.978	171.3
15:47:59.990	165.6
15:47:59.998	162.4
15:48:00.011	158.7
15:48:00.023	156.8
15:48:00.031	154.9
15:48:00.043	147.7
15:48:00.056	142.8
15:48:00.064	137.6
15:48:00.076	133.4
15:48:00.088	129.1
15:48:00.101	127.9
15:48:00.109	123.0
15:48:00.121	118.8
15:48:00.134	117.0
15:48:00.142	114.1
15:48:00.154	112.9
15:48:00.166	109.8
15:48:00.174	107.2
15:48:00.187	101.3
15:48:00.199	98.6
15:48:00.207	93.8
15:48:00.220	89.8
15:48:00.232	85.0
15:48:00.244	77.1
15:48:00.252	68.3
15:48:00.265	63.1
15:48:00.277	56.6
15:48:00.285	49.9
15:48:00.297	45.2
15:48:00.310	38.3
15:48:00.318	33.8
15:48:00.330	26.4
15:48:00.342	20.5
15:48:00.351	17.0
15:48:00.363	15.8
15:48:00.375	10.0
15:48:00.383	6.1
15:48:00.396	4.7
15:48:00.408	2.6
15:48:00.420	1.5
15:48:00.429	-3.6
15:48:00.441	-4.9
15:48:00.453	-6.2
15:48:00.461	-9.8
15:48:00.474	-13.0
15:48:00.486	-12.9
15:48:00.498	-14.9
15:48:00.506	-17.5
15:48:00.519	-19.2
15:48:00.531	-21.8
15:48:00.539	-22.8
15:48:00.552	-25.2
15:48:00.564	-27.9
15:48:00.572	-30.5
15:48:00.584	-31.8
15:48:00.597	-35.4
15:48:00.605	-37.0
15:48:00.617	-37.9
15:48:00.630	-41.9
15:48:00.638	-44.1
15:48:00.650	-45.3
15:48:00.662	-45.0
15:48:00.675	-44.9
15:48:00.683	-44.3
15:48:00.695	-46.1
15:48:00.707	-48.2
15:48:00.716	-48.8
15:48:00.728	-50.9
15:48:00.740	-50.8
15:48:00.753	-53.2
15:48:00.761	-57.2
15:48:00.773	-61.0
15:48:00.785	-62.4
15:48:00.793	-66.5
15:48:00.806	-70.0
15:48:00.818	-73.6
15:48:00.826	-80.4
15:48:00.838	-85.7
15:48:00.851	-92.1
15:48:00.859	-98.8
15:48:00.871	-103.2
15:48:00.884	-108.9
15:48:00.892	-114.4
15:48:00.904	-118.6
15:48:00.916	-122.5
15:48:00.929	-126.2
15:48:00.937	-128.1
15:48:00.949	-131.7
15:48:00.961	-132.3
15:48:00.970	-130.9
15:48:00.982	-131.9
15:48:00.994	-132.4
15:48:01.002	-135.5
15:48:01.015	-137.6
15:48:01.027	-139.9
15:48:01.035	-140.5
15:48:01.047	-141.4
15:48:01.060	-140.5
15:48:01.072	-142.6
15:48:01.080	-146.7
15:48:01.092	-147.8
15:48:01.105	-147.6
15:48:01.113	-148.3
15:48:01.125	-146.7
15:48:01.137	-145.3
15:48:01.146	-144.5
15:48:01.158	-141.6
15:48:01.170	-141.7
15:48:01.183	-139.5
15:48:01.191	-135.6
15:48:01.203	-134.3
15:48:01.215	-132.5
15:48:01.223	-130.3
15:48:01.236	-129.7
15:48:01.248	-126.8
15:48:01.256	-125.3
15:48:01.268	-123.5
15:48:01.281	-120.0
15:48:01.289	-117.8
15:48:01.301	-117.9
15:48:01.314	-115.0
15:48:01.326	-112.2
15:48:01.334	-109.6
15:48:01.346	-107.1
15:48:01.359	-106.0
15:48:01.371	-104.6
15:48:01.379	-103.8
15:48:01.391	-103.2
15:48:01.404	-100.8
15:48:01.412	-97.5
15:48:01.424	-95.0
15:48:01.436	-95.0
15:48:01.445	-92.4
15:48:01.457	-88.8
15:48:01.469	-86.0
15:48:01.477	-80.9
15:48:01.490	-77.2
15:48:01.502	-75.0
15:48:01.510	-74.2
15:48:01.522	-72.4
15:48:01.535	-71.6
15:48:01.543	-67.9
15:48:01.555	-66.3
15:48:01.567	-65.2
15:48:01.580	-63.6
15:48:01.588	-62.8
15:48:01.600	-61.7
15:48:01.612	-59.0
15:48:01.621	-55.6
15:48:01.633	-54.2
15:48:01.645	-53.3
15:48:01.657	-52.7
15:48:01.666	-50.0
15:48:01.678	-48.4
15:48:01.690	-48.2
15:48:01.698	-47.4
15:48:01.711	-45.5
15:48:01.723	-42.8
15:48:01.735	-43.2
15:48:01.743	-43.3
15:48:01.756	-40.0
15:48:01.768	-36.0
15:48:01.776	-36.5
15:48:01.789	-36.9
15:48:01.801	-34.3
15:48:01.809	-33.2
15:48:01.821	-33.8
15:48:01.834	-34.7
15:48:01.842	-32.8
15:48:01.854	-30.5
15:48:01.867	-29.0
15:48:01.875	-30.3
15:48:01.887	-29.2
15:48:01.899	-26.0
15:48:01.912	-23.8
15:48:01.920	-22.5
15:48:01.932	-20.2
15:48:01.944	-17.8
15:48:01.953	-16.9
15:48:01.965	-14.0
15:48:01.977	-13.4
15:48:01.985	-13.3
15:48:01.998	-10.7
15:48:02.010	-8.9
15:48:02.022	-9.1
15:48:02.030	-7.4
15:48:02.043	-5.9
15:48:02.055	-6.0
15:48:02.063	-6.3
15:48:02.075	-6.5
15:48:02.088	-7.5
15:48:02.096	-6.6
15:48:02.108	-4.9
15:48:02.120	-4.9
15:48:02.129	-5.1
15:48:02.141	-5.2
15:48:02.153	-6.8
15:48:02.165	-8.4
15:48:02.174	-8.0
15:48:02.186	-7.3
15:48:02.198	-5.0
15:48:02.206	-2.9
15:48:02.219	-6.1
15:48:02.231	-9.6
15:48:02.239	-11.2
15:48:02.251	-13.7
15:48:02.264	-15.3
15:48:02.272	-15.5
15:48:02.284	-14.9
15:48:02.297	-17.4
15:48:02.305	-21.0
15:48:02.317	-23.6
15:48:02.329	-23.7
15:48:02.341	-20.7
15:48:02.350	-18.3
15:48:02.362	-16.0
15:48:02.374	-13.5
15:48:02.383	-10.8
15:48:02.395	-9.3
15:48:02.407	-5.7
15:48:02.419	-0.7
15:48:02.428	3.0
15:48:02.440	7.6
15:48:02.452	8.6
15:48:02.460	9.8
15:48:02.473	12.3
15:48:02.485	13.4
15:48:02.493	14.5
15:48:02.505	16.2
15:48:02.518	16.2
15:48:02.526	15.4
15:48:02.538	16.6
15:48:02.550	17.1
15:48:02.559	17.8
15:48:02.571	17.4
15:48:02.583	16.1
15:48:02.596	19.0
15:48:02.604	19.9
15:48:02.616	18.4
15:48:02.628	18.6
15:48:02.636	17.5
15:48:02.649	16.2
15:48:02.661	14.3
15:48:02.673	13.7
15:48:02.681	15.2
15:48:02.694	15.1
15:48:02.706	14.7
15:48:02.714	14.8
15:48:02.726	15.6
15:48:02.739	17.0
15:48:02.747	20.1
15:48:02.759	20.5
15:48:02.772	22.6
15:48:02.780	24.1
15:48:02.792	24.5
15:48:02.804	28.2
15:48:02.812	27.5
15:48:02.825	27.0
15:48:02.837	27.1
15:48:02.849	28.9
15:48:02.857	28.7
15:48:02.870	30.0
15:48:02.882	30.8
15:48:02.890	34.2
15:48:02.903	35.6
15:48:02.915	34.1
15:48:02.923	35.2
15:48:02.935	37.7
15:48:02.948	39.2
15:48:02.956	40.5
15:48:02.968	41.6
15:48:02.980	44.7
15:48:02.993	46.5
15:48:03.001	43.9
15:48:03.013	44.5
15:48:03.025	47.5
15:48:03.034	48.4
15:48:03.046	46.9
15:48:03.058	48.3
15:48:03.066	48.3
15:48:03.079	50.6
15:48:03.091	49.7
15:48:03.103	47.8
15:48:03.111	48.4
15:48:03.124	49.3
15:48:03.136	48.7
15:48:03.144	47.7
15:48:03.156	55.4
15:48:03.169	74.1
15:48:03.177	94.3
15:48:03.189	114.7
15:48:03.201	132.3
15:48:03.210	153.4
15:48:03.222	171.2
15:48:03.234	189.5
15:48:03.242	208.5
15:48:03.255	229.4
15:48:03.267	240.6
15:48:03.279	243.3
15:48:03.287	240.2
15:48:03.300	235.6
15:48:03.312	233.5
15:48:03.324	230.7
15:48:03.333	231.6
15:48:03.345	229.6
15:48:03.357	226.2
15:48:03.365	222.1
15:48:03.378	219.7
15:48:03.390	214.5
15:48:03.402	210.6
15:48:03.410	208.5
15:48:03.423	207.4
15:48:03.435	202.9
15:48:03.443	197.7
15:48:03.455	192.0
15:48:03.468	187.5
15:48:03.476	184.0
15:48:03.488	179.7
15:48:03.500	174.6
15:48:03.509	171.5
15:48:03.521	165.3
15:48:03.533	160.5
15:48:03.541	156.7
15:48:03.554	152.7
15:48:03.566	150.9
15:48:03.578	147.4
15:48:03.587	141.2
15:48:03.599	138.7
15:48:03.611	135.1
15:48:03.619	132.7
15:48:03.632	131.3
15:48:03.644	130.6
15:48:03.657	129.6
15:48:03.665	127.0
15:48:03.677	125.3
15:48:03.689	122.9
15:48:03.698	126.1
15:48:03.710	125.8
15:48:03.722	129.3
15:48:03.730	132.7
15:48:03.743	137.7
15:48:03.755	143.0
15:48:03.763	152.2
15:48:03.775	167.5
15:48:03.788	179.4
15:48:03.795	195.6
15:48:03.807	211.7
15:48:03.820	231.4
15:48:03.832	250.8
15:48:03.840	269.6
15:48:03.852	287.9
15:48:03.865	305.0
15:48:03.873	319.8
15:48:03.885	334.4
15:48:03.897	349.1
15:48:03.906	363.8
15:48:03.918	375.5
15:48:03.930	384.3
15:48:03.942	392.1
15:48:03.951	396.6
15:48:03.963	399.9
15:48:03.975	401.0
15:48:03.983	401.8
15:48:03.996	398.5
15:48:04.008	396.4
15:48:04.016	392.0
15:48:04.030	386.7
15:48:04.042	383.9
15:48:04.050	376.9
15:48:04.062	371.1
15:48:04.074	366.1
15:48:04.087	360.5
15:48:04.095	355.8
15:48:04.107	351.4
15:48:04.119	345.6
15:48:04.127	341.0
15:48:04.139	338.1
15:48:04.152	332.3
15:48:04.160	328.5
15:48:04.172	324.7
15:48:04.184	321.0
15:48:04.193	318.4
15:48:04.205	314.5
15:48:04.217	311.9
15:48:04.225	307.0
15:48:04.238	303.5
15:48:04.250	298.1
15:48:04.262	294.1
15:48:04.270	288.5
15:48:04.283	282.9
15:48:04.295	279.2
15:48:04.303	273.4
15:48:04.315	269.3
15:48:04.328	263.2
15:48:04.340	262.3
15:48:04.348	254.4
15:48:04.360	249.7
15:48:04.373	245.2
15:48:04.381	240.9
15:48:04.393	238.9
15:48:04.405	230.1
15:48:04.414	223.2
15:48:04.426	214.8
15:48:04.438	205.8
15:48:04.447	195.1
15:48:04.459	190.7
15:48:04.471	182.2
15:48:04.479	174.3
15:48:04.492	167.7
15:48:04.504	159.5
15:48:04.516	158.2
15:48:04.524	153.9
15:48:04.537	153.1
15:48:04.549	152.2
15:48:04.557	152.5
15:48:04.569	150.9
15:48:04.582	150.5
15:48:04.594	147.9
15:48:04.602	145.4
15:48:04.614	144.0
15:48:04.627	141.8
15:48:04.635	140.9
15:48:04.647	138.1
15:48:04.659	134.8
15:48:04.668	132.0
15:48:04.680	129.4
15:48:04.692	127.3
15:48:04.700	123.7
15:48:04.713	123.7
15:48:04.725	121.3
15:48:04.733	119.2
15:48:04.746	119.0
15:48:04.758	117.1
15:48:04.770	117.1
15:48:04.778	117.2
15:48:04.791	116.2
15:48:04.803	116.7
15:48:04.811	117.7
15:48:04.823	114.7
15:48:04.836	115.0
15:48:04.844	114.1
15:48:04.856	114.1
15:48:04.868	111.6
15:48:04.877	109.3
15:48:04.889	105.8
15:48:04.901	103.1
15:48:04.914	99.4
15:48:04.922	97.7
15:48:04.934	96.9
15:48:04.946	94.8
15:48:04.954	92.4
15:48:04.967	89.3
15:48:04.979	88.9
15:48:04.987	87.0
15:48:04.999	86.0
15:48:05.012	85.9
15:48:05.024	84.5
15:48:05.032	84.1
15:48:05.045	81.6
15:48:05.057	79.7
15:48:05.065	76.6
15:48:05.077	73.2
15:48:05.090	69.2
15:48:05.098	68.0
15:48:05.110	63.8
15:48:05.122	59.4
15:48:05.131	53.7
15:48:05.143	47.4
15:48:05.155	43.1
15:48:05.163	36.8
15:48:05.176	31.3
15:48:05.188	24.3
15:48:05.200	19.8
15:48:05.208	13.6
15:48:05.221	8.8
15:48:05.233	2.0
15:48:05.241	-2.4
15:48:05.253	-8.1
15:48:05.266	-15.0
15:48:05.278	-20.3
15:48:05.286	-26.5
15:48:05.298	-30.0
15:48:05.311	-35.0
15:48:05.319	-37.1
15:48:05.331	-42.3
15:48:05.344	-47.2
15:48:05.352	-51.4
15:48:05.364	-54.5
15:48:05.376	-56.2
15:48:05.384	-58.5
15:48:05.397	-61.4
15:48:05.409	-64.1
15:48:05.417	-66.0
15:48:05.430	-69.4
15:48:05.442	-69.4
15:48:05.454	-71.3
15:48:05.463	-73.7
15:48:05.475	-77.4
15:48:05.487	-80.8
15:48:05.499	-82.7
15:48:05.508	-83.3
15:48:05.520	-84.8
15:48:05.532	-86.8
15:48:05.540	-88.3
15:48:05.553	-91.9
15:48:05.565	-90.6
15:48:05.577	-91.9
15:48:05.585	-92.0
15:48:05.598	-92.6
15:48:05.610	-93.0
15:48:05.618	-94.0
15:48:05.631	-94.6
15:48:05.643	-94.6
15:48:05.651	-96.0
15:48:05.663	-95.4
15:48:05.676	-96.7
15:48:05.684	-96.5
15:48:05.696	-96.6
15:48:05.709	-96.9
15:48:05.717	-97.7
15:48:05.729	-96.7
15:48:05.741	-97.2
15:48:05.753	-96.6
15:48:05.762	-96.3
15:48:05.774	-95.3
15:48:05.786	-94.1
15:48:05.795	-91.0
15:48:05.807	-89.2
15:48:05.819	-86.1
15:48:05.827	-83.2
15:48:05.840	-80.4
15:48:05.852	-76.7
15:48:05.864	-74.5
15:48:05.872	-72.3
15:48:05.885	-70.7
15:48:05.897	-68.5
15:48:05.905	-67.4
15:48:05.917	-63.7
15:48:05.930	-61.4
15:48:05.938	-60.5
15:48:05.950	-59.6
15:48:05.962	-56.5
15:48:05.971	-54.8
15:48:05.983	-53.5
15:48:05.995	-50.8
15:48:06.007	-49.4
15:48:06.016	-50.0
15:48:06.028	-48.3
15:48:06.040	-47.4
15:48:06.048	-46.3
15:48:06.061	-42.7
15:48:06.073	-42.4
15:48:06.082	-40.7
15:48:06.094	-40.4
15:48:06.106	-39.8
15:48:06.114	-38.9
15:48:06.126	-35.3
15:48:06.138	-36.3
15:48:06.147	-35.6
15:48:06.159	-32.1
15:48:06.171	-32.2
15:48:06.183	-27.7
15:48:06.192	-25.4
15:48:06.204	-21.4
15:48:06.216	-19.4
15:48:06.224	-16.7
15:48:06.237	-14.5
15:48:06.249	-13.5
15:48:06.261	-9.5
15:48:06.270	-9.4
15:48:06.282	-9.0
15:48:06.294	-9.8
15:48:06.302	-10.0
15:48:06.315	-8.9
15:48:06.327	-9.6
15:48:06.335	-8.7
15:48:06.347	-8.7
15:48:06.360	-5.9
15:48:06.368	-6.2
15:48:06.379	-3.0
15:48:06.392	-0.3
15:48:06.400	0.0
15:48:06.412	-0.2
15:48:06.424	-0.6
15:48:06.437	0.4
15:48:06.445	-2.2
15:48:06.457	0.0
15:48:06.470	-0.8
15:48:06.478	-0.3
15:48:06.490	-0.9
15:48:06.503	-2.1
15:48:06.515	-2.7
15:48:06.523	-0.2
15:48:06.535	-0.7
15:48:06.548	-0.1
15:48:06.556	2.0
15:48:06.568	1.8
15:48:06.580	2.3
15:48:06.589	0.5
15:48:06.601	-0.4
15:48:06.613	0.6
15:48:06.621	0.2
15:48:06.634	-0.5
15:48:06.646	1.1
15:48:06.654	0.6
15:48:06.667	2.1
15:48:06.679	2.0
15:48:06.691	2.5
15:48:06.700	5.7
15:48:06.712	6.1
15:48:06.724	8.1
15:48:06.732	11.1
15:48:06.745	12.1
15:48:06.757	12.1
15:48:06.765	15.2
15:48:06.777	16.2
15:48:06.790	16.0
15:48:06.798	17.9
15:48:06.810	17.7
15:48:06.822	22.0
15:48:06.835	21.7
15:48:06.843	20.9
15:48:06.855	21.2
15:48:06.867	23.8
15:48:06.876	24.1
15:48:06.888	24.7
15:48:06.900	27.9
15:48:06.908	27.9
15:48:06.921	29.6
15:48:06.933	26.3
15:48:06.945	25.8
15:48:06.953	25.9
15:48:06.966	28.3
15:48:06.978	26.0
15:48:06.986	25.4
15:48:06.999	25.2
15:48:07.011	26.0
15:48:07.019	28.1
15:48:07.032	28.5
15:48:07.044	34.0
15:48:07.052	34.2
15:48:07.064	34.3
15:48:07.077	30.5
15:48:07.085	31.4
15:48:07.097	30.2
15:48:07.109	30.4
15:48:07.122	25.9
15:48:07.130	25.1
15:48:07.142	25.2
15:48:07.154	20.3
15:48:07.163	20.0
15:48:07.175	20.5
15:48:07.187	22.5
15:48:07.199	22.2
15:48:07.208	23.7
15:48:07.220	25.0
15:48:07.232	28.4
15:48:07.240	27.9
15:48:07.253	26.4
15:48:07.265	26.3
15:48:07.273	27.3
15:48:07.285	29.5
15:48:07.298	29.0
15:48:07.306	28.4
15:48:07.318	29.1
15:48:07.330	26.8
15:48:07.339	26.2
15:48:07.351	25.8
15:48:07.363	25.3
15:48:07.375	24.1
15:48:07.384	20.9
15:48:07.396	16.8
15:48:07.408	13.6
15:48:07.420	11.0
15:48:07.429	4.0
15:48:07.441	0.2
15:48:07.449	-5.0
15:48:07.461	-7.8
15:48:07.474	-12.0
15:48:07.486	-15.6
15:48:07.498	-20.2
15:48:07.506	-26.3
15:48:07.519	-28.4
15:48:07.531	-32.0
15:48:07.539	-33.8
15:48:07.551	-36.8
15:48:07.564	-39.1
15:48:07.572	-45.1
15:48:07.584	-49.2
15:48:07.597	-51.5
15:48:07.605	-51.5
15:48:07.617	-50.3
15:48:07.629	-53.4
15:48:07.638	-55.9
15:48:07.650	-56.6
15:48:07.662	-55.2
15:48:07.674	-56.0
15:48:07.683	-53.8
15:48:07.695	-54.6
15:48:07.707	-58.5
15:48:07.715	-60.3
15:48:07.728	-64.0
15:48:07.740	-65.3
15:48:07.748	-66.1
15:48:07.760	-68.0
15:48:07.773	-71.4
15:48:07.785	-72.6
15:48:07.793	-77.4
15:48:07.805	-77.7
15:48:07.818	-76.3
15:48:07.826	-78.3
15:48:07.838	-77.1
15:48:07.850	-78.0
15:48:07.859	-76.9
15:48:07.871	-76.9
15:48:07.883	-77.4
15:48:07.892	-79.0
15:48:07.904	-80.1
15:48:07.916	-80.6
15:48:07.928	-83.4
15:48:07.937	-86.6
15:48:07.949	-92.2
15:48:07.961	-95.6
15:48:07.969	-104.4
15:48:07.982	-122.9
15:48:07.994	-143.3
15:48:08.002	-163.0
15:48:08.014	-179.9
15:48:08.026	-200.1
15:48:08.034	-217.4
15:48:08.046	-232.7
15:48:08.059	-246.7
15:48:08.067	-263.8
15:48:08.079	-274.9
15:48:08.092	-276.1
15:48:08.104	-276.2
15:48:08.112	-276.7
15:48:08.124	-275.4
15:48:08.137	-275.3
15:48:08.145	-275.2
15:48:08.157	-276.1
15:48:08.169	-276.8
15:48:08.182	-272.7
15:48:08.190	-273.7
15:48:08.202	-271.6
15:48:08.214	-269.8
15:48:08.223	-268.7
15:48:08.235	-268.7
15:48:08.247	-266.5
15:48:08.255	-266.0
15:48:08.268	-265.2
15:48:08.280	-266.0
15:48:08.288	-269.2
15:48:08.300	-267.5
15:48:08.313	-269.0
15:48:08.321	-268.0
15:48:08.333	-265.6
15:48:08.345	-266.0
15:48:08.358	-266.6
15:48:08.366	-266.1
15:48:08.378	-265.3
15:48:08.390	-264.2
15:48:08.399	-263.1
15:48:08.411	-260.5
15:48:08.423	-256.9
15:48:08.435	-255.4
15:48:08.444	-253.4
15:48:08.456	-251.9
15:48:08.468	-249.6
15:48:08.476	-247.4
15:48:08.489	-245.2
15:48:08.501	-241.3
15:48:08.509	-236.0
15:48:08.521	-232.3
15:48:08.534	-230.3
15:48:08.542	-229.7
15:48:08.554	-227.4
15:48:08.567	-224.3
15:48:08.575	-221.1
15:48:08.587	-217.1
15:48:08.599	-213.0
15:48:08.612	-210.5
15:48:08.620	-207.6
15:48:08.632	-207.4
15:48:08.644	-202.6
15:48:08.653	-198.4
15:48:08.665	-197.6
15:48:08.677	-194.0
15:48:08.685	-192.2
15:48:08.698	-189.2
15:48:08.710	-186.9
15:48:08.718	-184.0
15:48:08.730	-181.4
15:48:08.743	-178.3
15:48:08.755	-178.1
15:48:08.763	-177.5
15:48:08.775	-174.6
15:48:08.788	-173.7
15:48:08.797	-169.5
15:48:08.808	-166.0
15:48:08.821	-163.3
15:48:08.829	-159.3
15:48:08.841	-157.1
15:48:08.853	-154.4
15:48:08.866	-151.4
15:48:08.874	-147.4
15:48:08.886	-143.9
15:48:08.898	-141.2
15:48:08.907	-139.7
15:48:08.919	-140.1
15:48:08.931	-138.2
15:48:08.939	-135.9
15:48:08.952	-133.1
15:48:08.964	-130.0
15:48:08.972	-128.5
15:48:08.984	-125.7
15:48:08.997	-124.0
15:48:09.005	-122.8
15:48:09.017	-119.8
15:48:09.029	-115.9
15:48:09.042	-111.8
15:48:09.050	-108.7
15:48:09.062	-107.3
15:48:09.074	-105.9
15:48:09.083	-101.9
15:48:09.095	-97.6
15:48:09.107	-96.6
15:48:09.119	-91.4
15:48:09.128	-91.7
15:48:09.140	-87.8
15:48:09.152	-87.2
15:48:09.160	-85.8
15:48:09.173	-82.9
15:48:09.185	-77.7
15:48:09.193	-76.1
15:48:09.205	-75.6
15:48:09.218	-72.9
15:48:09.226	-69.2
15:48:09.238	-62.5
15:48:09.250	-61.8
15:48:09.259	-57.6
15:48:09.271	-54.6
15:48:09.283	-50.4
15:48:09.297	-49.9
15:48:09.304	-45.8
15:48:09.316	-43.2
15:48:09.329	-38.9
15:48:09.337	-39.8
15:48:09.350	-39.9
15:48:09.362	-37.1
15:48:09.370	-36.1
15:48:09.383	-35.3
15:48:09.395	-36.0
15:48:09.407	-35.9
15:48:09.419	-36.6
15:48:09.428	-35.5
15:48:09.440	-35.2
15:48:09.452	-31.9
15:48:09.460	-30.2
15:48:09.473	-28.9
15:48:09.485	-26.2
15:48:09.493	-23.9
15:48:09.505	-20.9
15:48:09.517	-19.1
15:48:09.525	-16.8
15:48:09.537	-14.4
15:48:09.550	-13.9
15:48:09.558	-12.5
15:48:09.570	-10.6
15:48:09.582	-7.9
15:48:09.591	-6.8
15:48:09.603	-4.8
15:48:09.615	-3.3
15:48:09.627	-0.3
15:48:09.636	1.5
15:48:09.648	3.5
15:48:09.660	5.8
15:48:09.668	5.0
15:48:09.681	8.6
15:48:09.693	9.8
15:48:09.705	10.4
15:48:09.713	12.8
15:48:09.726	13.3
15:48:09.738	11.1
15:48:09.746	11.2
15:48:09.758	12.7
15:48:09.771	11.8
15:48:09.779	15.4
15:48:09.791	15.4
15:48:09.803	15.1
15:48:09.812	16.6
15:48:09.824	14.5
15:48:09.836	15.5
15:48:09.848	18.2
15:48:09.857	19.4
15:48:09.869	19.2
15:48:09.881	21.5
15:48:09.889	21.3
15:48:09.902	19.9
15:48:09.914	20.7
15:48:09.922	19.8
15:48:09.934	20.4
15:48:09.947	21.3
15:48:09.955	21.7
15:48:09.967	21.2
15:48:09.980	19.3
15:48:09.988	20.4
15:48:10.000	22.1
15:48:10.012	22.0
15:48:10.025	20.8
15:48:10.033	21.5
15:48:10.045	20.7
15:48:10.057	18.9
15:48:10.066	19.2
15:48:10.078	23.0
15:48:10.090	27.8
15:48:10.103	31.5
15:48:10.111	32.9
15:48:10.123	36.8
15:48:10.135	40.3
15:48:10.144	42.8
15:48:10.156	46.5
15:48:10.168	52.1
15:48:10.176	55.5
15:48:10.189	57.7
15:48:10.201	58.5
15:48:10.209	59.2
15:48:10.221	63.2
15:48:10.234	66.5
15:48:10.242	69.5
15:48:10.254	72.8
15:48:10.266	73.8
15:48:10.279	74.1
15:48:10.287	74.8
15:48:10.299	74.5
15:48:10.312	73.1
15:48:10.320	71.5
15:48:10.332	70.1
15:48:10.344	68.3
15:48:10.357	66.7
15:48:10.365	64.9
15:48:10.377	65.4
15:48:10.389	61.7
15:48:10.397	59.8
15:48:10.410	59.1
15:48:10.422	59.6
15:48:10.430	58.8
15:48:10.443	56.5
15:48:10.455	54.4
15:48:10.463	51.3
15:48:10.475	50.3
15:48:10.488	48.0
15:48:10.496	50.1
15:48:10.508	50.3
15:48:10.520	49.7
15:48:10.533	47.4
15:48:10.541	47.9
15:48:10.553	47.9
15:48:10.565	49.0
15:48:10.574	49.7
15:48:10.586	49.8
15:48:10.598	48.8
15:48:10.606	45.7
15:48:10.619	43.7
15:48:10.631	40.5
15:48:10.639	43.2
15:48:10.651	41.9
15:48:10.664	38.8
15:48:10.676	35.2
15:48:10.684	32.3
15:48:10.696	29.4
15:48:10.709	27.6
15:48:10.717	25.9
15:48:10.729	24.4
15:48:10.741	23.0
15:48:10.750	17.6
15:48:10.762	15.4
15:48:10.774	13.1
15:48:10.788	11.3
15:48:10.795	9.4
15:48:10.807	6.5
15:48:10.819	5.3
15:48:10.828	1.6
15:48:10.840	0.0
15:48:10.852	-1.1
15:48:10.860	-2.4
15:48:10.873	-2.5
15:48:10.885	-3.8
15:48:10.893	-6.8
15:48:10.905	-8.1
15:48:10.918	-7.8
15:48:10.926	-9.5
15:48:10.938	-8.2
15:48:10.950	-8.8
15:48:10.963	-9.5
15:48:10.971	-10.5
15:48:10.983	-14.4
15:48:10.996	-14.9
15:48:11.004	-14.2
15:48:11.016	-15.7
15:48:11.028	-18.0
15:48:11.041	-21.2
15:48:11.049	-23.8
15:48:11.061	-26.2
15:48:11.073	-28.5
15:48:11.081	-30.5
15:48:11.094	-31.1
15:48:11.106	-32.3
15:48:11.114	-35.4
15:48:11.127	-36.5
15:48:11.139	-37.0
15:48:11.147	-36.8
15:48:11.159	-33.3
15:48:11.172	-35.2
15:48:11.180	-37.2
15:48:11.192	-38.5
15:48:11.204	-42.6
15:48:11.217	-45.4
15:48:11.225	-46.1
15:48:11.237	-49.3
15:48:11.249	-51.6
15:48:11.258	-52.4
15:48:11.270	-60.0
15:48:11.282	-61.5
15:48:11.291	-65.2
15:48:11.303	-65.8
15:48:11.315	-66.7
15:48:11.327	-68.7
15:48:11.335	-71.9
15:48:11.348	-75.0
15:48:11.360	-77.0
15:48:11.372	-82.8
15:48:11.380	-82.9
15:48:11.393	-85.0
15:48:11.405	-85.1
15:48:11.413	-88.2
15:48:11.425	-89.8
15:48:11.438	-93.1
15:48:11.446	-96.1
15:48:11.458	-95.6
15:48:11.471	-98.3
15:48:11.479	-99.1
15:48:11.492	-103.6
15:48:11.503	-104.7
15:48:11.516	-109.1
15:48:11.524	-112.0
15:48:11.536	-116.6
15:48:11.548	-117.5
15:48:11.557	-118.4
15:48:11.569	-120.1
15:48:11.581	-120.9
15:48:11.589	-120.7
15:48:11.602	-119.1
15:48:11.614	-120.1
15:48:11.626	-117.6
15:48:11.634	-115.4
15:48:11.647	-110.2
15:48:11.659	-109.7
15:48:11.667	-108.2
15:48:11.679	-108.1
15:48:11.692	-107.7
15:48:11.700	-106.5
15:48:11.712	-104.8
15:48:11.724	-104.1
15:48:11.733	-104.3
15:48:11.745	-104.1
15:48:11.757	-105.2
15:48:11.769	-102.8
15:48:11.778	-101.3
15:48:11.790	-100.3
15:48:11.802	-100.1
15:48:11.810	-99.8
15:48:11.823	-98.6
15:48:11.835	-97.2
15:48:11.843	-96.6
15:48:11.855	-97.1
15:48:11.868	-96.6
15:48:11.876	-95.1
15:48:11.888	-93.8
15:48:11.901	-93.6
15:48:11.909	-99.9
15:48:11.921	-104.7
15:48:11.934	-111.9
15:48:11.946	-118.0
15:48:11.954	-122.9
15:48:11.966	-127.4
15:48:11.979	-132.6
15:48:11.987	-140.7
15:48:11.999	-148.0
15:48:12.011	-154.6
15:48:12.024	-151.0
15:48:12.032	-151.0
15:48:12.044	-148.5
15:48:12.056	-147.8
15:48:12.065	-147.6
15:48:12.077	-145.6
15:48:12.089	-142.7
15:48:12.097	-139.9
15:48:12.110	-138.3
15:48:12.122	-134.8
15:48:12.130	-134.8
15:48:12.142	-131.0
15:48:12.155	-130.0
15:48:12.163	-126.8
15:48:12.175	-123.2
15:48:12.188	-123.5
15:48:12.200	-123.1
15:48:12.208	-122.5
15:48:12.220	-120.4
15:48:12.233	-118.8
15:48:12.241	-117.5
15:48:12.253	-117.7
15:48:12.265	-117.9
15:48:12.277	-118.0
15:48:12.286	-118.2
15:48:12.298	-117.1
15:48:12.310	-116.6
15:48:12.318	-116.2
15:48:12.331	-115.7
15:48:12.343	-111.9
15:48:12.351	-111.0
15:48:12.363	-108.3
15:48:12.376	-106.4
15:48:12.384	-106.7
15:48:12.396	-106.4
15:48:12.409	-104.1
15:48:12.417	-103.6
15:48:12.429	-101.0
15:48:12.441	-98.7
15:48:12.454	-100.1
15:48:12.462	-98.0
15:48:12.474	-98.0
15:48:12.487	-94.0
15:48:12.495	-91.6
15:48:12.507	-90.5
15:48:12.519	-90.5
15:48:12.527	-89.1
15:48:12.540	-88.0
15:48:12.552	-88.7
15:48:12.560	-88.2
15:48:12.572	-88.8
15:48:12.585	-90.5
15:48:12.597	-92.3
15:48:12.605	-91.8
15:48:12.617	-96.6
15:48:12.630	-101.8
15:48:12.638	-105.9
15:48:12.650	-113.0
15:48:12.662	-117.3
15:48:12.671	-121.9
15:48:12.683	-124.2
15:48:12.695	-128.1
15:48:12.707	-135.0
15:48:12.716	-140.1
15:48:12.728	-138.6
15:48:12.740	-136.8
15:48:12.748	-136.0
15:48:12.761	-133.6
15:48:12.773	-132.3
15:48:12.781	-128.9
15:48:12.793	-130.3
15:48:12.806	-129.2
15:48:12.814	-127.4
15:48:12.826	-126.5
15:48:12.839	-125.2
15:48:12.847	-124.3
15:48:12.859	-123.2
15:48:12.871	-122.4
15:48:12.884	-120.8
15:48:12.892	-121.7
15:48:12.904	-119.3
15:48:12.916	-116.4
15:48:12.924	-115.5
15:48:12.937	-113.6
15:48:12.949	-111.8
15:48:12.961	-111.1
15:48:12.970	-110.0
15:48:12.982	-107.5
15:48:12.994	-106.8
15:48:13.002	-103.9
15:48:13.015	-104.2
15:48:13.027	-103.4
15:48:13.035	-101.0
15:48:13.047	-100.3
15:48:13.060	-99.4
15:48:13.068	-96.6
15:48:13.080	-94.8
15:48:13.092	-92.7
15:48:13.101	-88.4
15:48:13.113	-88.8
15:48:13.125	-85.4
15:48:13.137	-85.6
15:48:13.146	-83.8
15:48:13.158	-83.1
15:48:13.170	-82.1
15:48:13.178	-83.4
15:48:13.191	-83.5
15:48:13.203	-82.8
15:48:13.211	-84.9
15:48:13.223	-83.0
15:48:13.236	-84.4
15:48:13.248	-82.8
15:48:13.256	-83.9
15:48:13.268	-82.8
15:48:13.281	-81.0
15:48:13.289	-77.8
15:48:13.301	-76.9
15:48:13.313	-77.1
15:48:13.326	-76.3
15:48:13.334	-77.5
15:48:13.346	-74.8
15:48:13.358	-74.0
15:48:13.367	-72.3
15:48:13.379	-70.0
15:48:13.391	-69.2
15:48:13.400	-71.6
15:48:13.412	-71.0
15:48:13.424	-69.0
15:48:13.437	-68.1
15:48:13.445	-65.5
15:48:13.457	-67.2
15:48:13.470	-66.5
15:48:13.478	-64.5
15:48:13.490	-65.2
15:48:13.502	-64.9
15:48:13.511	-63.1
15:48:13.523	-59.7
15:48:13.535	-60.0
15:48:13.548	-59.4
15:48:13.556	-58.3
15:48:13.568	-55.3
15:48:13.580	-54.8
15:48:13.589	-54.6
15:48:13.601	-52.2
15:48:13.613	-52.9
15:48:13.621	-50.7
15:48:13.634	-52.6
15:48:13.646	-51.9
15:48:13.654	-52.0
15:48:13.666	-51.9
15:48:13.679	-51.8
15:48:13.691	-52.0
15:48:13.699	-50.5
15:48:13.712	-52.5
15:48:13.723	-49.5
15:48:13.731	-48.3
15:48:13.744	-47.4
15:48:13.756	-48.5
15:48:13.765	-45.2
15:48:13.776	-43.7
15:48:13.789	-44.0
15:48:13.798	-41.7
15:48:13.810	-42.4
15:48:13.822	-39.6
15:48:13.830	-41.2
15:48:13.843	-40.1
15:48:13.855	-40.0
15:48:13.867	-38.4
15:48:13.876	-39.8
15:48:13.888	-41.5
15:48:13.899	-41.4
15:48:13.907	-40.6
15:48:13.920	-38.6
15:48:13.932	-37.8
15:48:13.944	-37.2
15:48:13.952	-36.7
15:48:13.965	-35.5
15:48:13.977	-34.0
15:48:13.985	-33.0
15:48:13.998	-30.5
15:48:14.010	-28.8
15:48:14.018	-28.0
15:48:14.030	-28.4
15:48:14.043	-29.2
15:48:14.051	-27.9
15:48:14.063	-28.1
15:48:14.075	-28.4
15:48:14.084	-26.9
15:48:14.096	-28.2
15:48:14.108	-29.3
15:48:14.120	-28.6
15:48:14.129	-29.4
15:48:14.141	-29.0
15:48:14.153	-29.1
15:48:14.161	-28.1
15:48:14.174	-29.3
15:48:14.186	-29.5
15:48:14.198	-30.7
15:48:14.206	-29.9
15:48:14.219	-30.4
15:48:14.231	-31.5
15:48:14.239	-29.9
15:48:14.251	-32.4
15:48:14.264	-30.4
15:48:14.272	-31.7
15:48:14.284	-30.1
15:48:14.296	-28.3
15:48:14.305	-27.9
15:48:14.317	-26.4
15:48:14.329	-25.3
15:48:14.338	-24.5
15:48:14.350	-25.2
15:48:14.362	-21.7
15:48:14.375	-22.1
15:48:14.383	-19.8
15:48:14.395	-20.1
15:48:14.407	-19.6
15:48:14.415	-19.2
15:48:14.428	-19.4
15:48:14.440	-18.0
15:48:14.448	-16.2
15:48:14.461	-15.3
15:48:14.473	-16.9
15:48:14.481	-15.5
15:48:14.493	-16.1
15:48:14.506	-15.4
15:48:14.518	-15.3
15:48:14.526	-17.0
15:48:14.538	-15.5
15:48:14.551	-14.7
15:48:14.559	-14.7
15:48:14.571	-15.6
15:48:14.584	-14.5
15:48:14.592	-15.1
15:48:14.604	-15.2
15:48:14.616	-15.7
15:48:14.629	-16.0
15:48:14.637	-14.3
15:48:14.649	-15.6
15:48:14.661	-16.7
15:48:14.670	-17.0
15:48:14.682	-15.4
15:48:14.694	-14.4
15:48:14.702	-13.4
15:48:14.714	-13.0
15:48:14.727	-12.5
15:48:14.735	-11.9
15:48:14.747	-11.1
15:48:14.760	-11.5
15:48:14.768	-10.6
15:48:14.780	-11.2
15:48:14.792	-13.4
15:48:14.805	-13.1
15:48:14.813	-15.6
15:48:14.825	-14.9
15:48:14.837	-13.8
15:48:14.846	-13.8
15:48:14.858	-13.7
15:48:14.870	-12.1
15:48:14.883	-11.5
15:48:14.891	-11.1
15:48:14.903	-8.4
15:48:14.915	-9.7
15:48:14.924	-7.2
15:48:14.936	-7.5
15:48:14.948	-8.8
15:48:14.956	-8.9
15:48:14.969	-7.7
15:48:14.981	-7.7
15:48:14.989	-7.1
15:48:15.001	-6.0
15:48:15.014	-6.2
15:48:15.022	-5.8
15:48:15.034	-6.3
15:48:15.046	-3.5
15:48:15.059	-4.4
15:48:15.067	-3.2
15:48:15.079	-3.7
15:48:15.091	-3.6
15:48:15.100	-4.2
15:48:15.112	-4.9
15:48:15.124	-5.1
15:48:15.132	-4.1
15:48:15.145	-4.7
15:48:15.157	-5.7
15:48:15.169	-4.8
15:48:15.177	-5.2
15:48:15.190	-7.0
15:48:15.202	-6.5
15:48:15.210	-6.6
15:48:15.223	-6.5
15:48:15.235	-6.0
15:48:15.243	-5.0
15:48:15.255	-2.0
15:48:15.268	-3.7
15:48:15.276	-2.4
15:48:15.288	-2.7
15:48:15.300	-2.4
15:48:15.313	-3.7
15:48:15.321	-4.0
15:48:15.333	-4.5
15:48:15.345	-4.2
15:48:15.354	-6.1
15:48:15.366	-9.1
15:48:15.378	-9.6
15:48:15.386	-9.6
15:48:15.399	-8.7
15:48:15.411	-8.1
15:48:15.419	-7.2
15:48:15.431	-7.3
15:48:15.444	-6.5
15:48:15.456	-6.8
15:48:15.464	-5.6
15:48:15.476	-4.9
15:48:15.489	-1.6
15:48:15.501	-1.6
15:48:15.509	-2.6
15:48:15.521	-2.0
15:48:15.534	-1.1
15:48:15.542	0.3
15:48:15.554	1.8
15:48:15.566	1.0
15:48:15.575	1.0
15:48:15.587	0.0
15:48:15.599	-3.1
15:48:15.611	-2.2
15:48:15.620	-0.6
15:48:15.632	0.4
15:48:15.644	0.7
15:48:15.653	0.4
15:48:15.665	-0.3
15:48:15.677	0.1
15:48:15.685	-1.0
15:48:15.697	1.7
15:48:15.710	1.9
15:48:15.718	-0.5
15:48:15.730	-2.2
15:48:15.743	-4.0
15:48:15.751	-3.1
15:48:15.763	-4.1
15:48:15.775	-5.3
15:48:15.788	-4.2
15:48:15.796	-2.5
15:48:15.808	-2.3
15:48:15.820	-0.2
15:48:15.829	1.2
15:48:15.841	3.7
15:48:15.853	3.8
15:48:15.865	3.2
15:48:15.874	3.7
15:48:15.886	5.6
15:48:15.898	4.8
15:48:15.906	3.7
15:48:15.919	2.2
15:48:15.931	-0.4
15:48:15.939	0.6
15:48:15.951	-0.9
15:48:15.964	0.6
15:48:15.972	1.3
15:48:15.984	1.7
15:48:15.996	1.1
15:48:16.005	1.9
15:48:16.017	2.3
15:48:16.029	2.2
15:48:16.041	2.3
15:48:16.050	1.9
15:48:16.062	2.1
15:48:16.074	1.5
15:48:16.082	0.8
15:48:16.095	-0.7
15:48:16.107	-2.6
15:48:16.119	-2.7
15:48:16.127	-2.5
15:48:16.140	-1.0
15:48:16.152	-0.6
15:48:16.160	0.4
15:48:16.172	0.1
15:48:16.185	0.3
15:48:16.193	0.5
15:48:16.205	1.7
15:48:16.218	2.8
15:48:16.226	3.1
15:48:16.238	2.7
15:48:16.250	2.5
15:48:16.258	3.1
15:48:16.271	0.7
15:48:16.283	1.3
15:48:16.295	1.2
15:48:16.304	0.8
15:48:16.316	0.7
15:48:16.328	1.3
15:48:16.336	0.5
15:48:16.349	1.0
15:48:16.361	0.2
15:48:16.369	-0.7
15:48:16.381	1.0
15:48:16.394	1.8
15:48:16.402	2.0
15:48:16.414	2.7
15:48:16.426	4.4
15:48:16.439	7.4
15:48:16.447	10.5
15:48:16.459	12.7
15:48:16.471	13.9
15:48:16.480	17.6
15:48:16.492	19.1
15:48:16.504	22.0
15:48:16.512	24.3
15:48:16.525	31.1
15:48:16.537	41.2
15:48:16.549	52.2
15:48:16.557	61.3
15:48:16.570	73.1
15:48:16.582	86.3
15:48:16.590	97.9
15:48:16.602	111.2
15:48:16.615	123.0
15:48:16.623	137.7
15:48:16.635	145.2
15:48:16.648	148.4
15:48:16.656	153.0
15:48:16.668	158.4
15:48:16.680	162.9
15:48:16.688	165.4
15:48:16.701	170.5
15:48:16.713	174.7
15:48:16.725	179.6
15:48:16.734	182.7
15:48:16.746	186.6
15:48:16.758	191.8
15:48:16.766	193.6
15:48:16.779	196.0
15:48:16.791	199.4
15:48:16.803	202.5
15:48:16.811	202.4
15:48:16.824	203.2
15:48:16.836	202.5
15:48:16.844	205.6
15:48:16.856	206.5
15:48:16.869	207.8
15:48:16.877	209.7
15:48:16.889	211.3
15:48:16.901	212.2
15:48:16.910	217.1
15:48:16.922	224.5
15:48:16.934	231.8
15:48:16.942	239.7
15:48:16.955	244.8
15:48:16.967	252.9
15:48:16.979	260.1
15:48:16.987	265.3
15:48:17.000	272.0
15:48:17.012	276.4
15:48:17.024	281.2
15:48:17.032	283.4
15:48:17.045	284.9
15:48:17.057	285.7
15:48:17.065	284.8
15:48:17.077	285.7
15:48:17.090	286.2
15:48:17.102	286.9
15:48:17.110	285.1
15:48:17.122	286.3
15:48:17.135	285.2
15:48:17.143	285.7
15:48:17.155	285.6
15:48:17.167	286.0
15:48:17.176	284.1
15:48:17.188	282.7
15:48:17.200	281.3
15:48:17.209	280.2
15:48:17.221	281.1
15:48:17.233	278.2
15:48:17.241	275.3
15:48:17.254	270.8
15:48:17.266	268.1
15:48:17.278	264.8
15:48:17.287	264.6
15:48:17.299	262.4
15:48:17.311	261.2
15:48:17.319	257.4
15:48:17.332	253.7
15:48:17.344	253.0
15:48:17.352	251.1
15:48:17.364	251.0
15:48:17.377	248.2
15:48:17.389	245.5
15:48:17.397	242.9
15:48:17.409	239.3
15:48:17.422	236.0
15:48:17.430	234.2
15:48:17.442	234.2
15:48:17.454	231.9
15:48:17.463	229.9
15:48:17.475	225.6
15:48:17.487	224.1
15:48:17.495	223.7
15:48:17.508	222.0
15:48:17.520	218.6
15:48:17.532	216.9
15:48:17.540	216.5
15:48:17.553	212.3
15:48:17.565	211.4
15:48:17.573	210.8
15:48:17.585	213.6
15:48:17.598	213.8
15:48:17.606	216.5
15:48:17.618	221.1
15:48:17.630	228.0
15:48:17.639	231.8
15:48:17.651	238.6
15:48:17.663	245.5
15:48:17.671	249.9
15:48:17.684	255.4
15:48:17.696	257.0
15:48:17.708	258.4
15:48:17.717	257.8
15:48:17.729	257.5
15:48:17.741	256.5
15:48:17.749	253.7
15:48:17.762	250.3
15:48:17.774	248.1
15:48:17.786	246.0
15:48:17.794	242.7
15:48:17.807	239.8
15:48:17.819	238.8
15:48:17.827	237.7
15:48:17.839	233.4
15:48:17.852	230.0
15:48:17.860	228.3
15:48:17.872	224.9
15:48:17.884	221.5
15:48:17.893	216.5
15:48:17.905	213.0
15:48:17.917	212.2
15:48:17.925	208.8
15:48:17.938	202.5
15:48:17.950	200.9
15:48:17.962	198.7
15:48:17.970	195.9
15:48:17.983	193.7
15:48:17.995	191.3
15:48:18.003	191.2
15:48:18.015	186.9
15:48:18.028	184.6
15:48:18.040	181.4
15:48:18.048	182.4
15:48:18.060	179.2
15:48:18.073	176.0
15:48:18.081	176.5
15:48:18.093	172.8
15:48:18.105	170.8
15:48:18.114	166.0
15:48:18.126	164.6
15:48:18.138	159.6
15:48:18.147	156.1
15:48:18.159	149.6
15:48:18.171	146.0
15:48:18.179	140.7
15:48:18.191	134.3
15:48:18.204	131.6
15:48:18.216	125.1
15:48:18.224	120.8
15:48:18.237	116.2
15:48:18.249	111.8
15:48:18.257	109.4
15:48:18.269	105.6
15:48:18.282	100.7
15:48:18.290	98.2
15:48:18.302	93.6
15:48:18.314	87.1
15:48:18.323	83.7
15:48:18.335	77.7
15:48:18.347	71.5
15:48:18.359	64.7
15:48:18.368	55.3
15:48:18.380	48.9
15:48:18.392	41.5
15:48:18.400	35.0
15:48:18.413	26.4
15:48:18.426	21.4
15:48:18.434	12.7
15:48:18.446	10.4
15:48:18.459	6.4
15:48:18.471	2.4
15:48:18.479	0.3
15:48:18.492	-4.1
15:48:18.503	-5.0
15:48:18.511	-7.4
15:48:18.523	-6.9
15:48:18.536	-9.6
15:48:18.544	-7.6
15:48:18.556	-11.5
15:48:18.569	-13.5
15:48:18.577	-14.4
15:48:18.589	-17.0
15:48:18.601	-18.3
15:48:18.610	-21.4
15:48:18.622	-24.4
15:48:18.634	-27.8
15:48:18.647	-30.4
15:48:18.655	-33.5
15:48:18.667	-35.7
15:48:18.679	-37.4
15:48:18.688	-40.2
15:48:18.700	-40.8
15:48:18.712	-40.7
15:48:18.725	-41.1
15:48:18.733	-41.1
15:48:18.745	-43.0
15:48:18.757	-44.0
15:48:18.766	-45.3
15:48:18.778	-46.2
15:48:18.790	-47.9
15:48:18.798	-48.5
15:48:18.811	-50.8
15:48:18.823	-53.3
15:48:18.831	-55.4
15:48:18.843	-57.6
15:48:18.856	-60.1
15:48:18.864	-62.8
15:48:18.876	-66.1
15:48:18.888	-71.0
15:48:18.901	-76.2
15:48:18.909	-82.3
15:48:18.921	-88.0
15:48:18.933	-93.1
15:48:18.942	-99.7
15:48:18.954	-106.0
15:48:18.966	-110.3
15:48:18.978	-115.5
15:48:18.987	-121.8
15:48:18.999	-125.2
15:48:19.011	-129.7
15:48:19.023	-130.2
15:48:19.032	-132.3
15:48:19.044	-132.4
15:48:19.056	-133.7
15:48:19.064	-132.1
15:48:19.077	-132.4
15:48:19.089	-133.3
15:48:19.097	-132.3
15:48:19.109	-131.3
15:48:19.122	-127.5
15:48:19.130	-128.4
15:48:19.142	-125.4
15:48:19.155	-124.7
15:48:19.163	-121.2
15:48:19.175	-123.1
15:48:19.187	-121.8
15:48:19.200	-119.8
15:48:19.208	-116.9
15:48:19.220	-114.9
15:48:19.232	-115.0
15:48:19.241	-111.8
15:48:19.253	-109.6
15:48:19.265	-107.4
15:48:19.273	-107.1
15:48:19.286	-104.9
15:48:19.298	-102.6
15:48:19.310	-102.1
15:48:19.318	-102.9
15:48:19.331	-101.8
15:48:19.343	-100.1
15:48:19.351	-100.8
15:48:19.363	-98.5
15:48:19.376	-99.3
15:48:19.384	-96.8
15:48:19.396	-95.9
15:48:19.408	-94.1
15:48:19.417	-90.5
15:48:19.429	-88.6
15:48:19.441	-87.8
15:48:19.453	-87.1
15:48:19.462	-83.6
15:48:19.474	-83.4
15:48:19.486	-79.9
15:48:19.494	-77.9
15:48:19.507	-76.3
15:48:19.519	-75.0
15:48:19.527	-74.2
15:48:19.539	-70.7
15:48:19.552	-67.5
15:48:19.560	-63.4
15:48:19.572	-62.0
15:48:19.585	-59.3
15:48:19.593	-57.4
15:48:19.605	-55.7
15:48:19.617	-50.6
15:48:19.630	-49.2
15:48:19.638	-47.4
15:48:19.650	-49.0
15:48:19.663	-47.2
15:48:19.671	-45.7
15:48:19.683	-42.2
15:48:19.695	-40.9
15:48:19.708	-40.6
15:48:19.716	-39.9
15:48:19.728	-41.0
15:48:19.740	-40.0
15:48:19.749	-37.9
15:48:19.761	-34.9
15:48:19.773	-34.5
15:48:19.782	-33.0
15:48:19.794	-32.2
15:48:19.806	-32.5
15:48:19.814	-31.0
15:48:19.827	-30.4
15:48:19.839	-29.3
15:48:19.847	-28.1
15:48:19.859	-26.4
15:48:19.872	-25.3
15:48:19.884	-24.3
15:48:19.892	-24.2
15:48:19.904	-23.6
15:48:19.917	-22.6
15:48:19.925	-22.5
15:48:19.937	-21.9
15:48:19.949	-18.5
15:48:19.962	-17.9
15:48:19.969	-17.3
15:48:19.982	-16.5
15:48:19.994	-15.9
15:48:20.002	-14.8
15:48:20.014	-14.0
15:48:20.027	-11.4
15:48:20.035	-10.6
15:48:20.047	-10.0
15:48:20.059	-10.4
15:48:20.067	-7.7
15:48:20.080	-5.4
15:48:20.092	-2.3
15:48:20.100	-0.4
15:48:20.113	2.3
15:48:20.125	2.5
15:48:20.137	5.8
15:48:20.145	7.9
15:48:20.158	11.1
15:48:20.170	12.4
15:48:20.178	13.7
15:48:20.190	15.1
15:48:20.203	16.8
15:48:20.211	18.5
15:48:20.223	20.5
15:48:20.235	25.8
15:48:20.244	26.6
15:48:20.256	31.0
15:48:20.268	33.2
15:48:20.280	38.0
15:48:20.289	42.1
15:48:20.301	45.1
15:48:20.313	47.4
15:48:20.321	55.5
15:48:20.334	59.4
15:48:20.346	61.0
15:48:20.354	63.7
15:48:20.366	66.1
15:48:20.379	69.0
15:48:20.391	69.8
15:48:20.399	71.1
15:48:20.411	72.5
15:48:20.424	77.3
15:48:20.432	75.5
15:48:20.444	77.8
15:48:20.456	79.2
15:48:20.465	83.1
15:48:20.477	84.8
15:48:20.489	87.0
15:48:20.497	89.4
15:48:20.510	92.2
15:48:20.522	95.2
15:48:20.530	94.6
15:48:20.542	97.9
15:48:20.555	97.9
15:48:20.567	100.1
15:48:20.575	100.4
15:48:20.588	101.4
15:48:20.600	103.8
15:48:20.608	106.4
15:48:20.620	106.7
15:48:20.633	108.0
15:48:20.645	111.0
15:48:20.653	110.7
15:48:20.665	111.8
15:48:20.678	111.1
15:48:20.686	111.4
15:48:20.698	110.9
15:48:20.710	108.6
15:48:20.719	107.4
15:48:20.731	107.3
15:48:20.743	105.1
15:48:20.751	103.7
15:48:20.764	103.2
15:48:20.776	100.5
15:48:20.784	99.0
15:48:20.796	97.8
15:48:20.809	97.2
15:48:20.821	96.7
15:48:20.829	93.8
15:48:20.841	92.0
15:48:20.854	91.1
15:48:20.862	91.6
15:48:20.874	89.8
15:48:20.886	89.6
15:48:20.895	89.3
15:48:20.907	87.1
15:48:20.919	84.8
15:48:20.932	83.9
15:48:20.940	83.3
15:48:20.952	81.7
15:48:20.964	81.7
15:48:20.972	77.5
15:48:20.985	76.0
15:48:20.997	76.3
15:48:21.005	73.9
15:48:21.017	72.9
15:48:21.030	72.3
15:48:21.038	70.9
15:48:21.050	73.2
15:48:21.064	73.8
15:48:21.075	72.3
15:48:21.084	73.8
15:48:21.095	73.5
15:48:21.108	70.2
15:48:21.116	71.0
15:48:21.129	71.8
15:48:21.141	72.2
15:48:21.150	73.3
15:48:21.162	70.7
15:48:21.174	68.4
15:48:21.186	67.5
15:48:21.195	65.4
15:48:21.207	65.6
15:48:21.219	67.4
15:48:21.231	66.5
15:48:21.240	65.9
15:48:21.252	63.9
15:48:21.264	60.7
15:48:21.272	59.7
15:48:21.285	61.3
15:48:21.297	60.0
15:48:21.305	58.0
15:48:21.317	55.2
15:48:21.330	53.4
15:48:21.338	54.1
15:48:21.350	50.3
15:48:21.362	51.5
15:48:21.375	52.4
15:48:21.383	52.2
15:48:21.395	48.9
15:48:21.408	50.4
15:48:21.416	51.7
15:48:21.428	52.7
15:48:21.440	54.3
15:48:21.448	52.9
15:48:21.461	54.2
15:48:21.473	53.7
15:48:21.481	53.7
15:48:21.493	54.2
15:48:21.506	57.0
15:48:21.514	57.6
15:48:21.526	57.8
15:48:21.539	58.0
15:48:21.551	58.3
15:48:21.559	59.7
15:48:21.571	61.4
15:48:21.584	62.4
15:48:21.592	61.3
15:48:21.603	61.6
15:48:21.616	61.0
15:48:21.628	59.5
15:48:21.636	58.2
15:48:21.648	57.2
15:48:21.661	54.8
15:48:21.669	52.7
15:48:21.681	50.0
15:48:21.693	47.0
15:48:21.702	46.3
15:48:21.714	42.1
15:48:21.726	40.9
15:48:21.734	39.1
15:48:21.747	36.2
15:48:21.759	33.2
15:48:21.767	30.8
15:48:21.780	28.3
15:48:21.792	25.3
15:48:21.804	25.0
15:48:21.812	22.8
15:48:21.825	22.5
15:48:21.837	17.3
15:48:21.845	15.1
15:48:21.858	12.1
15:48:21.870	11.4
15:48:21.882	7.9
15:48:21.890	5.5
15:48:21.903	4.3
15:48:21.915	-0.4
15:48:21.923	-3.0
15:48:21.935	-7.5
15:48:21.948	-8.9
15:48:21.956	-11.9
15:48:21.968	-11.1
15:48:21.980	-14.7
15:48:21.989	-16.9
15:48:22.001	-18.2
15:48:22.013	-20.5
15:48:22.022	-22.0
15:48:22.034	-22.2
15:48:22.046	-21.4
15:48:22.058	-22.0
15:48:22.067	-22.6
15:48:22.079	-24.9
15:48:22.091	-23.4
15:48:22.099	-25.4
15:48:22.112	-29.3
15:48:22.124	-32.4
15:48:22.132	-37.4
15:48:22.144	-41.0
15:48:22.157	-48.6
15:48:22.165	-55.2
15:48:22.177	-61.2
15:48:22.189	-68.2
15:48:22.202	-76.3
15:48:22.210	-80.7
15:48:22.222	-82.6
15:48:22.234	-87.2
15:48:22.243	-89.0
15:48:22.255	-92.2
15:48:22.267	-92.6
15:48:22.275	-95.5
15:48:22.288	-95.8
15:48:22.300	-95.6
15:48:22.312	-97.0
15:48:22.320	-97.1
15:48:22.333	-100.1
15:48:22.345	-100.7
15:48:22.353	-100.7
15:48:22.365	-102.8
15:48:22.378	-104.5
15:48:22.386	-103.7
15:48:22.398	-106.4
15:48:22.411	-109.6
15:48:22.419	-110.5
15:48:22.431	-111.4
15:48:22.443	-112.2
15:48:22.451	-112.9
15:48:22.464	-114.6
15:48:22.476	-116.9
15:48:22.488	-117.0
15:48:22.497	-118.3
15:48:22.509	-118.7
15:48:22.521	-118.5
15:48:22.529	-117.1
15:48:22.542	-117.6
15:48:22.554	-117.2
15:48:22.566	-117.6
15:48:22.574	-117.2
15:48:22.587	-117.1
15:48:22.599	-116.1
15:48:22.607	-114.9
15:48:22.620	-114.2
15:48:22.632	-114.5
15:48:22.640	-115.6
15:48:22.652	-116.3
15:48:22.665	-116.2
15:48:22.673	-115.6
15:48:22.685	-115.0
15:48:22.697	-113.1
15:48:22.705	-113.5
15:48:22.718	-113.6
15:48:22.730	-116.2
15:48:22.742	-114.1
15:48:22.750	-114.7
15:48:22.763	-113.6
15:48:22.775	-113.4
15:48:22.783	-110.8
15:48:22.796	-110.8
15:48:22.808	-112.3
15:48:22.816	-110.1
15:48:22.828	-108.6
15:48:22.841	-105.3
15:48:22.853	-104.5
15:48:22.861	-100.7
15:48:22.873	-98.6
15:48:22.886	-96.7
15:48:22.894	-96.5
15:48:22.906	-94.9
15:48:22.918	-92.0
15:48:22.927	-91.0
15:48:22.939	-88.8
15:48:22.951	-87.1
15:48:22.959	-86.6
15:48:22.972	-84.4
15:48:22.984	-82.0
15:48:22.996	-79.9
15:48:23.005	-78.9
15:48:23.017	-77.4
15:48:23.029	-74.6
15:48:23.037	-73.9
15:48:23.050	-72.9
15:48:23.062	-71.2
15:48:23.070	-68.9
15:48:23.083	-67.0
15:48:23.094	-66.6
15:48:23.106	-65.8
15:48:23.115	-63.5
15:48:23.127	-62.9
15:48:23.139	-63.0
15:48:23.151	-61.0
15:48:23.160	-57.5
15:48:23.172	-56.0
15:48:23.184	-53.6
15:48:23.193	-54.3
15:48:23.205	-50.8
15:48:23.217	-48.8
15:48:23.225	-48.7
15:48:23.237	-47.2
15:48:23.251	-43.9
15:48:23.259	-42.0
15:48:23.271	-42.7
15:48:23.283	-38.8
15:48:23.296	-36.7
15:48:23.304	-34.3
15:48:23.316	-32.1
15:48:23.328	-31.4
15:48:23.337	-29.4
15:48:23.349	-26.8
15:48:23.361	-27.4
15:48:23.369	-28.1
15:48:23.382	-26.0
15:48:23.394	-25.7
15:48:23.402	-25.1
15:48:23.414	-23.2
15:48:23.427	-26.8
15:48:23.435	-25.0
15:48:23.447	-23.0
15:48:23.459	-19.7
15:48:23.472	-17.9
15:48:23.480	-14.7
15:48:23.492	-14.2
15:48:23.505	-11.0
15:48:23.513	-10.2
15:48:23.525	-8.9
15:48:23.537	-6.1
15:48:23.550	-4.4
15:48:23.558	-3.1
15:48:23.570	-3.5
15:48:23.582	-0.8
15:48:23.591	0.1
15:48:23.603	2.4
15:48:23.615	0.1
15:48:23.623	1.2
15:48:23.636	1.0
15:48:23.648	3.2
15:48:23.656	1.0
15:48:23.668	0.2
15:48:23.681	0.6
15:48:23.689	2.0
15:48:23.701	1.8
15:48:23.713	1.2
15:48:23.726	2.6
15:48:23.734	3.5
15:48:23.746	3.7
15:48:23.758	3.1
15:48:23.767	6.0
15:48:23.779	8.1
15:48:23.791	8.2
15:48:23.803	7.5
15:48:23.812	7.5
15:48:23.824	10.0
15:48:23.836	11.5
15:48:23.844	11.8
15:48:23.857	13.9
15:48:23.869	13.7
15:48:23.877	14.7
15:48:23.889	16.0
15:48:23.902	18.3
15:48:23.910	21.3
15:48:23.922	24.9
15:48:23.934	25.2
15:48:23.943	28.7
15:48:23.955	30.8
15:48:23.967	32.6
15:48:23.979	36.6
15:48:23.988	39.3
15:48:24.000	40.7
15:48:24.012	42.9
15:48:24.020	44.6
15:48:24.033	44.8
15:48:24.045	48.2
15:48:24.053	46.8
15:48:24.066	50.7
15:48:24.078	51.8
15:48:24.086	54.6
15:48:24.098	56.9
15:48:24.111	60.2
15:48:24.123	62.3
15:48:24.130	63.8
15:48:24.143	69.7
15:48:24.156	70.6
15:48:24.164	74.3
15:48:24.176	75.1
15:48:24.189	78.7
15:48:24.197	79.3
15:48:24.209	80.2
15:48:24.221	83.3
15:48:24.234	84.9
15:48:24.242	86.2
15:48:24.254	83.4
15:48:24.266	84.2
15:48:24.275	84.5
15:48:24.287	85.5
15:48:24.299	84.2
15:48:24.307	84.7
15:48:24.320	86.2
15:48:24.332	83.5
15:48:24.340	86.2
15:48:24.352	87.6
15:48:24.365	90.9
15:48:24.373	93.5
15:48:24.385	97.1
15:48:24.397	99.4
15:48:24.410	102.4
15:48:24.418	105.3
15:48:24.430	109.4
15:48:24.442	112.9
15:48:24.451	111.6
15:48:24.463	115.1
15:48:24.475	118.2
15:48:24.488	119.6
15:48:24.496	120.5
15:48:24.508	121.5
15:48:24.520	122.9
15:48:24.528	124.1
15:48:24.541	122.2
15:48:24.553	121.4
15:48:24.561	125.1
15:48:24.573	120.9
15:48:24.586	120.9
15:48:24.594	118.4
15:48:24.606	115.1
15:48:24.619	113.9
15:48:24.627	110.9
15:48:24.639	108.7
15:48:24.651	107.1
15:48:24.664	107.8
15:48:24.672	103.2
15:48:24.684	105.2
15:48:24.696	101.0
15:48:24.705	100.5
15:48:24.717	98.2
15:48:24.729	96.1
15:48:24.737	94.8
15:48:24.750	92.9
15:48:24.762	91.5
15:48:24.774	87.0
15:48:24.782	86.1
15:48:24.795	81.0
15:48:24.807	78.3
15:48:24.815	77.4
15:48:24.827	77.1
15:48:24.840	74.4
15:48:24.848	69.8
15:48:24.860	67.5
15:48:24.872	61.3
15:48:24.881	59.0
15:48:24.893	55.1
15:48:24.905	50.6
15:48:24.917	47.9
15:48:24.926	42.3
15:48:24.938	38.2
15:48:24.950	35.9
15:48:24.958	34.4
15:48:24.971	29.2
15:48:24.983	29.4
15:48:24.991	26.4
15:48:25.003	23.7
15:48:25.016	23.4
15:48:25.024	17.4
15:48:25.036	14.4
15:48:25.048	9.6
15:48:25.061	5.0
15:48:25.069	0.3
15:48:25.081	0.3
15:48:25.094	-3.4
15:48:25.102	-5.9
15:48:25.114	-6.7
15:48:25.126	-7.9
15:48:25.134	-4.8
15:48:25.147	-4.7
15:48:25.159	-3.1
15:48:25.171	-2.9
15:48:25.180	-2.6
15:48:25.192	-4.2
15:48:25.204	-3.4
15:48:25.212	-4.8
15:48:25.225	-8.8
15:48:25.237	-13.1
15:48:25.249	-20.6
15:48:25.257	-25.4
15:48:25.270	-32.2
15:48:25.282	-38.7
15:48:25.290	-41.5
15:48:25.302	-44.5
15:48:25.315	-50.6
15:48:25.323	-52.0
15:48:25.335	-53.6
15:48:25.347	-56.0
15:48:25.356	-54.9
15:48:25.368	-57.5
15:48:25.380	-56.5
15:48:25.392	-56.2
15:48:25.401	-56.9
15:48:25.413	-59.1
15:48:25.425	-58.6
15:48:25.433	-60.9
15:48:25.446	-64.8
15:48:25.458	-66.3
15:48:25.470	-68.0
15:48:25.479	-68.7
15:48:25.491	-70.6
15:48:25.503	-72.1
15:48:25.511	-75.6
15:48:25.524	-77.5
15:48:25.536	-79.9
15:48:25.544	-84.2
15:48:25.556	-83.7
15:48:25.568	-84.8
15:48:25.576	-87.1
15:48:25.588	-89.8
15:48:25.601	-93.5
15:48:25.609	-97.3
15:48:25.621	-98.2
15:48:25.633	-102.1
15:48:25.646	-102.5
15:48:25.654	-102.9
15:48:25.666	-105.6
15:48:25.679	-108.3
15:48:25.687	-111.3
15:48:25.699	-111.8
15:48:25.711	-112.8
15:48:25.724	-110.6
15:48:25.732	-112.0
15:48:25.744	-122.9
15:48:25.756	-137.3
15:48:25.765	-150.6
15:48:25.777	-162.4
15:48:25.789	-174.3
15:48:25.797	-183.8
15:48:25.810	-194.3
15:48:25.822	-203.4
15:48:25.830	-216.1
15:48:25.842	-225.3
15:48:25.855	-223.2
15:48:25.863	-219.8
15:48:25.875	-216.8
15:48:25.887	-215.9
15:48:25.900	-213.9
15:48:25.908	-212.8
15:48:25.920	-212.5
15:48:25.932	-212.5
15:48:25.941	-210.2
15:48:25.953	-208.1
15:48:25.965	-208.1
15:48:25.973	-209.7
15:48:25.986	-209.5
15:48:25.998	-208.8
15:48:26.006	-208.4
15:48:26.018	-208.4
15:48:26.031	-209.4
15:48:26.043	-208.6
15:48:26.051	-210.7
15:48:26.063	-211.8
15:48:26.076	-212.0
15:48:26.085	-211.6
15:48:26.096	-210.9
15:48:26.108	-210.7
15:48:26.117	-210.2
15:48:26.130	-210.0
15:48:26.141	-207.1
15:48:26.154	-206.7
15:48:26.162	-203.1
15:48:26.174	-202.7
15:48:26.187	-201.9
15:48:26.195	-201.3
15:48:26.207	-201.9
15:48:26.219	-200.8
15:48:26.228	-202.6
15:48:26.240	-202.5
15:48:26.252	-203.0
15:48:26.260	-200.8
15:48:26.273	-201.6
15:48:26.285	-202.1
15:48:26.293	-202.8
15:48:26.305	-201.2
15:48:26.318	-199.8
15:48:26.330	-200.1
15:48:26.338	-197.0
15:48:26.350	-196.5
15:48:26.363	-195.6
15:48:26.371	-195.5
15:48:26.383	-192.5
15:48:26.396	-190.7
15:48:26.408	-189.1
15:48:26.416	-188.1
15:48:26.428	-186.0
15:48:26.441	-183.4
15:48:26.449	-181.2
15:48:26.461	-178.2
15:48:26.473	-176.3
15:48:26.482	-173.7
15:48:26.494	-172.3
15:48:26.506	-171.8
15:48:26.514	-168.0
15:48:26.527	-166.5
15:48:26.539	-163.0
15:48:26.547	-161.4
15:48:26.559	-159.2
15:48:26.572	-156.9
15:48:26.584	-154.3
15:48:26.592	-153.7
15:48:26.605	-152.9
15:48:26.617	-149.7
15:48:26.625	-148.7
15:48:26.637	-146.3
15:48:26.650	-148.0
15:48:26.658	-146.8
15:48:26.670	-146.8
15:48:26.683	-145.7
15:48:26.695	-145.1
15:48:26.703	-144.2
15:48:26.715	-142.8
15:48:26.728	-141.9
15:48:26.736	-140.3
15:48:26.748	-137.9
15:48:26.760	-135.8
15:48:26.769	-134.7
15:48:26.781	-133.0
15:48:26.793	-133.3
15:48:26.805	-129.9
15:48:26.814	-129.0
15:48:26.826	-128.4
15:48:26.838	-128.8
15:48:26.846	-128.9
15:48:26.859	-130.6
15:48:26.871	-128.5
15:48:26.883	-126.0
15:48:26.892	-124.6
15:48:26.904	-120.2
15:48:26.916	-120.8
15:48:26.924	-118.7
15:48:26.936	-118.7
15:48:26.949	-115.6
15:48:26.957	-112.4
15:48:26.969	-111.0
15:48:26.981	-109.0
15:48:26.994	-108.3
15:48:27.002	-106.9
15:48:27.014	-107.2
15:48:27.026	-107.4
15:48:27.035	-106.8
15:48:27.047	-105.0
15:48:27.059	-102.8
15:48:27.067	-102.0
15:48:27.080	-101.5
15:48:27.092	-101.8
15:48:27.100	-100.4
15:48:27.112	-100.9
15:48:27.125	-100.2
15:48:27.137	-100.2
15:48:27.145	-99.4
15:48:27.158	-94.7
15:48:27.170	-94.6
15:48:27.178	-93.8
15:48:27.190	-91.4
15:48:27.203	-91.3
15:48:27.211	-90.1
15:48:27.223	-86.9
15:48:27.235	-85.7
15:48:27.243	-83.4
15:48:27.256	-82.1
15:48:27.268	-83.3
15:48:27.276	-83.4
15:48:27.289	-81.0
15:48:27.301	-81.3
15:48:27.313	-79.8
15:48:27.321	-78.3
15:48:27.334	-79.1
15:48:27.346	-79.0
15:48:27.354	-77.1
15:48:27.366	-77.0
15:48:27.379	-77.0
15:48:27.391	-73.1
15:48:27.399	-76.8
15:48:27.411	-73.5
15:48:27.424	-71.4
15:48:27.432	-71.2
15:48:27.444	-69.0
15:48:27.456	-67.4
15:48:27.465	-65.8
15:48:27.477	-65.0
15:48:27.489	-64.5
15:48:27.497	-66.3
15:48:27.510	-62.2
15:48:27.522	-62.5
15:48:27.530	-63.2
15:48:27.542	-62.0
15:48:27.555	-62.7
15:48:27.567	-62.1
15:48:27.575	-62.2
15:48:27.587	-62.3
15:48:27.600	-61.3
15:48:27.608	-60.3
15:48:27.620	-60.5
15:48:27.633	-59.8
15:48:27.645	-58.4
15:48:27.653	-58.1
15:48:27.665	-57.7
15:48:27.678	-57.6
15:48:27.686	-57.1
15:48:27.698	-54.7
15:48:27.710	-55.8
15:48:27.719	-55.8
15:48:27.731	-56.6
15:48:27.743	-55.3
15:48:27.751	-53.7
15:48:27.764	-53.6
15:48:27.776	-52.1
15:48:27.784	-51.6
15:48:27.796	-49.6
15:48:27.809	-49.6
15:48:27.821	-47.4
15:48:27.829	-47.0
15:48:27.841	-44.9
15:48:27.854	-46.5
15:48:27.862	-46.4
15:48:27.874	-47.0
15:48:27.887	-48.0
15:48:27.895	-47.7
15:48:27.907	-49.1
15:48:27.919	-48.1
15:48:27.927	-47.9
15:48:27.940	-46.2
15:48:27.952	-48.0
15:48:27.964	-46.6
15:48:27.973	-46.6
15:48:27.985	-45.8
15:48:27.997	-43.8
15:48:28.005	-44.3
15:48:28.018	-44.0
15:48:28.030	-45.0
15:48:28.038	-43.6
15:48:28.051	-42.8
15:48:28.063	-39.8
15:48:28.075	-39.0
15:48:28.083	-36.9
15:48:28.096	-35.6
15:48:28.108	-34.7
15:48:28.116	-32.4
15:48:28.128	-30.9
15:48:28.141	-29.7
15:48:28.149	-30.3
15:48:28.161	-30.8
15:48:28.173	-30.9
15:48:28.182	-29.3
15:48:28.194	-30.9
15:48:28.206	-30.7
15:48:28.214	-29.1
15:48:28.227	-26.0
15:48:28.239	-25.1
15:48:28.251	-24.2
15:48:28.259	-23.1
15:48:28.272	-22.5
15:48:28.284	-21.1
15:48:28.292	-21.7
15:48:28.304	-19.5
15:48:28.317	-18.0
15:48:28.329	-18.4
15:48:28.337	-22.6
15:48:28.349	-22.7
15:48:28.362	-19.7
15:48:28.370	-18.8
15:48:28.382	-17.7
15:48:28.394	-17.7
15:48:28.403	-16.1
15:48:28.415	-17.1
15:48:28.427	-18.5
15:48:28.435	-18.3
15:48:28.448	-14.3
15:48:28.460	-13.0
15:48:28.468	-16.9
15:48:28.480	-15.3
15:48:28.493	-16.0
15:48:28.505	-14.4
15:48:28.513	-13.9
15:48:28.525	-14.6
15:48:28.538	-12.3
15:48:28.546	-11.1
15:48:28.558	-12.3
15:48:28.571	-11.9
15:48:28.579	-9.0
15:48:28.591	-10.8
15:48:28.603	-9.1
15:48:28.616	-10.7
15:48:28.624	-12.2
15:48:28.636	-10.7
15:48:28.649	-12.6
15:48:28.657	-14.0
15:48:28.669	-14.0
15:48:28.681	-15.5
15:48:28.689	-16.2
15:48:28.702	-14.4
15:48:28.714	-15.1
15:48:28.722	-16.9
15:48:28.734	-16.5
15:48:28.747	-17.9
15:48:28.759	-16.1
15:48:28.767	-14.5
15:48:28.779	-14.3
15:48:28.792	-13.7
15:48:28.800	-13.0
15:48:28.812	-14.0
15:48:28.825	-13.5
15:48:28.833	-10.7
15:48:28.845	-8.8
15:48:28.857	-6.3
15:48:28.865	-7.9
15:48:28.878	-8.5
15:48:28.890	-8.3
15:48:28.902	-7.0
15:48:28.911	-7.5
15:48:28.923	-7.3
15:48:28.935	-7.2
15:48:28.943	-7.0
15:48:28.956	-8.7
15:48:28.968	-8.9
15:48:28.976	-7.6
15:48:28.988	-7.1
15:48:29.001	-5.6
15:48:29.013	-5.3
15:48:29.021	-3.8
15:48:29.033	-3.0
15:48:29.046	-3.5
15:48:29.054	-4.2
15:48:29.066	-4.2
15:48:29.078	-4.5
15:48:29.087	-2.8
15:48:29.099	0.1
15:48:29.112	-0.6
15:48:29.120	-1.5
15:48:29.132	-2.8
15:48:29.144	-3.0
15:48:29.152	-3.1
15:48:29.165	0.4
15:48:29.177	2.5
15:48:29.189	2.4
15:48:29.198	1.0
15:48:29.210	-2.6
15:48:29.222	-2.7
15:48:29.234	-1.2
15:48:29.243	-1.4
15:48:29.255	-2.2
15:48:29.267	-2.8
15:48:29.275	-5.2
15:48:29.288	-5.5
15:48:29.300	-5.4
15:48:29.312	-5.1
15:48:29.320	-5.3
15:48:29.333	-5.1
15:48:29.345	-5.3
15:48:29.353	-4.1
15:48:29.365	-3.3
15:48:29.378	-3.8
15:48:29.386	-3.6
15:48:29.398	-3.5
15:48:29.410	-3.9
15:48:29.419	-4.9
15:48:29.431	-4.3
15:48:29.443	-4.2
15:48:29.451	-5.5
15:48:29.464	-4.2
15:48:29.476	-3.0
15:48:29.488	-2.4
15:48:29.496	-3.4
15:48:29.509	-4.8
15:48:29.521	-4.6
15:48:29.529	-4.2
15:48:29.541	-4.7
15:48:29.554	-5.8
15:48:29.566	-3.4
15:48:29.574	-6.1
15:48:29.587	-9.3
15:48:29.599	-9.1
15:48:29.607	-8.3
15:48:29.619	-8.5
15:48:29.632	-8.3
15:48:29.640	-7.9
15:48:29.652	-8.0
15:48:29.665	-5.2
15:48:29.673	-8.4
15:48:29.685	-5.7
15:48:29.697	-3.7
15:48:29.705	-4.5
15:48:29.718	-4.4
15:48:29.730	-2.6
15:48:29.742	-3.4
15:48:29.751	-2.4
15:48:29.763	-2.1
15:48:29.775	-4.2
15:48:29.783	-2.9
15:48:29.796	-4.6
15:48:29.808	-5.0
15:48:29.816	-2.8
15:48:29.828	-4.0
15:48:29.841	-5.4
15:48:29.849	-4.8
15:48:29.860	-5.1
15:48:29.873	-3.6
15:48:29.885	-2.6
15:48:29.893	-0.6
15:48:29.905	0.3
15:48:29.918	0.9
15:48:29.926	0.6
15:48:29.938	2.2
15:48:29.951	3.1
15:48:29.959	4.5
15:48:29.971	4.7
15:48:29.983	3.0
15:48:29.996	2.0
15:48:30.004	-0.3
15:48:30.016	-1.1
15:48:30.028	-2.2
15:48:30.037	-2.4
15:48:30.049	-3.2
15:48:30.061	-2.4
15:48:30.069	-2.4
15:48:30.082	-2.2
15:48:30.094	-0.6
15:48:30.102	0.7
15:48:30.114	2.8
15:48:30.127	4.4
15:48:30.135	6.7
15:48:30.147	8.4
15:48:30.159	10.0
15:48:30.172	12.1
15:48:30.180	15.2
15:48:30.192	16.4
15:48:30.204	19.9
15:48:30.213	21.1
15:48:30.225	21.8
15:48:30.237	23.3
15:48:30.249	24.8
15:48:30.258	25.7
15:48:30.270	28.2
15:48:30.282	29.0
15:48:30.290	29.4
15:48:30.303	31.6
15:48:30.315	32.0
15:48:30.323	34.0
15:48:30.335	36.7
15:48:30.348	41.4
15:48:30.356	49.8
15:48:30.368	60.3
15:48:30.381	69.2
15:48:30.389	77.8
15:48:30.401	86.9
15:48:30.413	93.8
15:48:30.426	100.0
15:48:30.434	105.6
15:48:30.446	111.6
15:48:30.458	115.2
15:48:30.467	115.7
15:48:30.479	113.8
15:48:30.491	112.9
15:48:30.499	112.8
15:48:30.512	111.6
15:48:30.524	112.6
15:48:30.536	114.2
15:48:30.544	116.8
15:48:30.557	118.8
15:48:30.569	120.2
15:48:30.577	122.0
15:48:30.589	125.3
15:48:30.602	129.5
15:48:30.610	133.7
15:48:30.622	135.6
15:48:30.634	138.4
15:48:30.643	141.3
15:48:30.655	145.4
15:48:30.667	148.6
15:48:30.679	151.1
15:48:30.688	151.6
15:48:30.700	155.0
15:48:30.712	156.9
15:48:30.724	159.0
15:48:30.733	160.7
15:48:30.745	163.6
15:48:30.757	166.3
15:48:30.765	167.3
15:48:30.778	169.2
15:48:30.790	170.8
15:48:30.798	173.4
15:48:30.810	174.6
15:48:30.823	173.3
15:48:30.835	172.9
15:48:30.843	184.0
15:48:30.856	196.4
15:48:30.868	208.8
15:48:30.876	221.2
15:48:30.888	234.0
15:48:30.901	246.1
15:48:30.909	259.6
15:48:30.921	271.5
15:48:30.933	286.3
15:48:30.942	297.7
15:48:30.954	299.6
15:48:30.966	298.1
15:48:30.978	296.7
15:48:30.987	295.1
15:48:30.999	294.4
15:48:31.011	293.9
15:48:31.019	292.8
15:48:31.032	290.6
15:48:31.044	289.9
15:48:31.052	287.6
15:48:31.064	287.5
15:48:31.077	285.6
15:48:31.085	284.2
15:48:31.097	282.9
15:48:31.109	278.7
15:48:31.118	276.6
15:48:31.130	272.5
15:48:31.142	269.0
15:48:31.154	264.9
15:48:31.163	262.3
15:48:31.175	257.6
15:48:31.187	254.9
15:48:31.195	250.8
15:48:31.208	247.3
15:48:31.220	247.4
15:48:31.232	246.9
15:48:31.240	244.4
15:48:31.253	239.8
15:48:31.265	234.2
15:48:31.273	231.1
15:48:31.286	227.9
15:48:31.298	222.5
15:48:31.306	221.0
15:48:31.318	218.5
15:48:31.331	212.8
15:48:31.339	207.4
15:48:31.352	205.7
15:48:31.363	205.5
15:48:31.372	202.6
15:48:31.385	201.0
15:48:31.397	199.3
15:48:31.409	198.4
15:48:31.418	195.3
15:48:31.430	190.6
15:48:31.442	187.0
15:48:31.450	183.8
15:48:31.463	183.6
15:48:31.475	179.6
15:48:31.487	178.0
15:48:31.495	173.7
15:48:31.508	170.0
15:48:31.520	167.5
15:48:31.528	163.4
15:48:31.540	163.9
15:48:31.553	160.7
15:48:31.561	159.1
15:48:31.573	147.8
15:48:31.585	143.0
15:48:31.594	135.6
15:48:31.605	130.1
15:48:31.617	123.9
15:48:31.626	116.6
15:48:31.638	111.7
15:48:31.650	101.6
15:48:31.662	99.3
15:48:31.671	93.0
15:48:31.683	93.1
15:48:31.695	90.6
15:48:31.703	89.6
15:48:31.716	87.6
15:48:31.728	86.4
15:48:31.736	85.8
15:48:31.748	83.7
15:48:31.761	85.2
15:48:31.769	82.6
15:48:31.781	81.1
15:48:31.793	81.0
15:48:31.806	80.5
15:48:31.814	79.6
15:48:31.826	77.3
15:48:31.838	77.1
15:48:31.847	76.7
15:48:31.859	78.3
15:48:31.871	78.0
15:48:31.879	76.7
15:48:31.892	78.1
15:48:31.904	77.2
15:48:31.916	75.2
15:48:31.924	73.2
15:48:31.937	73.7
15:48:31.949	73.8
15:48:31.957	74.1
15:48:31.970	69.2
15:48:31.982	68.4
15:48:31.990	68.4
15:48:32.002	65.6
15:48:32.015	63.1
15:48:32.023	62.6
15:48:32.035	64.2
15:48:32.047	65.0
15:48:32.055	63.7
15:48:32.068	63.3
15:48:32.080	66.0
15:48:32.093	65.8
15:48:32.101	63.9
15:48:32.113	63.8
15:48:32.125	61.7
15:48:32.133	61.1
15:48:32.146	60.3
15:48:32.158	58.8
15:48:32.171	59.3
15:48:32.179	59.1
15:48:32.192	56.4
15:48:32.204	55.5
15:48:32.212	56.3
15:48:32.224	55.6
15:48:32.236	56.5
15:48:32.244	56.7
15:48:32.257	56.2
15:48:32.269	53.3
15:48:32.277	52.7
15:48:32.290	51.7
15:48:32.302	51.8
15:48:32.310	48.2
15:48:32.322	47.4
15:48:32.335	45.4
15:48:32.347	43.5
15:48:32.355	42.9
15:48:32.367	40.7
15:48:32.380	40.3
15:48:32.388	36.7
15:48:32.400	35.7
15:48:32.412	34.5
15:48:32.421	36.1
15:48:32.433	32.0
15:48:32.445	30.4
15:48:32.457	29.2
15:48:32.466	24.6
15:48:32.478	21.4
15:48:32.490	21.0
15:48:32.498	20.2
15:48:32.511	14.9
15:48:32.523	13.1
15:48:32.531	11.0
15:48:32.543	10.9
15:48:32.556	9.7
15:48:32.564	6.9
15:48:32.576	5.9
15:48:32.588	5.4
15:48:32.601	1.0
15:48:32.609	-3.3
15:48:32.621	-4.9
15:48:32.634	-8.7
15:48:32.642	-13.2
15:48:32.654	-18.1
15:48:32.666	-20.0
15:48:32.674	-17.9
15:48:32.687	-17.0
15:48:32.699	-15.3
15:48:32.707	-12.6
15:48:32.719	-10.5
15:48:32.732	-5.4
15:48:32.744	-4.6
15:48:32.752	-4.0
15:48:32.765	-1.9
15:48:32.777	-2.8
15:48:32.785	-5.3
15:48:32.797	-6.4
15:48:32.810	-7.5
15:48:32.818	-10.6
15:48:32.830	-11.8
15:48:32.842	-17.3
15:48:32.855	-17.8
15:48:32.863	-17.4
15:48:32.875	-17.5
15:48:32.887	-17.7
15:48:32.900	-17.2
15:48:32.908	-18.9
15:48:32.920	-18.7
15:48:32.932	-15.7
15:48:32.941	-15.4
15:48:32.953	-11.2
15:48:32.965	-10.9
15:48:32.973	-10.2
15:48:32.986	-9.5
15:48:32.994	-9.1
15:48:33.006	-9.2
15:48:33.018	-7.6
15:48:33.031	-10.1
15:48:33.039	-10.8
15:48:33.051	-9.3
15:48:33.063	-14.7
15:48:33.076	-16.0
15:48:33.084	-19.0
15:48:33.096	-20.2
15:48:33.109	-19.2
15:48:33.117	-21.5
15:48:33.129	-22.9
15:48:33.141	-22.9
15:48:33.153	-25.0
15:48:33.162	-28.2
15:48:33.174	-28.2
15:48:33.186	-28.4
15:48:33.194	-27.9
15:48:33.207	-31.1
15:48:33.219	-32.9
15:48:33.227	-33.2
15:48:33.240	-34.3
15:48:33.252	-37.8
15:48:33.260	-40.0
15:48:33.272	-40.6
15:48:33.285	-41.6
15:48:33.293	-42.7
15:48:33.305	-45.8
15:48:33.317	-46.1
15:48:33.330	-49.4
15:48:33.338	-50.2
15:48:33.350	-53.4
15:48:33.362	-55.0
15:48:33.371	-59.3
15:48:33.383	-69.6
15:48:33.395	-80.4
15:48:33.407	-92.3
15:48:33.416	-101.6
15:48:33.428	-113.0
15:48:33.440	-122.8
15:48:33.448	-134.7
15:48:33.461	-143.4
15:48:33.473	-152.1
15:48:33.481	-159.5
15:48:33.494	-161.3
15:48:33.506	-162.3
15:48:33.514	-160.8
15:48:33.526	-161.4
15:48:33.538	-159.8
15:48:33.547	-156.6
15:48:33.559	-153.1
15:48:33.571	-153.8
15:48:33.583	-155.3
15:48:33.592	-152.7
15:48:33.604	-152.6
15:48:33.616	-151.3
15:48:33.624	-151.9
15:48:33.637	-149.2
15:48:33.649	-147.1
15:48:33.657	-147.2
15:48:33.669	-146.6
15:48:33.682	-143.3
15:48:33.690	-137.0
15:48:33.702	-136.9
15:48:33.715	-135.3
15:48:33.727	-133.9
15:48:33.735	-131.4
15:48:33.747	-129.9
15:48:33.760	-128.6
15:48:33.768	-127.1
15:48:33.780	-125.1
15:48:33.792	-123.4
15:48:33.801	-122.8
15:48:33.813	-120.8
15:48:33.825	-118.5
15:48:33.837	-114.4
15:48:33.846	-110.1
15:48:33.858	-109.4
15:48:33.870	-107.5
15:48:33.878	-103.9
15:48:33.891	-102.9
15:48:33.903	-101.6
15:48:33.911	-100.8
15:48:33.924	-98.8
15:48:33.936	-97.1
15:48:33.944	-96.4
15:48:33.956	-94.9
15:48:33.968	-90.4
15:48:33.977	-85.0
15:48:33.989	-85.5
15:48:34.001	-82.9
15:48:34.013	-82.1
15:48:34.022	-79.8
15:48:34.034	-77.1
15:48:34.046	-74.6
15:48:34.054	-73.7
15:48:34.067	-73.2
15:48:34.079	-73.6
15:48:34.091	-74.8
15:48:34.099	-71.7
15:48:34.112	-73.8
15:48:34.124	-71.0
15:48:34.132	-69.7
15:48:34.145	-70.1
15:48:34.157	-68.3
15:48:34.165	-67.5
15:48:34.177	-65.1
15:48:34.190	-63.5
15:48:34.198	-63.2
15:48:34.210	-63.3
15:48:34.222	-60.1
15:48:34.231	-58.2
15:48:34.243	-59.7
15:48:34.255	-57.0
15:48:34.267	-57.5
15:48:34.276	-55.4
15:48:34.288	-55.3
15:48:34.300	-54.1
15:48:34.309	-52.3
15:48:34.321	-49.8
15:48:34.333	-47.8
15:48:34.341	-47.5
15:48:34.354	-42.7
15:48:34.366	-42.1
15:48:34.378	-41.3
15:48:34.386	-40.2
15:48:34.399	-37.3
15:48:34.411	-35.5
15:48:34.419	-34.8
15:48:34.431	-35.1
15:48:34.444	-33.6
15:48:34.452	-31.9
15:48:34.464	-31.3
15:48:34.477	-29.5
15:48:34.485	-24.3
15:48:34.497	-20.8
15:48:34.509	-20.4
15:48:34.521	-20.6
15:48:34.530	-19.7
15:48:34.542	-18.3
15:48:34.554	-17.3
15:48:34.562	-13.9
15:48:34.575	-14.5
15:48:34.587	-11.9
15:48:34.595	-13.2
15:48:34.608	-12.7
15:48:34.620	-11.9
15:48:34.628	-4.5
15:48:34.640	-0.4
15:48:34.653	3.2
15:48:34.665	5.4
15:48:34.673	5.8
15:48:34.685	10.8
15:48:34.698	13.9
15:48:34.706	18.4
15:48:34.718	21.2
15:48:34.730	23.3
15:48:34.738	23.1
15:48:34.751	23.8
15:48:34.763	24.7
15:48:34.775	27.1
15:48:34.784	28.5
15:48:34.796	30.9
15:48:34.808	31.9
15:48:34.816	33.1
15:48:34.829	36.8
15:48:34.841	40.1
15:48:34.849	40.6
15:48:34.861	43.6
15:48:34.874	46.1
15:48:34.886	47.9
15:48:34.894	50.4
15:48:34.907	51.5
15:48:34.919	51.0
15:48:34.927	52.5
15:48:34.939	50.5
15:48:34.952	49.6
15:48:34.960	52.6
15:48:34.972	52.3
15:48:34.984	51.0
15:48:34.997	51.3
15:48:35.005	53.0
15:48:35.017	51.6
15:48:35.029	53.6
15:48:35.038	55.3
15:48:35.050	55.6
15:48:35.062	57.8
15:48:35.074	55.8
15:48:35.083	57.7
15:48:35.095	57.2
15:48:35.107	57.4
15:48:35.115	55.3
15:48:35.128	56.8
15:48:35.140	55.0
15:48:35.148	52.4
15:48:35.161	52.9
15:48:35.173	52.6
15:48:35.181	52.5
15:48:35.193	51.5
15:48:35.206	53.1
15:48:35.214	52.4
15:48:35.226	53.2
15:48:35.238	53.7
15:48:35.251	56.2
15:48:35.259	56.1
15:48:35.271	57.0
15:48:35.284	58.3
15:48:35.292	63.0
15:48:35.304	64.6
15:48:35.316	69.4
15:48:35.329	72.5
15:48:35.337	76.8
15:48:35.349	80.3
15:48:35.361	85.8
15:48:35.370	91.7
15:48:35.382	96.9
15:48:35.394	99.7
15:48:35.402	100.3
15:48:35.415	102.9
15:48:35.427	102.8
15:48:35.435	104.1
15:48:35.448	105.9
15:48:35.460	106.6
15:48:35.468	104.4
15:48:35.480	103.6
15:48:35.493	102.4
15:48:35.505	101.5
15:48:35.513	100.4
15:48:35.525	100.0
15:48:35.538	100.7
15:48:35.546	101.6
15:48:35.558	102.1
15:48:35.570	100.4
15:48:35.579	101.4
15:48:35.591	100.9
15:48:35.603	99.3
15:48:35.611	98.8
15:48:35.624	98.5
15:48:35.636	98.1
15:48:35.648	98.9
15:48:35.656	98.5
15:48:35.669	97.6
15:48:35.681	99.0
15:48:35.689	97.2
15:48:35.701	100.1
15:48:35.714	101.8
15:48:35.722	101.4
15:48:35.734	103.4
15:48:35.746	104.6
15:48:35.759	103.6
15:48:35.767	104.3
15:48:35.779	106.6
15:48:35.792	109.1
15:48:35.800	113.3
15:48:35.812	113.1
15:48:35.824	113.0
15:48:35.832	115.1
15:48:35.844	114.6
15:48:35.856	116.4
15:48:35.865	118.4
15:48:35.877	120.4
15:48:35.889	117.7
15:48:35.897	117.6
15:48:35.910	116.9
15:48:35.922	114.5
15:48:35.934	114.2
15:48:35.942	114.6
15:48:35.955	113.9
15:48:35.967	111.5
15:48:35.975	110.2
15:48:35.987	110.3
15:48:36.000	109.4
15:48:36.013	107.9
15:48:36.021	104.0
15:48:36.033	103.4
15:48:36.046	105.2
15:48:36.054	103.8
15:48:36.066	102.0
15:48:36.078	99.2
15:48:36.087	97.4
15:48:36.099	94.7
15:48:36.111	94.2
15:48:36.119	92.1
15:48:36.132	91.5
15:48:36.144	91.5
15:48:36.152	87.1
15:48:36.164	86.7
15:48:36.177	86.8
15:48:36.189	88.0
15:48:36.197	87.8
15:48:36.210	87.5
15:48:36.222	87.4
15:48:36.230	86.0
15:48:36.242	86.1
15:48:36.255	85.0
15:48:36.263	85.4
15:48:36.275	84.5
15:48:36.287	83.0
15:48:36.300	81.8
15:48:36.308	81.6
15:48:36.320	81.5
15:48:36.332	78.2
15:48:36.341	79.9
15:48:36.353	78.7
15:48:36.365	76.7
15:48:36.373	76.0
15:48:36.386	72.0
15:48:36.398	71.3
15:48:36.406	68.1
15:48:36.418	66.7
15:48:36.431	62.7
15:48:36.443	61.8
15:48:36.451	57.5
15:48:36.464	55.4
15:48:36.476	53.5
15:48:36.484	51.7
15:48:36.496	50.7
15:48:36.508	45.7
15:48:36.517	46.6
15:48:36.529	43.1
15:48:36.541	39.8
15:48:36.549	37.5
15:48:36.562	36.6
15:48:36.574	32.9
15:48:36.586	30.5
15:48:36.594	26.9
15:48:36.607	26.2
15:48:36.619	25.1
15:48:36.627	20.1
15:48:36.640	17.2
15:48:36.652	16.1
15:48:36.660	14.1
15:48:36.672	10.9
15:48:36.684	6.8
15:48:36.697	3.2
15:48:36.705	-0.3
15:48:36.717	-6.3
15:48:36.730	-7.4
15:48:36.738	-9.5
15:48:36.750	-12.5
15:48:36.762	-16.1
15:48:36.771	-19.4
15:48:36.783	-23.3
15:48:36.795	-26.1
15:48:36.803	-28.5
15:48:36.816	-29.3
15:48:36.828	-28.0
15:48:36.840	-31.4
15:48:36.848	-32.9
15:48:36.861	-31.3
15:48:36.873	-28.6
15:48:36.881	-28.5
15:48:36.893	-27.1
15:48:36.906	-23.0
15:48:36.918	-20.1
15:48:36.926	-18.4
15:48:36.938	-15.8
15:48:36.951	-14.1
15:48:36.959	-11.7
15:48:36.971	-12.0
15:48:36.983	-14.9
15:48:36.996	-14.3
15:48:37.004	-14.4
15:48:37.016	-14.2
15:48:37.028	-14.9
15:48:37.037	-14.3
15:48:37.049	-17.3
15:48:37.061	-16.2
15:48:37.069	-16.6
15:48:37.082	-16.6
15:48:37.094	-16.5
15:48:37.102	-16.4
15:48:37.114	-16.3
15:48:37.127	-18.0
15:48:37.135	-18.5
15:48:37.147	-21.1
15:48:37.160	-18.6
15:48:37.172	-20.9
15:48:37.180	-20.1
15:48:37.192	-23.4
15:48:37.205	-26.1
15:48:37.213	-27.6
15:48:37.225	-31.1
15:48:37.237	-33.0
15:48:37.250	-39.8
15:48:37.258	-48.4
15:48:37.270	-62.9
15:48:37.282	-75.1
15:48:37.291	-90.5
15:48:37.303	-99.1
15:48:37.315	-109.9
15:48:37.323	-122.1
15:48:37.336	-132.3
15:48:37.348	-142.0
15:48:37.356	-147.0
15:48:37.368	-148.9
15:48:37.381	-148.1
15:48:37.389	-145.6
15:48:37.401	-144.2
15:48:37.413	-145.6
15:48:37.426	-144.7
15:48:37.434	-144.1
15:48:37.446	-143.9
15:48:37.459	-144.0
15:48:37.467	-143.5
15:48:37.479	-145.0
15:48:37.491	-143.8
15:48:37.499	-142.7
15:48:37.512	-142.2
15:48:37.524	-142.4
15:48:37.532	-140.9
15:48:37.544	-140.2
15:48:37.557	-138.6
15:48:37.569	-137.1
15:48:37.577	-135.5
15:48:37.590	-132.4
15:48:37.602	-133.1
15:48:37.610	-133.5
15:48:37.622	-131.9
15:48:37.635	-129.2
15:48:37.643	-128.4
15:48:37.655	-125.4
15:48:37.667	-123.5
15:48:37.680	-120.9
15:48:37.688	-117.9
15:48:37.700	-115.9
15:48:37.712	-113.5
15:48:37.720	-111.2
15:48:37.733	-109.6
15:48:37.745	-108.1
15:48:37.753	-105.5
15:48:37.765	-103.7
15:48:37.778	-99.4
15:48:37.786	-98.4
15:48:37.798	-98.1
15:48:37.810	-97.6
15:48:37.818	-96.7
15:48:37.831	-95.0
15:48:37.843	-92.6
15:48:37.855	-91.2
15:48:37.864	-91.4
15:48:37.876	-90.5
15:48:37.888	-91.8
15:48:37.896	-89.4
15:48:37.909	-87.9
15:48:37.921	-86.5
15:48:37.933	-84.5
15:48:37.941	-83.9
15:48:37.954	-82.3
15:48:37.966	-80.7
15:48:37.974	-77.8
15:48:37.986	-78.5
15:48:37.999	-75.7
15:48:38.007	-74.0
15:48:38.019	-73.1
15:48:38.031	-71.8
15:48:38.040	-70.3
15:48:38.052	-68.5
15:48:38.064	-68.7
15:48:38.072	-67.2
15:48:38.085	-65.2
15:48:38.097	-61.1
15:48:38.109	-60.5
15:48:38.117	-60.5
15:48:38.130	-62.3
15:48:38.142	-61.4
15:48:38.150	-59.9
15:48:38.162	-58.6
15:48:38.175	-56.6
15:48:38.183	-55.0
15:48:38.195	-55.4
15:48:38.207	-56.1
15:48:38.220	-53.6
15:48:38.228	-52.0
15:48:38.240	-48.9
15:48:38.253	-47.9
15:48:38.261	-47.3
15:48:38.273	-47.5
15:48:38.285	-48.0
15:48:38.293	-48.2
15:48:38.306	-48.3
15:48:38.318	-47.7
15:48:38.326	-49.1
15:48:38.338	-50.2
15:48:38.351	-49.0
15:48:38.363	-48.9
15:48:38.371	-49.1
15:48:38.384	-48.9
15:48:38.396	-48.5
15:48:38.404	-48.2
15:48:38.416	-45.6
15:48:38.429	-45.7
15:48:38.437	-44.4
15:48:38.449	-45.0
15:48:38.461	-48.4
15:48:38.470	-47.3
15:48:38.482	-47.6
15:48:38.494	-47.6
15:48:38.506	-47.6
15:48:38.515	-48.5
15:48:38.527	-48.8
15:48:38.539	-47.0
15:48:38.547	-49.2
15:48:38.560	-49.7
15:48:38.572	-46.4
15:48:38.580	-47.0
15:48:38.592	-46.6
15:48:38.605	-48.2
15:48:38.617	-49.0
15:48:38.625	-50.6
15:48:38.638	-50.6
15:48:38.650	-53.5
15:48:38.658	-53.7
15:48:38.670	-50.9
15:48:38.682	-52.6
15:48:38.691	-53.9
15:48:38.703	-54.3
15:48:38.715	-51.8
15:48:38.723	-51.3
15:48:38.736	-49.0
15:48:38.748	-49.0
15:48:38.760	-46.3
15:48:38.768	-45.3
15:48:38.781	-43.1
15:48:38.793	-40.8
15:48:38.801	-40.3
15:48:38.814	-39.6
15:48:38.826	-38.8
15:48:38.838	-36.7
15:48:38.846	-36.0
15:48:38.859	-36.9
15:48:38.871	-35.8
15:48:38.879	-36.3
15:48:38.891	-37.3
15:48:38.904	-37.8
15:48:38.916	-37.1
15:48:38.924	-36.7
15:48:38.936	-36.8
15:48:38.949	-35.8
15:48:38.957	-35.1
15:48:38.969	-34.6
15:48:38.981	-35.6
15:48:38.990	-35.1
15:48:39.002	-35.2
15:48:39.014	-35.5
15:48:39.022	-34.1
15:48:39.035	-32.7
15:48:39.047	-31.4
15:48:39.055	-31.3
15:48:39.068	-31.4
15:48:39.080	-30.2
15:48:39.092	-31.0
15:48:39.100	-31.0
15:48:39.113	-33.0
15:48:39.125	-34.1
15:48:39.133	-34.6
15:48:39.145	-37.0
15:48:39.158	-38.1
15:48:39.170	-39.3
15:48:39.178	-38.1
15:48:39.190	-36.5
15:48:39.203	-34.7
15:48:39.211	-33.0
15:48:39.223	-30.0
15:48:39.235	-27.3
15:48:39.244	-25.7
15:48:39.256	-23.4
15:48:39.268	-21.9
15:48:39.276	-20.7
15:48:39.289	-19.9
15:48:39.301	-20.8
15:48:39.309	-20.1
15:48:39.321	-17.2
15:48:39.334	-17.2
15:48:39.346	-16.7
15:48:39.354	-16.7
15:48:39.367	-18.5
15:48:39.379	-15.3
15:48:39.387	-12.9
15:48:39.399	-12.3
15:48:39.411	-13.3
15:48:39.420	-13.4
15:48:39.432	-15.2
15:48:39.444	-14.8
15:48:39.452	-14.6
15:48:39.465	-11.8
15:48:39.477	-7.7
15:48:39.489	-7.9
15:48:39.497	-8.4
15:48:39.510	-8.4
15:48:39.522	-5.7
15:48:39.530	-2.9
15:48:39.543	-1.1
15:48:39.555	-0.2
15:48:39.563	1.4
15:48:39.575	0.0
15:48:39.588	-0.1
15:48:39.600	-1.2
15:48:39.608	-0.5
15:48:39.620	-1.9
15:48:39.633	-2.6
15:48:39.641	-2.6
15:48:39.653	-4.9
15:48:39.665	-6.2
15:48:39.674	-5.3
15:48:39.686	-5.8
15:48:39.699	-6.3
15:48:39.707	-6.3
15:48:39.719	-7.3
15:48:39.732	-5.1
15:48:39.740	-4.5
15:48:39.752	-6.5
15:48:39.764	-2.9
15:48:39.777	-3.1
15:48:39.785	-2.9
15:48:39.797	-1.4
15:48:39.810	-0.9
15:48:39.818	-2.0
15:48:39.830	-2.7
15:48:39.842	-3.9
15:48:39.855	-3.8
15:48:39.863	-2.0
15:48:39.875	-4.8
15:48:39.887	-3.0
15:48:39.896	-3.5
15:48:39.908	-3.5
15:48:39.920	-3.8
15:48:39.928	-3.3
15:48:39.941	-2.0
15:48:39.953	-2.2
15:48:39.961	-2.8
15:48:39.973	-4.8
15:48:39.986	-3.3
15:48:39.994	-4.1
15:48:40.006	-5.6
15:48:40.018	-4.4
15:48:40.031	-2.5
15:48:40.039	-3.1
15:48:40.051	-2.2
15:48:40.063	-1.9
15:48:40.071	-2.0
15:48:40.083	-1.1
15:48:40.095	-2.4
15:48:40.104	-0.1
15:48:40.116	0.7
15:48:40.128	1.3
15:48:40.140	-1.3
15:48:40.149	-0.6
15:48:40.161	0.1
15:48:40.173	1.6
15:48:40.182	1.7
15:48:40.194	3.2
15:48:40.206	5.1
15:48:40.214	5.3
15:48:40.226	6.1
15:48:40.239	4.2
15:48:40.247	4.1
15:48:40.259	4.5
15:48:40.271	3.0
15:48:40.284	0.6
15:48:40.292	0.2
15:48:40.304	-1.4
15:48:40.317	-1.8
15:48:40.326	-3.2
15:48:40.338	-3.3
15:48:40.350	-2.6
15:48:40.359	-0.9
15:48:40.371	-1.4
15:48:40.383	-1.0
15:48:40.391	-0.8
15:48:40.404	2.6
15:48:40.416	3.6
15:48:40.428	3.8
15:48:40.436	5.9
15:48:40.449	4.1
15:48:40.461	2.8
15:48:40.469	2.8
15:48:40.481	3.1
15:48:40.494	2.3
15:48:40.502	2.6
15:48:40.514	1.2
15:48:40.526	0.4
15:48:40.539	1.4
15:48:40.547	-0.9
15:48:40.560	1.8
15:48:40.571	1.2
15:48:40.580	3.8
15:48:40.592	3.8
15:48:40.604	5.1
15:48:40.612	6.6
15:48:40.625	7.0
15:48:40.637	9.4
15:48:40.645	9.6
15:48:40.657	10.3
15:48:40.670	8.2
15:48:40.678	8.8
15:48:40.690	6.6
15:48:40.702	7.7
15:48:40.715	9.1
15:48:40.723	9.2
15:48:40.735	10.9
15:48:40.747	10.6
15:48:40.756	9.1
15:48:40.768	8.7
15:48:40.780	9.8
15:48:40.793	10.8
15:48:40.801	10.1
15:48:40.813	9.9
15:48:40.825	8.7
15:48:40.834	8.9
15:48:40.846	7.1
15:48:40.858	6.2
15:48:40.866	7.0
15:48:40.879	8.4
15:48:40.891	10.2
15:48:40.903	12.6
15:48:40.911	13.7
15:48:40.924	13.3
15:48:40.936	12.9
15:48:40.944	12.9
15:48:40.956	13.5
15:48:40.969	15.3
15:48:40.977	15.4
15:48:40.989	14.7
15:48:41.001	14.5
15:48:41.014	13.5
15:48:41.022	14.7
15:48:41.034	16.2
15:48:41.046	17.0
15:48:41.055	18.8
15:48:41.067	18.5
15:48:41.079	17.6
15:48:41.091	15.8
15:48:41.100	15.6
15:48:41.112	14.8
15:48:41.124	13.0
15:48:41.133	11.9
15:48:41.145	11.1
15:48:41.157	11.3
15:48:41.165	10.6
15:48:41.177	11.1
15:48:41.189	9.9
15:48:41.197	10.0
15:48:41.210	10.1
15:48:41.222	10.3
15:48:41.230	11.6
15:48:41.242	11.7
15:48:41.255	12.2
15:48:41.267	11.1
15:48:41.275	11.0
15:48:41.287	9.5
15:48:41.300	9.8
15:48:41.308	12.0
15:48:41.320	10.3
15:48:41.332	11.0
15:48:41.341	10.2
15:48:41.353	10.8
15:48:41.365	10.1
15:48:41.373	12.2
15:48:41.386	12.2
15:48:41.398	12.7
15:48:41.410	12.5
15:48:41.419	13.0
15:48:41.431	14.1
15:48:41.443	13.5
15:48:41.451	14.2
15:48:41.464	12.4
15:48:41.476	13.9
15:48:41.484	12.9
15:48:41.496	12.4
15:48:41.509	14.5
15:48:41.521	13.3
15:48:41.529	11.4
15:48:41.541	11.0
15:48:41.554	11.6
15:48:41.562	9.5
15:48:41.574	10.5
15:48:41.586	10.3
15:48:41.595	8.3
15:48:41.607	7.9
15:48:41.619	5.8
15:48:41.627	7.4
15:48:41.640	10.9
15:48:41.652	11.3
15:48:41.660	9.1
15:48:41.672	12.4
15:48:41.685	12.6
15:48:41.697	13.1
15:48:41.705	14.6
15:48:41.717	16.3
15:48:41.730	15.2
15:48:41.738	14.9
15:48:41.750	14.9
15:48:41.763	16.9
15:48:41.775	19.3
15:48:41.783	22.2
15:48:41.795	26.0
15:48:41.808	28.4
15:48:41.816	33.1
15:48:41.828	35.6
15:48:41.840	42.5
15:48:41.849	45.6
15:48:41.861	47.4
15:48:41.873	48.6
15:48:41.881	48.9
15:48:41.894	50.1
15:48:41.906	50.1
15:48:41.914	50.2
15:48:41.926	50.5
15:48:41.939	51.1
15:48:41.951	50.2
15:48:41.959	51.0
15:48:41.971	49.7
15:48:41.984	51.0
15:48:41.992	54.0
15:48:42.004	53.1
15:48:42.016	54.8
15:48:42.025	57.6
15:48:42.037	59.6
15:48:42.049	58.8
15:48:42.061	60.8
15:48:42.070	64.7
15:48:42.082	67.7
15:48:42.094	70.8
15:48:42.102	72.6
15:48:42.115	74.4
15:48:42.127	76.0
15:48:42.135	79.2
15:48:42.147	83.7
15:48:42.160	90.8
15:48:42.168	97.7
15:48:42.180	104.3
15:48:42.193	112.9
15:48:42.205	119.4
15:48:42.213	127.7
15:48:42.225	135.4
15:48:42.238	143.3
15:48:42.246	148.2
15:48:42.258	151.0
15:48:42.270	153.3
15:48:42.278	155.1
15:48:42.291	154.0
15:48:42.303	152.6
15:48:42.311	151.8
15:48:42.324	150.2
15:48:42.336	149.6
15:48:42.348	147.2
15:48:42.356	144.7
15:48:42.369	142.3
15:48:42.381	141.0
15:48:42.389	138.3
15:48:42.401	137.2
15:48:42.414	135.9
15:48:42.422	134.5
15:48:42.434	134.5
15:48:42.446	130.9
15:48:42.459	130.0
15:48:42.467	128.9
15:48:42.479	128.5
15:48:42.491	126.5
15:48:42.504	124.7
15:48:42.512	124.3
15:48:42.525	122.8
15:48:42.537	122.0
15:48:42.546	119.7
15:48:42.558	119.6
15:48:42.570	117.2
15:48:42.578	116.4
15:48:42.591	115.1
15:48:42.603	114.2
15:48:42.611	113.4
15:48:42.623	111.2
15:48:42.636	110.1
15:48:42.644	107.4
15:48:42.656	105.9
15:48:42.668	105.7
15:48:42.681	105.4
15:48:42.689	102.2
15:48:42.701	100.1
15:48:42.714	99.8
15:48:42.722	98.0
15:48:42.734	99.7
15:48:42.746	98.1
15:48:42.759	96.7
15:48:42.767	96.2
15:48:42.779	94.1
15:48:42.791	92.8
15:48:42.799	92.3
15:48:42.812	92.3
15:48:42.824	91.1
15:48:42.832	90.3
15:48:42.845	86.2
15:48:42.857	86.8
15:48:42.865	87.4
15:48:42.877	85.4
15:48:42.890	85.6
15:48:42.898	84.8
15:48:42.910	85.0
15:48:42.922	82.2
15:48:42.935	81.2
15:48:42.943	81.5
15:48:42.955	80.8
15:48:42.967	77.9
15:48:42.976	76.6
15:48:42.988	77.8
15:48:43.000	74.8
15:48:43.012	73.1
15:48:43.021	72.0
15:48:43.033	71.3
15:48:43.045	70.7
15:48:43.053	70.3
15:48:43.066	68.4
15:48:43.078	69.0
15:48:43.086	68.4
15:48:43.098	65.2
15:48:43.111	65.6
15:48:43.119	63.9
15:48:43.131	63.0
15:48:43.143	64.0
15:48:43.152	62.6
15:48:43.164	59.2
15:48:43.176	60.1
15:48:43.188	56.7
15:48:43.197	55.1
15:48:43.209	55.0
15:48:43.221	51.8
15:48:43.229	50.3
15:48:43.242	48.6
15:48:43.254	45.3
15:48:43.262	42.8
15:48:43.274	41.1
15:48:43.287	38.9
15:48:43.295	37.8
15:48:43.307	36.2
15:48:43.320	32.5
15:48:43.332	29.4
15:48:43.340	25.0
15:48:43.352	21.4
15:48:43.365	17.3
15:48:43.373	13.7
15:48:43.385	10.2
15:48:43.397	3.6
15:48:43.406	-1.6
15:48:43.418	-5.0
15:48:43.430	-8.8
15:48:43.442	-11.6
15:48:43.451	-13.2
15:48:43.463	-17.0
15:48:43.475	-17.7
15:48:43.483	-19.5
15:48:43.496	-21.3
15:48:43.508	-21.5
15:48:43.516	-20.0
15:48:43.528	-22.1
15:48:43.541	-22.5
15:48:43.549	-22.7
15:48:43.561	-23.0
15:48:43.573	-24.7
15:48:43.582	-29.0
15:48:43.594	-31.5
15:48:43.606	-34.0
15:48:43.619	-35.1
15:48:43.627	-39.1
15:48:43.639	-40.8
15:48:43.651	-42.1
15:48:43.659	-45.0
15:48:43.672	-46.7
15:48:43.684	-47.1
15:48:43.696	-44.7
15:48:43.704	-43.0
15:48:43.717	-42.6
15:48:43.729	-43.6
15:48:43.737	-40.3
15:48:43.749	-41.3
15:48:43.762	-41.2
15:48:43.770	-40.3
15:48:43.782	-41.7
15:48:43.794	-41.7
15:48:43.802	-49.7
15:48:43.814	-57.1
15:48:43.827	-63.1
15:48:43.836	-69.9
15:48:43.848	-78.5
15:48:43.861	-84.7
15:48:43.873	-91.6
15:48:43.881	-99.2
15:48:43.893	-103.7
15:48:43.905	-110.6
15:48:43.914	-110.5
15:48:43.926	-116.6
15:48:43.938	-124.4
15:48:43.946	-131.8
15:48:43.959	-141.0
15:48:43.971	-147.8
15:48:43.983	-157.4
15:48:43.991	-163.8
15:48:44.004	-171.9
15:48:44.016	-179.5
15:48:44.024	-187.3
15:48:44.036	-188.9
15:48:44.049	-187.6
15:48:44.057	-187.3
15:48:44.069	-186.0
15:48:44.081	-187.3
15:48:44.090	-185.4
15:48:44.102	-184.6
15:48:44.114	-182.2
15:48:44.127	-180.2
15:48:44.135	-176.6
15:48:44.147	-176.7
15:48:44.159	-175.1
15:48:44.167	-172.2
15:48:44.180	-169.1
15:48:44.192	-167.6
15:48:44.200	-165.9
15:48:44.213	-164.5
15:48:44.225	-163.5
15:48:44.233	-160.1
15:48:44.245	-159.9
15:48:44.258	-157.9
15:48:44.270	-158.9
15:48:44.278	-158.7
15:48:44.290	-157.5
15:48:44.303	-153.8
15:48:44.311	-150.9
15:48:44.323	-149.3
15:48:44.335	-149.4
15:48:44.344	-150.7
15:48:44.356	-150.3
15:48:44.368	-151.1
15:48:44.380	-149.5
15:48:44.389	-147.2
15:48:44.401	-150.0
15:48:44.413	-150.2
15:48:44.425	-148.5
15:48:44.434	-146.8
15:48:44.446	-146.0
15:48:44.458	-143.6
15:48:44.466	-143.4
15:48:44.479	-142.0
15:48:44.491	-140.0
15:48:44.499	-141.2
15:48:44.511	-137.1
15:48:44.524	-135.3
15:48:44.532	-136.6
15:48:44.544	-135.7
15:48:44.556	-130.2
15:48:44.565	-129.1
15:48:44.577	-126.6
15:48:44.589	-122.4
15:48:44.602	-121.9
15:48:44.610	-120.0
15:48:44.622	-121.0
15:48:44.634	-119.5
15:48:44.642	-117.3
15:48:44.655	-116.4
15:48:44.667	-117.2
15:48:44.679	-116.3
15:48:44.688	-114.8
15:48:44.700	-116.2
15:48:44.712	-113.8
15:48:44.720	-113.2
15:48:44.733	-110.2
15:48:44.745	-109.2
15:48:44.753	-107.1
15:48:44.765	-104.7
15:48:44.778	-103.5
15:48:44.786	-103.0
15:48:44.798	-102.4
15:48:44.810	-101.5
15:48:44.819	-102.2
15:48:44.831	-100.3
15:48:44.843	-99.4
15:48:44.855	-97.4
15:48:44.864	-98.0
15:48:44.876	-96.8
15:48:44.888	-96.9
15:48:44.896	-95.9
15:48:44.909	-94.1
15:48:44.921	-92.0
15:48:44.933	-90.0
15:48:44.941	-89.5
15:48:44.954	-88.8
15:48:44.966	-88.1
15:48:44.974	-85.7
15:48:44.986	-87.2
15:48:44.999	-86.8
15:48:45.007	-85.3
15:48:45.019	-87.0
15:48:45.032	-86.5
15:48:45.040	-86.8
15:48:45.052	-84.6
15:48:45.064	-83.0
15:48:45.072	-84.3
15:48:45.085	-85.0
15:48:45.097	-85.8
15:48:45.109	-85.1
15:48:45.118	-84.2
15:48:45.130	-82.4
15:48:45.142	-81.3
15:48:45.150	-80.3
15:48:45.163	-81.2
15:48:45.175	-81.0
15:48:45.183	-79.3
15:48:45.195	-77.0
15:48:45.207	-74.6
15:48:45.215	-73.9
15:48:45.228	-74.9
15:48:45.240	-75.1
15:48:45.252	-74.1
15:48:45.260	-73.2
15:48:45.272	-72.0
15:48:45.285	-71.3
15:48:45.293	-71.5
15:48:45.305	-73.0
15:48:45.317	-72.4
15:48:45.326	-71.9
15:48:45.338	-72.1
15:48:45.351	-69.5
15:48:45.363	-70.1
15:48:45.372	-70.5
15:48:45.384	-68.8
15:48:45.396	-67.7
15:48:45.404	-67.7
15:48:45.417	-65.6
15:48:45.429	-65.3
15:48:45.437	-65.9
15:48:45.450	-62.8
15:48:45.462	-60.4
15:48:45.470	-58.0
15:48:45.482	-55.9
15:48:45.495	-57.0
15:48:45.503	-57.8
15:48:45.515	-57.3
15:48:45.527	-57.8
15:48:45.540	-56.5
15:48:45.548	-55.8
15:48:45.560	-54.1
15:48:45.572	-54.2
15:48:45.581	-53.7
15:48:45.593	-49.4
15:48:45.605	-46.4
15:48:45.617	-43.8
15:48:45.626	-40.8
15:48:45.637	-37.9
15:48:45.649	-35.0
15:48:45.658	-30.7
15:48:45.670	-29.2
15:48:45.682	-28.4
15:48:45.690	-24.9
15:48:45.703	-26.1
15:48:45.715	-25.5
15:48:45.723	-23.8
15:48:45.735	-22.9
15:48:45.748	-22.0
15:48:45.756	-21.8
15:48:45.768	-23.6
15:48:45.780	-21.8
15:48:45.793	-20.8
15:48:45.801	-18.1
15:48:45.813	-17.0
15:48:45.825	-16.9
15:48:45.834	-16.7
15:48:45.846	-14.2
15:48:45.859	-13.9
15:48:45.867	-12.8
15:48:45.879	-10.3
15:48:45.891	-9.8
15:48:45.904	-8.5
15:48:45.912	-7.4
15:48:45.924	-5.8
15:48:45.936	-4.8
15:48:45.944	-3.4
15:48:45.957	-3.0
15:48:45.969	-1.4
15:48:45.977	0.1
15:48:45.990	1.1
15:48:46.002	2.0
15:48:46.010	3.2
15:48:46.022	2.0
15:48:46.035	0.8
15:48:46.047	1.4
15:48:46.055	2.3
15:48:46.067	3.1
15:48:46.080	2.9
15:48:46.088	2.9
15:48:46.100	4.6
15:48:46.113	4.5
15:48:46.121	4.8
15:48:46.133	6.4
15:48:46.145	8.9
15:48:46.154	9.0
15:48:46.166	10.4
15:48:46.178	11.5
15:48:46.190	12.6
15:48:46.199	14.6
15:48:46.211	16.4
15:48:46.223	16.8
15:48:46.231	19.5
15:48:46.244	19.6
15:48:46.256	20.5
15:48:46.264	22.3
15:48:46.276	23.4
15:48:46.289	22.1
15:48:46.301	22.2
15:48:46.309	24.3
15:48:46.321	23.8
15:48:46.334	26.9
15:48:46.342	26.1
15:48:46.354	28.9
15:48:46.367	28.3
15:48:46.375	31.2
15:48:46.387	31.6
15:48:46.400	34.2
15:48:46.408	37.3
15:48:46.420	38.7
15:48:46.432	42.8
15:48:46.440	46.3
15:48:46.453	50.4
15:48:46.465	52.3
15:48:46.477	59.1
15:48:46.486	62.8
15:48:46.498	68.9
15:48:46.510	72.9
15:48:46.518	74.8
15:48:46.531	76.6
15:48:46.543	77.1
15:48:46.555	76.7
15:48:46.563	77.2
15:48:46.576	75.7
15:48:46.588	73.5
15:48:46.596	74.5
15:48:46.608	73.0
15:48:46.621	73.2
15:48:46.633	75.1
15:48:46.641	74.8
15:48:46.653	75.0
15:48:46.666	74.9
15:48:46.674	73.5
15:48:46.686	72.9
15:48:46.698	72.3
15:48:46.707	69.6
15:48:46.719	67.7
15:48:46.731	67.3
15:48:46.739	65.7
15:48:46.752	66.5
15:48:46.764	65.2
15:48:46.776	64.2
15:48:46.784	64.7
15:48:46.797	65.5
15:48:46.809	64.4
15:48:46.817	65.8
15:48:46.830	65.8
15:48:46.842	64.4
15:48:46.854	63.4
15:48:46.862	60.2
15:48:46.875	59.2
15:48:46.887	58.1
15:48:46.895	55.5
15:48:46.907	54.2
15:48:46.919	55.6
15:48:46.928	53.5
15:48:46.940	53.9
15:48:46.952	54.1
15:48:46.960	54.3
15:48:46.973	56.2
15:48:46.985	56.1
15:48:46.993	55.1
15:48:47.006	56.7
15:48:47.018	55.9
15:48:47.030	52.8
15:48:47.038	54.4
15:48:47.051	53.2
15:48:47.063	52.5
15:48:47.071	52.6
15:48:47.083	50.6
15:48:47.096	52.5
15:48:47.104	52.7
15:48:47.116	53.1
15:48:47.128	53.8
15:48:47.137	55.2
15:48:47.149	53.9
15:48:47.161	53.0
15:48:47.173	55.2
15:48:47.182	55.5
15:48:47.194	57.6
15:48:47.206	56.3
15:48:47.214	55.5
15:48:47.227	54.0
15:48:47.239	55.7
15:48:47.247	55.3
15:48:47.260	53.7
15:48:47.272	52.4
15:48:47.284	49.5
15:48:47.292	48.8
15:48:47.305	46.9
15:48:47.317	45.4
15:48:47.325	47.1
15:48:47.337	47.6
15:48:47.350	47.6
15:48:47.358	48.4
15:48:47.370	51.0
15:48:47.383	52.4
15:48:47.391	54.7
15:48:47.403	54.7
15:48:47.415	54.8
15:48:47.423	55.9
15:48:47.436	55.2
15:48:47.448	56.2
15:48:47.460	55.0
15:48:47.469	54.8
15:48:47.481	55.6
15:48:47.493	57.0
15:48:47.501	54.1
15:48:47.514	54.9
15:48:47.526	54.8
15:48:47.538	53.8
15:48:47.546	51.5
15:48:47.559	49.8
15:48:47.571	46.4
15:48:47.579	43.9
15:48:47.591	40.1
15:48:47.604	37.3
15:48:47.612	35.2
15:48:47.624	30.9
15:48:47.636	26.7
15:48:47.645	24.3
15:48:47.657	26.3
15:48:47.669	22.5
15:48:47.677	23.4
15:48:47.690	24.1
15:48:47.702	22.1
15:48:47.714	19.6
15:48:47.722	18.6
15:48:47.735	17.6
15:48:47.747	15.8
15:48:47.755	11.7
15:48:47.767	5.4
15:48:47.780	2.8
15:48:47.788	-2.1
15:48:47.800	-6.1
15:48:47.812	-8.3
15:48:47.825	-8.5
15:48:47.833	-8.6
15:48:47.845	-8.5
15:48:47.858	-8.4
15:48:47.866	-6.6
15:48:47.878	-4.4
15:48:47.890	-2.7
15:48:47.899	-1.9
15:48:47.911	-0.1
15:48:47.923	0.4
15:48:47.931	-1.9
15:48:47.944	-2.6
15:48:47.956	-7.8
15:48:47.968	-10.4
15:48:47.976	-14.2
15:48:47.989	-16.1
15:48:48.001	-18.9
15:48:48.009	-19.5
15:48:48.021	-22.8
15:48:48.034	-25.0
15:48:48.042	-26.9
15:48:48.054	-29.1
15:48:48.066	-29.5
15:48:48.075	-30.6
15:48:48.087	-31.0
15:48:48.099	-34.7
15:48:48.112	-33.5
15:48:48.120	-34.8
15:48:48.132	-36.2
15:48:48.144	-37.1
15:48:48.152	-39.0
15:48:48.165	-39.9
15:48:48.177	-38.4
15:48:48.185	-38.9
15:48:48.197	-38.4
15:48:48.210	-34.5
15:48:48.222	-35.9
15:48:48.230	-36.6
15:48:48.242	-36.2
15:48:48.255	-34.7
15:48:48.263	-32.5
15:48:48.275	-32.8
15:48:48.288	-33.0
15:48:48.296	-29.7
15:48:48.308	-29.0
15:48:48.320	-30.9
15:48:48.328	-29.9
15:48:48.341	-29.4
15:48:48.353	-29.8
15:48:48.361	-30.9
15:48:48.373	-30.9
15:48:48.386	-29.8
15:48:48.398	-28.9
15:48:48.406	-29.9
15:48:48.419	-28.4
15:48:48.431	-25.6
15:48:48.439	-24.6
15:48:48.451	-21.1
15:48:48.464	-19.1
15:48:48.476	-16.9
15:48:48.484	-13.2
15:48:48.497	-12.7
15:48:48.509	-10.9
15:48:48.517	-7.6
15:48:48.529	-4.3
15:48:48.542	-4.1
15:48:48.550	-3.8
15:48:48.562	-4.6
15:48:48.574	-3.2
15:48:48.583	-1.9
15:48:48.595	-3.9
15:48:48.607	-2.2
15:48:48.615	-1.2
15:48:48.628	-1.7
15:48:48.640	-4.0
15:48:48.652	-3.5
15:48:48.660	-0.7
15:48:48.673	0.9
15:48:48.685	1.1
15:48:48.693	-0.8
15:48:48.705	0.2
15:48:48.718	0.3
15:48:48.726	-0.3
15:48:48.738	1.3
15:48:48.750	2.9
15:48:48.763	4.4
15:48:48.771	1.7
15:48:48.783	3.3
15:48:48.795	4.1
15:48:48.808	8.3
15:48:48.816	12.7
15:48:48.828	15.5
15:48:48.840	18.6
15:48:48.849	22.5
15:48:48.861	25.9
15:48:48.873	28.7
15:48:48.881	33.4
15:48:48.894	34.9
15:48:48.906	38.5
15:48:48.914	40.1
15:48:48.927	40.9
15:48:48.939	44.3
15:48:48.951	47.1
15:48:48.959	48.1
15:48:48.972	51.9
15:48:48.984	62.7
15:48:48.992	77.0
15:48:49.004	92.4
15:48:49.017	105.7
15:48:49.025	118.4
15:48:49.037	128.2
15:48:49.050	139.3
15:48:49.058	150.8
15:48:49.070	164.2
15:48:49.082	175.8
15:48:49.094	178.5
15:48:49.103	178.3
15:48:49.115	178.5
15:48:49.127	185.0
15:48:49.136	191.7
15:48:49.148	202.3
15:48:49.160	210.3
15:48:49.168	219.6
15:48:49.181	226.2
15:48:49.193	232.4
15:48:49.205	239.3
15:48:49.213	245.2
15:48:49.226	250.2
15:48:49.238	252.7
15:48:49.246	254.6
15:48:49.258	253.0
15:48:49.270	253.4
15:48:49.278	252.1
15:48:49.290	251.1
15:48:49.303	250.0
15:48:49.311	248.3
15:48:49.323	249.0
15:48:49.336	246.9
15:48:49.344	242.1
15:48:49.356	237.5
15:48:49.368	237.3
15:48:49.381	233.4
15:48:49.389	229.5
15:48:49.401	224.3
15:48:49.413	220.7
15:48:49.422	217.5
15:48:49.434	210.2
15:48:49.446	205.5
15:48:49.458	201.5
15:48:49.467	198.2
15:48:49.479	190.3
15:48:49.491	183.8
15:48:49.499	175.9
15:48:49.512	170.0
15:48:49.524	163.6
15:48:49.532	152.9
15:48:49.544	145.1
15:48:49.557	134.8
15:48:49.565	126.7
15:48:49.577	116.3
15:48:49.590	109.4
15:48:49.598	100.2
15:48:49.610	92.5
15:48:49.622	83.5
15:48:49.635	75.6
15:48:49.643	71.4
15:48:49.655	68.1
15:48:49.667	66.5
15:48:49.675	60.4
15:48:49.688	58.4
15:48:49.700	53.2
15:48:49.708	50.4
15:48:49.721	43.9
15:48:49.733	37.9
15:48:49.745	24.3
15:48:49.753	13.9
15:48:49.766	2.7
15:48:49.778	-8.9
15:48:49.786	-16.7
15:48:49.798	-27.0
15:48:49.811	-33.8
15:48:49.819	-43.3
15:48:49.831	-48.1
15:48:49.843	-53.2
15:48:49.852	-53.3
15:48:49.864	-54.1
15:48:49.876	-55.7
15:48:49.888	-53.9
15:48:49.897	-54.8
15:48:49.909	-53.6
15:48:49.921	-55.7
15:48:49.929	-53.6
15:48:49.942	-53.8
15:48:49.954	-53.3
15:48:49.962	-50.2
15:48:49.974	-49.7
15:48:49.987	-46.6
15:48:49.995	-47.8
15:48:50.008	-47.0
15:48:50.020	-44.6
15:48:50.032	-43.2
15:48:50.040	-43.0
15:48:50.053	-42.0
15:48:50.065	-40.5
15:48:50.073	-38.3
15:48:50.085	-36.6
15:48:50.098	-36.5
15:48:50.106	-32.9
15:48:50.118	-32.0
15:48:50.130	-32.4
15:48:50.143	-29.4
15:48:50.151	-28.2
15:48:50.163	-26.4
15:48:50.175	-25.3
15:48:50.184	-27.2
15:48:50.196	-26.1
15:48:50.208	-23.5
15:48:50.216	-25.7
15:48:50.229	-22.6
15:48:50.241	-23.2
15:48:50.249	-23.7
15:48:50.261	-23.7
15:48:50.274	-22.2
15:48:50.282	-21.2
15:48:50.294	-21.9
15:48:50.306	-20.3
15:48:50.319	-23.8
15:48:50.327	-20.6
15:48:50.339	-23.3
15:48:50.351	-23.1
15:48:50.360	-24.4
15:48:50.372	-23.9
15:48:50.384	-25.4
15:48:50.397	-24.4
15:48:50.405	-23.0
15:48:50.417	-23.9
15:48:50.429	-20.8
15:48:50.438	-20.5
15:48:50.450	-18.4
15:48:50.462	-18.4
15:48:50.470	-16.4
15:48:50.483	-17.4
15:48:50.495	-17.8
15:48:50.503	-16.8
15:48:50.515	-15.2
15:48:50.528	-12.7
15:48:50.536	-7.7
15:48:50.548	-2.9
15:48:50.560	2.1
15:48:50.573	8.8
15:48:50.581	13.0
15:48:50.593	20.6
15:48:50.605	28.1
15:48:50.618	32.9
15:48:50.626	39.0
15:48:50.638	43.1
15:48:50.650	43.2
15:48:50.659	42.9
15:48:50.671	43.1
15:48:50.683	43.5
15:48:50.695	45.7
15:48:50.704	45.2
15:48:50.716	44.8
15:48:50.728	46.0
15:48:50.737	47.4
15:48:50.749	48.9
15:48:50.761	50.9
15:48:50.769	51.7
15:48:50.781	52.7
15:48:50.794	52.7
15:48:50.802	52.9
15:48:50.814	56.0
15:48:50.826	59.0
15:48:50.835	59.2
15:48:50.847	60.9
15:48:50.860	61.6
15:48:50.872	61.3
15:48:50.880	61.3
15:48:50.892	61.5
15:48:50.904	62.9
15:48:50.913	61.9
15:48:50.925	61.3
15:48:50.937	61.2
15:48:50.945	61.3
15:48:50.958	59.5
15:48:50.970	57.7
15:48:50.978	58.3
15:48:50.990	59.8
15:48:51.003	60.7
15:48:51.015	59.2
15:48:51.023	60.1
15:48:51.035	57.2
15:48:51.048	55.9
15:48:51.056	55.4
15:48:51.068	54.1
15:48:51.080	53.4
15:48:51.089	52.8
15:48:51.101	51.3
15:48:51.113	48.8
15:48:51.125	48.5
15:48:51.134	47.1
15:48:51.146	48.1
15:48:51.158	46.9
15:48:51.167	48.6
15:48:51.179	47.9
15:48:51.191	50.8
15:48:51.199	52.2
15:48:51.212	53.1
15:48:51.224	53.7
15:48:51.232	53.7
15:48:51.244	53.4
15:48:51.257	53.4
15:48:51.265	53.9
15:48:51.277	50.8
15:48:51.289	50.7
15:48:51.302	49.1
15:48:51.310	44.8
15:48:51.322	43.3
15:48:51.334	41.7
15:48:51.343	41.3
15:48:51.355	42.1
15:48:51.367	43.8
15:48:51.379	43.5
15:48:51.388	42.1
15:48:51.400	43.3
15:48:51.412	41.4
15:48:51.420	42.2
15:48:51.433	41.6
15:48:51.445	42.6
15:48:51.453	42.5
15:48:51.465	42.8
15:48:51.478	39.8
15:48:51.486	40.1
15:48:51.498	40.3
15:48:51.510	39.8
15:48:51.519	38.8
15:48:51.531	41.0
15:48:51.543	39.8
15:48:51.555	38.0
15:48:51.564	38.3
15:48:51.576	36.9
15:48:51.588	38.1
15:48:51.596	37.1
15:48:51.609	39.0
15:48:51.621	38.2
15:48:51.629	39.0
15:48:51.641	36.2
15:48:51.654	36.7
15:48:51.666	39.0
15:48:51.674	37.7
15:48:51.687	39.1
15:48:51.699	38.0
15:48:51.707	38.6
15:48:51.720	36.2
15:48:51.732	35.6
15:48:51.740	35.4
15:48:51.752	34.9
15:48:51.765	34.7
15:48:51.773	32.9
15:48:51.785	33.4
15:48:51.798	31.0
15:48:51.810	31.5
15:48:51.818	29.3
15:48:51.830	28.6
15:48:51.843	29.6
15:48:51.851	29.2
15:48:51.863	30.4
15:48:51.875	30.6
15:48:51.884	32.2
15:48:51.896	32.5
15:48:51.908	33.6
15:48:51.916	33.7
15:48:51.929	32.8
15:48:51.941	34.6
15:48:51.953	31.9
15:48:51.961	31.4
15:48:51.974	31.6
15:48:51.986	31.4
15:48:51.994	30.5
15:48:52.006	30.9
15:48:52.019	31.2
15:48:52.027	28.1
15:48:52.039	30.0
15:48:52.051	29.0
15:48:52.064	30.8
15:48:52.072	30.8
15:48:52.084	31.5
15:48:52.096	31.3
15:48:52.105	32.4
15:48:52.117	31.4
15:48:52.129	29.0
15:48:52.137	31.9
15:48:52.150	30.6
15:48:52.162	30.8
15:48:52.170	29.0
15:48:52.182	29.5
15:48:52.195	27.5
15:48:52.203	28.2
15:48:52.215	27.7
15:48:52.228	25.3
15:48:52.240	26.5
15:48:52.248	24.0
15:48:52.261	23.9
15:48:52.273	22.4
15:48:52.281	22.9
15:48:52.293	20.4
15:48:52.306	20.4
15:48:52.318	19.8
15:48:52.326	16.9
15:48:52.338	19.9
15:48:52.351	18.8
15:48:52.359	19.3
15:48:52.371	19.2
15:48:52.383	19.5
15:48:52.392	17.4
15:48:52.404	18.9
15:48:52.416	18.5
15:48:52.424	21.6
15:48:52.437	28.3
15:48:52.449	36.2
15:48:52.457	47.3
15:48:52.469	59.0
15:48:52.482	70.7
15:48:52.494	83.6
15:48:52.502	95.5
15:48:52.514	108.6
15:48:52.527	121.8
15:48:52.539	130.5
15:48:52.547	136.2
15:48:52.559	139.2
15:48:52.572	141.8
15:48:52.580	144.3
15:48:52.592	144.3
15:48:52.605	143.7
15:48:52.617	146.6
15:48:52.625	146.8
15:48:52.637	146.1
15:48:52.650	145.7
15:48:52.658	146.5
15:48:52.670	145.6
15:48:52.682	143.8
15:48:52.691	141.0
15:48:52.703	140.9
15:48:52.715	140.9
15:48:52.723	142.6
15:48:52.736	141.2
15:48:52.748	142.4
15:48:52.756	142.7
15:48:52.768	142.2
15:48:52.781	142.9
15:48:52.793	141.9
15:48:52.801	142.8
15:48:52.813	145.1
15:48:52.826	146.0
15:48:52.834	145.2
15:48:52.846	147.4
15:48:52.858	147.2
15:48:52.867	147.2
15:48:52.879	149.3
15:48:52.891	148.8
15:48:52.899	152.2
15:48:52.912	154.2
15:48:52.924	155.9
15:48:52.936	158.3
15:48:52.944	159.1
15:48:52.957	162.8
15:48:52.969	165.4
15:48:52.977	168.7
15:48:52.989	170.9
15:48:53.002	175.7
15:48:53.010	180.2
15:48:53.022	184.0
15:48:53.035	187.6
15:48:53.047	191.1
15:48:53.055	195.6
15:48:53.067	200.4
15:48:53.080	202.0
15:48:53.088	206.6
15:48:53.100	210.8
15:48:53.112	212.2
15:48:53.120	214.4
15:48:53.133	216.8
15:48:53.145	216.6
15:48:53.153	217.5
15:48:53.166	217.4
15:48:53.178	212.4
15:48:53.186	214.1
15:48:53.198	213.0
15:48:53.211	211.4
15:48:53.223	210.9
15:48:53.231	208.7
15:48:53.243	208.3
15:48:53.256	207.9
15:48:53.264	207.3
15:48:53.276	206.5
15:48:53.288	206.9
15:48:53.301	204.2
15:48:53.309	202.0
15:48:53.321	198.8
15:48:53.333	198.0
15:48:53.342	196.5
15:48:53.354	195.3
15:48:53.366	195.2
15:48:53.374	193.0
15:48:53.387	191.9
15:48:53.399	192.5
15:48:53.407	192.2
15:48:53.419	190.5
15:48:53.432	190.2
15:48:53.440	189.0
15:48:53.452	187.4
15:48:53.464	186.5
15:48:53.477	185.3
15:48:53.485	185.2
15:48:53.497	183.2
15:48:53.509	180.2
15:48:53.518	179.2
15:48:53.530	180.2
15:48:53.542	179.1
15:48:53.550	178.1
15:48:53.563	178.5
15:48:53.575	172.1
15:48:53.587	170.5
15:48:53.596	166.1
15:48:53.608	161.5
15:48:53.620	155.3
15:48:53.628	148.9
15:48:53.641	140.9
15:48:53.653	132.7
15:48:53.661	123.8
15:48:53.673	114.3
15:48:53.686	109.8
15:48:53.694	99.5
15:48:53.706	91.6
15:48:53.718	85.3
15:48:53.731	77.7
15:48:53.739	72.8
15:48:53.751	65.7
15:48:53.763	61.2
15:48:53.772	56.5
15:48:53.784	56.5
15:48:53.796	51.2
15:48:53.804	47.2
15:48:53.817	42.9
15:48:53.829	37.4
15:48:53.837	34.0
15:48:53.849	28.3
15:48:53.862	26.6
15:48:53.874	23.1
15:48:53.882	18.9
15:48:53.894	10.3
15:48:53.907	5.9
15:48:53.915	1.0
15:48:53.927	-2.7
15:48:53.939	-4.7
15:48:53.948	-7.8
15:48:53.960	-11.1
15:48:53.972	-16.1
15:48:53.985	-18.4
15:48:53.993	-20.7
15:48:54.005	-22.1
15:48:54.017	-25.6
15:48:54.025	-28.6
15:48:54.038	-32.8
15:48:54.050	-36.4
15:48:54.058	-38.1
15:48:54.071	-43.2
15:48:54.083	-45.0
15:48:54.091	-49.0
15:48:54.103	-51.2
15:48:54.116	-57.9
15:48:54.124	-59.8
15:48:54.136	-62.9
15:48:54.148	-65.5
15:48:54.161	-68.7
15:48:54.169	-74.4
15:48:54.181	-74.5
15:48:54.193	-81.5
15:48:54.202	-83.5
15:48:54.214	-90.0
15:48:54.226	-90.6
15:48:54.238	-95.5
15:48:54.247	-99.9
15:48:54.259	-103.1
15:48:54.271	-106.1
15:48:54.283	-108.0
15:48:54.292	-112.9
15:48:54.304	-114.0
15:48:54.316	-119.3
15:48:54.325	-122.3
15:48:54.337	-130.6
15:48:54.349	-136.6
15:48:54.357	-140.8
15:48:54.370	-147.2
15:48:54.382	-154.2
15:48:54.390	-159.3
15:48:54.402	-163.9
15:48:54.415	-168.6
15:48:54.423	-172.7
15:48:54.435	-175.8
15:48:54.447	-177.8
15:48:54.460	-179.6
15:48:54.468	-182.5
15:48:54.480	-184.7
15:48:54.493	-188.3
15:48:54.501	-190.2
15:48:54.513	-192.8
15:48:54.525	-196.4
15:48:54.537	-199.7
15:48:54.546	-202.2
15:48:54.558	-202.0
15:48:54.570	-204.0
15:48:54.578	-206.4
15:48:54.592	-207.9
15:48:54.603	-207.9
15:48:54.611	-211.8
15:48:54.623	-215.1
15:48:54.636	-214.8
15:48:54.644	-214.5
15:48:54.656	-215.4
15:48:54.668	-217.6
15:48:54.677	-221.5
15:48:54.689	-225.1
15:48:54.701	-231.8
15:48:54.714	-236.1
15:48:54.722	-236.3
15:48:54.734	-239.5
15:48:54.746	-246.6
15:48:54.755	-251.0
15:48:54.767	-254.9
15:48:54.779	-261.2
15:48:54.787	-260.9
15:48:54.800	-260.3
15:48:54.812	-256.3
15:48:54.820	-252.8
15:48:54.832	-254.4
15:48:54.845	-252.8
15:48:54.857	-249.1
15:48:54.865	-246.0
15:48:54.878	-241.3
15:48:54.890	-234.9
15:48:54.898	-232.0
15:48:54.910	-228.8
15:48:54.923	-224.1
15:48:54.931	-223.5
15:48:54.943	-218.3
15:48:54.955	-215.4
15:48:54.968	-211.8
15:48:54.976	-211.8
15:48:54.988	-210.6
15:48:55.000	-209.0
15:48:55.009	-208.1
15:48:55.021	-206.1
15:48:55.033	-206.7
15:48:55.041	-202.4
15:48:55.054	-200.4
15:48:55.066	-195.2
15:48:55.074	-191.4
15:48:55.086	-188.2
15:48:55.099	-186.3
15:48:55.107	-183.2
15:48:55.119	-180.4
15:48:55.131	-177.1
15:48:55.144	-173.5
15:48:55.152	-174.8
15:48:55.164	-172.5
15:48:55.176	-171.2
15:48:55.185	-171.3
15:48:55.197	-168.7
15:48:55.209	-166.6
15:48:55.221	-164.8
15:48:55.230	-161.4
15:48:55.242	-159.7
15:48:55.254	-158.1
15:48:55.262	-153.4
15:48:55.275	-153.9
15:48:55.287	-152.7
15:48:55.295	-149.9
15:48:55.307	-147.4
15:48:55.320	-145.4
15:48:55.328	-144.2
15:48:55.340	-141.7
15:48:55.353	-140.3
15:48:55.361	-138.6
15:48:55.373	-139.1
15:48:55.385	-136.1
15:48:55.398	-135.3
15:48:55.406	-132.6
15:48:55.418	-130.7
15:48:55.430	-128.4
15:48:55.439	-127.3
15:48:55.451	-127.3
15:48:55.463	-124.0
15:48:55.471	-121.0
15:48:55.484	-116.7
15:48:55.496	-116.2
15:48:55.508	-114.3
15:48:55.516	-113.9
15:48:55.529	-113.1
15:48:55.541	-112.2
15:48:55.549	-111.1
15:48:55.561	-109.9
15:48:55.574	-111.3
15:48:55.582	-111.3
15:48:55.594	-108.7
15:48:55.606	-106.4
15:48:55.615	-105.9
15:48:55.627	-102.9
15:48:55.639	-101.8
15:48:55.652	-101.9
15:48:55.660	-99.8
15:48:55.672	-98.1
15:48:55.684	-94.6
15:48:55.692	-96.4
15:48:55.705	-98.6
15:48:55.717	-97.1
15:48:55.725	-94.2
15:48:55.738	-94.4
15:48:55.750	-92.8
15:48:55.758	-88.7
15:48:55.770	-84.7
15:48:55.782	-82.7
15:48:55.795	-83.3
15:48:55.803	-80.0
15:48:55.815	-77.0
15:48:55.827	-76.8
15:48:55.836	-74.8
15:48:55.848	-73.0
15:48:55.860	-69.2
15:48:55.869	-68.1
15:48:55.881	-64.3
15:48:55.893	-61.2
15:48:55.905	-57.7
15:48:55.914	-52.4
15:48:55.926	-49.4
15:48:55.938	-45.2
15:48:55.946	-43.3
15:48:55.959	-40.2
15:48:55.971	-38.7
15:48:55.979	-36.8
15:48:55.991	-39.1
15:48:56.004	-38.7
15:48:56.012	-36.7
15:48:56.024	-36.1
15:48:56.037	-34.1
15:48:56.045	-31.3
15:48:56.057	-27.9
15:48:56.069	-24.6
15:48:56.082	-22.5
15:48:56.090	-20.7
15:48:56.102	-17.3
15:48:56.115	-15.2
15:48:56.123	-14.4
15:48:56.135	-13.3
15:48:56.147	-12.7
15:48:56.160	-12.3
15:48:56.168	-14.5
15:48:56.180	-14.3
15:48:56.192	-14.4
15:48:56.201	-13.6
15:48:56.213	-12.0
15:48:56.225	-11.0
15:48:56.233	-8.3
15:48:56.246	-7.2
15:48:56.258	-6.6
15:48:56.266	-7.6
15:48:56.279	-5.7
15:48:56.290	-5.5
15:48:56.298	-4.7
15:48:56.310	-2.6
15:48:56.323	-4.3
15:48:56.335	-5.2
15:48:56.343	-6.7
15:48:56.355	-8.2
15:48:56.368	-7.8
15:48:56.376	-5.2
15:48:56.388	-5.4
15:48:56.401	-6.5
15:48:56.409	-7.8
15:48:56.421	-11.2
15:48:56.433	-9.9
15:48:56.446	-9.3
15:48:56.454	-9.2
15:48:56.466	-7.6
15:48:56.478	-8.5
15:48:56.487	-9.4
15:48:56.499	-6.8
15:48:56.511	-6.0
15:48:56.519	-3.1
15:48:56.532	-1.2
15:48:56.544	-3.0
15:48:56.552	-3.7
15:48:56.564	-2.8
15:48:56.578	-1.3
15:48:56.590	0.3
15:48:56.598	0.7
15:48:56.610	-1.8
15:48:56.623	-1.0
15:48:56.635	-2.2
15:48:56.643	-1.0
15:48:56.655	0.2
15:48:56.668	2.0
15:48:56.676	2.3
15:48:56.688	-0.3
15:48:56.700	2.8
15:48:56.708	3.6
15:48:56.720	9.0
15:48:56.732	13.9
15:48:56.741	25.5
15:48:56.753	40.3
15:48:56.765	55.0
15:48:56.777	67.1
15:48:56.786	79.0
15:48:56.798	92.9
15:48:56.810	101.2
15:48:56.819	111.6
15:48:56.831	118.8
15:48:56.843	124.6
15:48:56.851	123.4
15:48:56.863	118.0
15:48:56.876	114.4
15:48:56.888	112.5
15:48:56.896	112.6
15:48:56.909	110.1
15:48:56.921	111.3
15:48:56.929	109.9
15:48:56.942	112.4
15:48:56.954	112.9
15:48:56.962	112.3
15:48:56.974	111.7
15:48:56.987	111.4
15:48:56.995	110.1
15:48:57.007	107.5
15:48:57.019	110.4
15:48:57.028	106.8
15:48:57.040	106.0
15:48:57.052	103.2
15:48:57.064	101.1
15:48:57.073	101.9
15:48:57.085	105.1
15:48:57.097	109.2
15:48:57.105	113.9
15:48:57.118	120.6
15:48:57.130	121.9
15:48:57.142	127.0
15:48:57.151	130.7
15:48:57.163	132.5
15:48:57.175	137.0
15:48:57.183	139.2
15:48:57.196	140.7
15:48:57.208	141.0
15:48:57.216	141.7
15:48:57.228	140.0
15:48:57.241	139.7
15:48:57.249	140.1
15:48:57.261	142.9
15:48:57.273	144.2
15:48:57.282	145.6
15:48:57.294	147.2
15:48:57.306	149.5
15:48:57.318	148.5
15:48:57.327	147.3
15:48:57.339	147.7
15:48:57.351	149.6
15:48:57.360	149.0
15:48:57.372	151.3
15:48:57.384	151.5
15:48:57.392	151.5
15:48:57.405	152.1
15:48:57.417	152.2
15:48:57.430	153.7
15:48:57.437	156.9
15:48:57.450	156.9
15:48:57.462	158.7
15:48:57.470	160.0
15:48:57.482	157.8
15:48:57.495	156.7
15:48:57.503	157.8
15:48:57.515	155.9
15:48:57.527	153.6
15:48:57.536	152.4
15:48:57.548	148.1
15:48:57.560	146.0
15:48:57.572	139.1
15:48:57.581	135.8
15:48:57.593	130.5
15:48:57.605	127.2
15:48:57.613	120.7
15:48:57.626	118.5
15:48:57.638	113.3
15:48:57.646	108.6
15:48:57.658	107.0
15:48:57.671	102.8
15:48:57.679	102.6
15:48:57.691	97.8
15:48:57.703	95.1
15:48:57.716	90.8
15:48:57.724	87.5
15:48:57.736	84.7
15:48:57.749	81.1
15:48:57.757	80.5
15:48:57.769	75.4
15:48:57.781	71.9
15:48:57.790	64.8
15:48:57.802	63.1
15:48:57.814	59.8
15:48:57.827	57.8
15:48:57.835	53.5
15:48:57.847	46.5
15:48:57.859	43.6
15:48:57.867	35.4
15:48:57.880	32.5
15:48:57.892	26.1
15:48:57.900	23.2
15:48:57.912	16.4
15:48:57.925	12.5
15:48:57.933	7.6
15:48:57.945	4.1
15:48:57.957	5.1
15:48:57.966	3.3
15:48:57.978	3.2
15:48:57.990	0.4
15:48:58.002	1.0
15:48:58.010	0.2
15:48:58.023	1.3
15:48:58.035	0.3
15:48:58.043	-0.8
15:48:58.056	-2.1
15:48:58.068	-5.0
15:48:58.080	-8.3
15:48:58.088	-11.1
15:48:58.101	-13.5
15:48:58.113	-17.3
15:48:58.121	-20.9
15:48:58.133	-28.7
15:48:58.146	-36.6
15:48:58.154	-47.5
15:48:58.166	-60.1
15:48:58.178	-74.0
15:48:58.187	-88.7
15:48:58.199	-104.9
15:48:58.211	-118.0
15:48:58.223	-129.0
15:48:58.232	-141.9
15:48:58.244	-151.7
15:48:58.256	-160.5
15:48:58.264	-162.8
15:48:58.277	-164.0
15:48:58.289	-166.7
15:48:58.301	-167.5
15:48:58.310	-166.6
15:48:58.322	-169.0
15:48:58.334	-170.9
15:48:58.342	-172.2
15:48:58.355	-171.0
15:48:58.367	-171.8
15:48:58.379	-173.6
15:48:58.387	-174.0
15:48:58.400	-173.6
15:48:58.412	-173.8
15:48:58.420	-174.2
15:48:58.433	-174.9
15:48:58.445	-175.0
15:48:58.453	-175.5
15:48:58.465	-178.0
15:48:58.478	-177.9
15:48:58.486	-178.8
15:48:58.498	-180.6
15:48:58.510	-180.0
15:48:58.519	-178.3
15:48:58.531	-177.9
15:48:58.543	-175.8
15:48:58.555	-176.6
15:48:58.564	-175.4
15:48:58.576	-171.3
15:48:58.588	-172.2
15:48:58.596	-171.9
15:48:58.609	-170.2
15:48:58.621	-171.5
15:48:58.629	-173.4
15:48:58.641	-171.6
15:48:58.654	-173.0
15:48:58.662	-172.9
15:48:58.674	-172.5
15:48:58.686	-175.2
15:48:58.699	-172.1
15:48:58.707	-170.1
15:48:58.719	-168.4
15:48:58.731	-167.7
15:48:58.740	-166.5
15:48:58.752	-168.6
15:48:58.764	-166.1
15:48:58.772	-163.8
15:48:58.785	-161.0
15:48:58.797	-156.3
15:48:58.809	-155.4
15:48:58.817	-154.8
15:48:58.830	-156.3
15:48:58.842	-153.6
15:48:58.850	-150.3
15:48:58.863	-148.2
15:48:58.875	-148.3
15:48:58.883	-144.2
15:48:58.895	-142.9
15:48:58.907	-143.5
15:48:58.916	-141.5
15:48:58.928	-140.1
15:48:58.940	-136.2
15:48:58.948	-132.7
15:48:58.961	-131.0
15:48:58.973	-127.7
15:48:58.985	-124.6
15:48:58.993	-124.4
15:48:59.006	-122.9
15:48:59.018	-121.1
15:48:59.026	-118.6
15:48:59.039	-116.9
15:48:59.051	-115.7
15:48:59.063	-116.2
15:48:59.071	-115.7
15:48:59.084	-114.0
15:48:59.096	-112.3
15:48:59.104	-111.7
15:48:59.116	-109.9
15:48:59.129	-108.7
15:48:59.137	-107.8
15:48:59.149	-104.8
15:48:59.161	-102.5
15:48:59.170	-100.6
15:48:59.182	-99.4
15:48:59.194	-98.4
15:48:59.202	-98.1
15:48:59.215	-95.4
15:48:59.227	-92.5
15:48:59.239	-89.6
15:48:59.247	-88.2
15:48:59.260	-87.9
15:48:59.272	-88.1
15:48:59.280	-87.9
15:48:59.292	-86.4
15:48:59.305	-87.2
15:48:59.313	-84.0
15:48:59.325	-82.6
15:48:59.338	-83.6
15:48:59.350	-82.6
15:48:59.358	-82.0
15:48:59.370	-77.8
15:48:59.382	-74.3
15:48:59.391	-72.9
15:48:59.403	-70.9
15:48:59.415	-67.2
15:48:59.423	-66.0
15:48:59.436	-66.3
15:48:59.448	-67.2
15:48:59.456	-67.9
15:48:59.469	-65.4
15:48:59.481	-66.8
15:48:59.493	-69.1
15:48:59.501	-67.4
15:48:59.514	-66.7
15:48:59.526	-66.9
15:48:59.534	-66.2
15:48:59.546	-66.0
15:48:59.559	-63.5
15:48:59.567	-62.0
15:48:59.579	-64.3
15:48:59.591	-64.3
15:48:59.600	-64.1
15:48:59.612	-64.0
15:48:59.624	-65.0
15:48:59.636	-63.0
15:48:59.645	-64.1
15:48:59.657	-62.5
15:48:59.669	-63.3
15:48:59.677	-62.6
15:48:59.690	-61.6
15:48:59.702	-61.7
15:48:59.710	-58.9
15:48:59.722	-58.9
15:48:59.735	-55.3
15:48:59.747	-56.5
15:48:59.755	-55.2
15:48:59.767	-55.4
15:48:59.780	-50.3
15:48:59.788	-51.3
15:48:59.800	-49.6
15:48:59.812	-48.3
15:48:59.821	-48.2
15:48:59.833	-46.5
15:48:59.845	-47.9
15:48:59.853	-45.6
15:48:59.866	-44.9
15:48:59.878	-42.1
15:48:59.886	-45.7
15:48:59.898	-45.0
15:48:59.911	-44.8
15:48:59.923	-41.7
15:48:59.931	-41.1
15:48:59.943	-40.9
15:48:59.956	-40.2
15:48:59.964	-38.6
15:48:59.976	-36.2
15:48:59.989	-39.7
15:49:00.001	-38.7
15:49:00.009	-36.4
15:49:00.021	-35.4
15:49:00.034	-36.6
15:49:00.042	-36.6
15:49:00.054	-36.3
15:49:00.066	-35.5
15:49:00.075	-36.3
15:49:00.087	-37.6
15:49:00.099	-34.3
15:49:00.107	-33.0
15:49:00.120	-33.7
15:49:00.132	-33.7
15:49:00.140	-35.7
15:49:00.152	-34.0
15:49:00.165	-34.0
15:49:00.177	-34.8
15:49:00.185	-34.8
15:49:00.197	-32.3
15:49:00.210	-34.4
15:49:00.218	-31.8
15:49:00.230	-31.6
15:49:00.242	-34.0
15:49:00.251	-30.2
15:49:00.263	-30.8
15:49:00.275	-27.3
15:49:00.287	-26.9
15:49:00.300	-27.1
15:49:00.308	-31.0
15:49:00.320	-28.4
15:49:00.332	-30.3
15:49:00.341	-29.1
15:49:00.353	-24.8
15:49:00.365	-27.0
15:49:00.373	-27.6
15:49:00.386	-29.9
15:49:00.398	-30.1
15:49:00.406	-29.4
15:49:00.418	-26.6
15:49:00.431	-26.6
15:49:00.439	-25.5
15:49:00.451	-24.2
15:49:00.464	-27.5
15:49:00.476	-26.4
15:49:00.484	-24.4
15:49:00.496	-23.5
15:49:00.509	-21.8
15:49:00.517	-21.7
15:49:00.529	-22.9
15:49:00.541	-20.9
15:49:00.550	-22.6
15:49:00.562	-23.2
15:49:00.574	-20.5
15:49:00.582	-19.5
15:49:00.595	-18.3
15:49:00.607	-18.8
15:49:00.619	-18.7
15:49:00.627	-18.5
15:49:00.640	-16.4
15:49:00.652	-16.3
15:49:00.660	-12.9
15:49:00.672	-11.3
15:49:00.685	-10.4
15:49:00.693	-7.2
15:49:00.705	-7.2
15:49:00.717	-3.6
15:49:00.730	-1.7
15:49:00.738	1.1
15:49:00.750	2.1
15:49:00.762	1.2
15:49:00.772	1.6
15:49:00.784	3.0
15:49:00.796	4.0
15:49:00.804	1.9
15:49:00.817	2.4
15:49:00.829	0.9
15:49:00.837	2.6
15:49:00.849	0.6
15:49:00.862	-1.0
15:49:00.870	1.0
15:49:00.882	1.1
15:49:00.894	0.5
15:49:00.907	0.8
15:49:00.915	0.4
15:49:00.927	1.4
15:49:00.939	2.3
15:49:00.948	0.5
15:49:00.960	2.2
15:49:00.972	4.1
15:49:00.985	2.2
15:49:00.993	2.8
15:49:01.005	2.5
15:49:01.017	3.5
15:49:01.026	3.2
15:49:01.038	0.1
15:49:01.050	-1.2
15:49:01.058	0.9
15:49:01.071	0.4
15:49:01.083	0.4
15:49:01.091	1.3
15:49:01.103	-0.2
15:49:01.116	-1.1
15:49:01.124	-2.0
15:49:01.136	-1.6
15:49:01.148	1.9
15:49:01.161	1.9
15:49:01.169	-1.0
15:49:01.181	0.2
15:49:01.193	-0.5
15:49:01.202	1.6
15:49:01.214	4.2
15:49:01.226	5.7
15:49:01.234	5.3
15:49:01.247	6.5
15:49:01.259	6.3
15:49:01.271	8.0
15:49:01.279	9.7
15:49:01.292	7.5
15:49:01.304	7.2
15:49:01.312	6.1
15:49:01.324	4.4
15:49:01.337	4.7
15:49:01.345	5.2
15:49:01.357	6.5
15:49:01.369	7.4
15:49:01.378	5.8
15:49:01.390	7.5
15:49:01.402	10.0
15:49:01.414	11.8
15:49:01.423	14.1
15:49:01.435	16.7
15:49:01.447	16.3
15:49:01.455	20.7
15:49:01.468	21.7
15:49:01.480	23.2
15:49:01.488	26.6
15:49:01.500	28.7
15:49:01.513	33.4
15:49:01.521	42.8
15:49:01.533	50.1
15:49:01.546	57.2
15:49:01.558	65.8
15:49:01.566	70.2
15:49:01.578	75.5
15:49:01.591	82.6
15:49:01.599	90.6
15:49:01.611	96.6
15:49:01.623	100.3
15:49:01.632	100.5
15:49:01.644	101.1
15:49:01.656	101.4
15:49:01.668	101.5
15:49:01.677	100.8
15:49:01.689	104.4
15:49:01.701	104.2
15:49:01.709	104.1
15:49:01.722	104.2
15:49:01.734	106.0
15:49:01.742	108.6
15:49:01.754	110.6
15:49:01.767	113.2
15:49:01.775	116.3
15:49:01.787	121.2
15:49:01.800	121.3
15:49:01.808	122.6
15:49:01.820	124.5
15:49:01.832	128.8
15:49:01.844	131.0
15:49:01.853	131.3
15:49:01.865	130.7
15:49:01.877	130.9
15:49:01.885	132.3
15:49:01.898	129.8
15:49:01.910	132.7
15:49:01.922	133.9
15:49:01.930	135.3
15:49:01.943	132.8
15:49:01.955	132.1
15:49:01.963	132.7
15:49:01.975	134.1
15:49:01.988	134.2
15:49:01.996	131.9
15:49:02.008	134.9
15:49:02.021	137.1
15:49:02.029	146.3
15:49:02.041	156.3
15:49:02.053	169.7
15:49:02.066	180.0
15:49:02.074	190.9
15:49:02.086	200.9
15:49:02.098	210.7
15:49:02.107	221.9
15:49:02.119	231.0
15:49:02.131	237.5
15:49:02.143	238.4
15:49:02.152	237.2
15:49:02.164	235.9
15:49:02.176	235.4
15:49:02.184	234.5
15:49:02.197	237.3
15:49:02.209	236.4
15:49:02.221	235.8
15:49:02.229	234.2
15:49:02.242	232.4
15:49:02.254	232.7
15:49:02.262	232.3
15:49:02.275	230.7
15:49:02.287	230.3
15:49:02.295	227.0
15:49:02.307	221.7
15:49:02.319	219.1
15:49:02.327	218.0
15:49:02.339	215.4
15:49:02.352	214.3
15:49:02.360	211.6
15:49:02.372	210.5
15:49:02.384	206.6
15:49:02.397	203.2
15:49:02.405	201.2
15:49:02.417	196.3
15:49:02.429	196.2
15:49:02.438	193.4
15:49:02.450	193.4
15:49:02.462	190.8
15:49:02.470	189.9
15:49:02.483	187.0
15:49:02.495	185.8
15:49:02.503	183.7
15:49:02.515	183.3
15:49:02.528	183.1
15:49:02.540	179.7
15:49:02.548	179.2
15:49:02.561	177.1
15:49:02.573	177.9
15:49:02.581	175.8
15:49:02.593	173.8
15:49:02.606	171.7
15:49:02.614	173.1
15:49:02.626	171.4
15:49:02.638	170.4
15:49:02.651	168.9
15:49:02.659	166.8
15:49:02.671	165.6
15:49:02.683	163.5
15:49:02.692	161.2
15:49:02.704	159.9
15:49:02.716	159.2
15:49:02.724	156.0
15:49:02.737	155.3
15:49:02.749	155.5
15:49:02.757	154.7
15:49:02.769	153.8
15:49:02.782	153.3
15:49:02.790	151.9
15:49:02.802	151.1
15:49:02.814	150.2
15:49:02.827	148.7
15:49:02.835	146.1
15:49:02.847	143.3
15:49:02.860	141.9
15:49:02.868	140.6
15:49:02.880	140.2
15:49:02.892	139.5
15:49:02.905	138.0
15:49:02.913	135.8
15:49:02.925	136.0
15:49:02.937	134.8
15:49:02.946	135.5
15:49:02.958	133.6
15:49:02.970	131.9
15:49:02.978	132.9
15:49:02.991	132.4
15:49:03.003	132.9
15:49:03.011	137.2
15:49:03.023	141.9
15:49:03.036	145.8
15:49:03.044	150.0
15:49:03.056	156.1
15:49:03.068	165.8
15:49:03.081	172.1
15:49:03.089	178.4
15:49:03.101	185.6
15:49:03.113	191.1
15:49:03.122	193.4
15:49:03.134	196.3
15:49:03.146	196.6
15:49:03.154	201.7
15:49:03.167	202.7
15:49:03.179	201.0
15:49:03.191	204.1
15:49:03.199	203.9
15:49:03.212	202.6
15:49:03.224	201.2
15:49:03.232	201.2
15:49:03.244	200.0
15:49:03.257	201.6
15:49:03.265	200.0
15:49:03.277	198.4
15:49:03.290	198.0
15:49:03.298	194.8
15:49:03.310	192.8
15:49:03.322	189.6
15:49:03.335	188.2
15:49:03.344	184.5
15:49:03.356	185.5
15:49:03.368	183.5
15:49:03.376	183.7
15:49:03.389	184.1
15:49:03.401	182.8
15:49:03.409	185.3
15:49:03.422	185.7
15:49:03.434	187.4
15:49:03.442	189.1
15:49:03.454	191.5
15:49:03.467	191.4
15:49:03.479	189.6
15:49:03.487	188.2
15:49:03.499	188.7
15:49:03.512	190.7
15:49:03.520	189.9
15:49:03.532	189.7
15:49:03.544	191.1
15:49:03.553	191.8
15:49:03.565	190.1
15:49:03.577	190.4
15:49:03.589	195.2
15:49:03.598	197.5
15:49:03.610	198.0
15:49:03.622	198.6
15:49:03.630	198.4
15:49:03.643	200.8
15:49:03.655	202.3
15:49:03.663	202.0
15:49:03.675	203.8
15:49:03.688	202.7
15:49:03.696	199.9
15:49:03.708	198.0
15:49:03.720	197.7
15:49:03.729	198.0
15:49:03.741	197.6
15:49:03.753	195.1
15:49:03.766	193.1
15:49:03.774	190.8
15:49:03.786	188.8
15:49:03.798	188.6
15:49:03.806	186.4
15:49:03.819	184.9
15:49:03.831	183.1
15:49:03.843	180.2
15:49:03.851	180.5
15:49:03.864	179.9
15:49:03.876	175.2
15:49:03.884	172.8
15:49:03.897	170.9
15:49:03.909	167.6
15:49:03.917	166.3
15:49:03.929	162.5
15:49:03.942	159.9
15:49:03.950	156.4
15:49:03.962	150.1
15:49:03.974	147.9
15:49:03.983	147.5
15:49:03.995	144.2
15:49:04.007	143.2
15:49:04.019	140.8
15:49:04.028	138.0
15:49:04.040	136.3
15:49:04.052	135.2
15:49:04.064	132.7
15:49:04.073	133.8
15:49:04.085	134.0
15:49:04.097	133.0
15:49:04.105	137.0
15:49:04.118	140.7
15:49:04.130	148.0
15:49:04.142	156.8
15:49:04.150	169.1
15:49:04.163	177.0
15:49:04.175	186.0
15:49:04.183	192.6
15:49:04.195	198.5
15:49:04.208	206.0
15:49:04.216	209.9
15:49:04.228	212.5
15:49:04.240	213.0
15:49:04.249	212.1
15:49:04.261	210.2
15:49:04.273	207.2
15:49:04.281	208.5
15:49:04.294	211.2
15:49:04.306	214.6
15:49:04.318	219.1
15:49:04.326	226.7
15:49:04.339	230.7
15:49:04.351	237.8
15:49:04.359	245.3
15:49:04.372	252.2
15:49:04.384	259.6
15:49:04.392	264.7
15:49:04.404	270.1
15:49:04.417	277.1
15:49:04.425	283.4
15:49:04.437	288.0
15:49:04.449	299.5
15:49:04.462	308.9
15:49:04.470	322.2
15:49:04.482	339.0
15:49:04.495	359.8
15:49:04.503	380.8
15:49:04.515	400.7
15:49:04.527	419.4
15:49:04.535	438.4
15:49:04.548	459.4
15:49:04.560	475.6
15:49:04.572	489.7
15:49:04.580	500.5
15:49:04.593	504.3
15:49:04.605	506.6
15:49:04.613	505.8
15:49:04.625	503.7
15:49:04.638	497.5
15:49:04.646	489.1
15:49:04.658	479.9
15:49:04.670	469.4
15:49:04.679	459.9
15:49:04.691	448.6
15:49:04.703	435.1
15:49:04.711	421.7
15:49:04.724	411.0
15:49:04.736	398.4
15:49:04.748	388.7
15:49:04.756	381.0
15:49:04.769	370.6
15:49:04.781	360.6
15:49:04.789	349.7
15:49:04.801	338.6
15:49:04.814	332.0
15:49:04.826	322.1
15:49:04.834	312.7
15:49:04.847	300.0
15:49:04.859	288.0
15:49:04.867	276.1
15:49:04.879	262.7
15:49:04.892	252.0
15:49:04.900	239.4
15:49:04.912	227.1
15:49:04.925	211.7
15:49:04.933	198.1
15:49:04.945	182.2
15:49:04.957	171.4
15:49:04.965	160.9
15:49:04.978	147.9
15:49:04.990	136.2
15:49:05.002	123.5
15:49:05.011	110.9
15:49:05.023	96.7
15:49:05.035	85.5
15:49:05.043	75.8
15:49:05.056	70.5
15:49:05.068	60.8
15:49:05.076	49.0
15:49:05.088	40.7
15:49:05.101	31.8
15:49:05.113	23.3
15:49:05.121	13.6
15:49:05.133	5.4
15:49:05.146	-2.8
15:49:05.154	-11.9
15:49:05.165	-22.5
15:49:05.178	-31.5
15:49:05.186	-38.0
15:49:05.198	-46.9
15:49:05.211	-53.5
15:49:05.220	-60.9
15:49:05.232	-64.7
15:49:05.244	-70.7
15:49:05.256	-77.5
15:49:05.265	-82.8
15:49:05.277	-89.9
15:49:05.289	-93.9
15:49:05.297	-99.8
15:49:05.310	-105.2
15:49:05.322	-113.0
15:49:05.330	-120.8
15:49:05.342	-131.4
15:49:05.355	-138.9
15:49:05.363	-148.8
15:49:05.375	-165.6
15:49:05.388	-187.7
15:49:05.400	-207.5
15:49:05.408	-226.0
15:49:05.420	-244.7
15:49:05.433	-260.6
15:49:05.441	-276.5
15:49:05.453	-289.5
15:49:05.465	-303.3
15:49:05.473	-313.6
15:49:05.486	-320.4
15:49:05.498	-317.2
15:49:05.510	-317.8
15:49:05.519	-318.8
15:49:05.531	-319.5
15:49:05.543	-321.7
15:49:05.551	-320.8
15:49:05.564	-322.0
15:49:05.576	-322.2
15:49:05.584	-322.0
15:49:05.596	-319.9
15:49:05.609	-322.3
15:49:05.617	-322.5
15:49:05.629	-325.1
15:49:05.641	-328.9
15:49:05.650	-330.8
15:49:05.662	-334.8
15:49:05.674	-337.2
15:49:05.686	-338.9
15:49:05.694	-343.8
15:49:05.706	-346.4
15:49:05.718	-348.5
15:49:05.727	-350.5
15:49:05.739	-350.3
15:49:05.751	-349.3
15:49:05.763	-349.5
15:49:05.772	-349.3
15:49:05.784	-350.0
15:49:05.796	-351.8
15:49:05.804	-351.8
15:49:05.817	-356.2
15:49:05.829	-356.9
15:49:05.837	-359.7
15:49:05.849	-365.0
15:49:05.862	-368.0
15:49:05.870	-369.3
15:49:05.882	-371.2
15:49:05.894	-371.2
15:49:05.903	-370.3
15:49:05.915	-368.7
15:49:05.928	-363.3
15:49:05.940	-362.7
15:49:05.949	-358.1
15:49:05.961	-351.7
15:49:05.973	-345.6
15:49:05.985	-341.7
15:49:05.994	-339.3
15:49:06.006	-337.3
15:49:06.018	-334.6
15:49:06.026	-329.9
15:49:06.039	-326.7
15:49:06.051	-320.2
15:49:06.063	-317.6
15:49:06.072	-313.1
15:49:06.084	-310.4
15:49:06.096	-306.7
15:49:06.104	-300.8
15:49:06.117	-295.2
15:49:06.129	-290.3
15:49:06.137	-287.0
15:49:06.149	-282.9
15:49:06.162	-279.8
15:49:06.170	-276.3
15:49:06.182	-273.7
15:49:06.194	-270.9
15:49:06.203	-266.3
15:49:06.215	-263.2
15:49:06.227	-260.4
15:49:06.239	-255.6
15:49:06.248	-249.8
15:49:06.260	-245.6
15:49:06.272	-243.8
15:49:06.280	-239.7
15:49:06.293	-234.9
15:49:06.305	-229.3
15:49:06.313	-227.2
15:49:06.325	-222.9
15:49:06.338	-218.1
15:49:06.346	-216.4
15:49:06.358	-214.7
15:49:06.370	-212.1
15:49:06.383	-209.8
15:49:06.391	-207.5
15:49:06.403	-205.2
15:49:06.415	-203.5
15:49:06.424	-198.3
15:49:06.436	-198.7
15:49:06.448	-194.6
15:49:06.456	-190.0
15:49:06.469	-186.9
15:49:06.481	-179.5
15:49:06.493	-171.0
15:49:06.501	-162.4
15:49:06.514	-152.8
15:49:06.526	-135.2
15:49:06.534	-110.8
15:49:06.547	-75.3
15:49:06.559	-33.4
15:49:06.567	22.0
15:49:06.579	84.9
15:49:06.591	147.7
15:49:06.600	211.3
15:49:06.612	278.4
15:49:06.624	349.4
15:49:06.632	421.7
15:49:06.645	496.0
15:49:06.657	579.7
15:49:06.669	672.4
15:49:06.678	752.5
15:49:06.690	826.9
15:49:06.702	899.9
15:49:06.710	972.3
15:49:06.723	1042.0
15:49:06.735	1105.6
15:49:06.747	1167.9
15:49:06.755	1222.6
15:49:06.768	1285.4
15:49:06.780	1353.0
15:49:06.788	1435.6
15:49:06.800	1525.1
15:49:06.813	1622.4
15:49:06.821	1736.1
15:49:06.833	1848.6
15:49:06.846	1961.1
15:49:06.854	2066.2
15:49:06.866	2168.8
15:49:06.878	2245.6
15:49:06.886	2297.8
15:49:06.899	2334.3
15:49:06.911	2361.9
15:49:06.923	2379.5
15:49:06.932	2380.9
15:49:06.944	2380.9
15:49:06.956	2380.9
15:49:06.964	2380.9
15:49:06.977	2380.0
15:49:06.989	2380.0
15:49:06.997	2380.0
15:49:07.009	2380.0
15:49:07.022	2380.0
15:49:07.034	2380.0
15:49:07.042	2380.0
15:49:07.054	2380.0
15:49:07.067	2380.0
15:49:07.074	2380.0
15:49:07.086	2380.0
15:49:07.099	2380.0
15:49:07.107	2380.0
15:49:07.119	2380.1
15:49:07.131	2380.1
15:49:07.140	2380.1
15:49:07.152	2380.1
15:49:07.164	2380.1
15:49:07.177	2380.1
15:49:07.185	2380.1
15:49:07.197	2380.1
15:49:07.209	2380.1
15:49:07.217	2379.7
15:49:07.230	2377.3
15:49:07.242	2372.4
15:49:07.250	2365.0
15:49:07.263	2355.8
15:49:07.275	2343.6
15:49:07.283	2328.6
15:49:07.295	2311.3
15:49:07.308	2291.1
15:49:07.320	2268.2
15:49:07.328	2243.1
15:49:07.340	2218.4
15:49:07.353	2192.5
15:49:07.361	2168.3
15:49:07.373	2145.0
15:49:07.385	2121.9
15:49:07.394	2097.4
15:49:07.406	2074.5
15:49:07.418	2051.7
15:49:07.430	2028.8
15:49:07.439	2008.1
15:49:07.451	1985.5
15:49:07.463	1963.8
15:49:07.471	1942.2
15:49:07.484	1920.5
15:49:07.496	1898.9
15:49:07.504	1879.7
15:49:07.516	1860.0
15:49:07.529	1840.4
15:49:07.537	1820.9
15:49:07.549	1801.0
15:49:07.561	1783.4
15:49:07.570	1765.6
15:49:07.582	1747.1
15:49:07.594	1727.9
15:49:07.606	1708.9
15:49:07.615	1689.9
15:49:07.627	1669.7
15:49:07.639	1651.2
15:49:07.651	1632.6
15:49:07.660	1614.4
15:49:07.672	1595.7
15:49:07.684	1578.6
15:49:07.692	1561.1
15:49:07.705	1543.8
15:49:07.717	1526.4
15:49:07.729	1509.0
15:49:07.738	1492.7
15:49:07.750	1474.4
15:49:07.762	1460.0
15:49:07.770	1444.4
15:49:07.783	1428.2
15:49:07.796	1412.5
15:49:07.804	1397.1
15:49:07.816	1365.4
15:49:07.829	1325.2
15:49:07.837	1271.4
15:49:07.849	1210.9
15:49:07.861	1142.3
15:49:07.870	1058.1
15:49:07.882	963.7
15:49:07.894	851.2
15:49:07.906	727.7
15:49:07.915	578.2
15:49:07.927	428.1
15:49:07.939	271.0
15:49:07.947	114.6
15:49:07.960	-47.4
15:49:07.972	-211.1
15:49:07.984	-377.4
15:49:07.992	-544.7
15:49:08.005	-689.9
15:49:08.017	-825.0
15:49:08.025	-930.9
15:49:08.037	-1022.5
15:49:08.050	-1103.9
15:49:08.058	-1192.0
15:49:08.070	-1272.8
15:49:08.082	-1339.3
15:49:08.091	-1388.6
15:49:08.103	-1423.3
15:49:08.115	-1459.4
15:49:08.123	-1489.2
15:49:08.136	-1520.7
15:49:08.148	-1543.0
15:49:08.160	-1556.7
15:49:08.168	-1542.6
15:49:08.181	-1519.3
15:49:08.193	-1494.0
15:49:08.201	-1464.9
15:49:08.213	-1437.4
15:49:08.226	-1406.2
15:49:08.234	-1375.0
15:49:08.246	-1341.3
15:49:08.259	-1309.1
15:49:08.267	-1278.1
15:49:08.279	-1249.3
15:49:08.291	-1223.0
15:49:08.304	-1198.3
15:49:08.312	-1176.7
15:49:08.324	-1150.6
15:49:08.336	-1130.0
15:49:08.345	-1111.8
15:49:08.357	-1094.7
15:49:08.369	-1080.4
15:49:08.377	-1063.3
15:49:08.389	-1053.8
15:49:08.401	-1041.1
15:49:08.414	-1028.8
15:49:08.422	-1016.7
15:49:08.434	-1007.3
15:49:08.446	-993.2
15:49:08.455	-981.7
15:49:08.467	-970.6
15:49:08.479	-959.3
15:49:08.487	-948.9
15:49:08.500	-932.9
15:49:08.512	-921.4
15:49:08.520	-909.4
15:49:08.532	-898.1
15:49:08.545	-884.5
15:49:08.553	-874.9
15:49:08.565	-865.2
15:49:08.577	-856.2
15:49:08.590	-846.4
15:49:08.598	-836.8
15:49:08.610	-829.8
15:49:08.622	-818.7
15:49:08.631	-810.0
15:49:08.643	-796.0
15:49:08.655	-788.7
15:49:08.667	-776.9
15:49:08.676	-764.5
15:49:08.688	-754.0
15:49:08.700	-741.6
15:49:08.708	-727.5
15:49:08.721	-712.2
15:49:08.733	-700.1
15:49:08.741	-684.0
15:49:08.753	-670.3
15:49:08.766	-654.0
15:49:08.774	-641.1
15:49:08.786	-626.3
15:49:08.799	-610.1
15:49:08.807	-599.2
15:49:08.819	-588.8
15:49:08.831	-578.7
15:49:08.844	-568.8
15:49:08.852	-561.5
15:49:08.864	-555.2
15:49:08.876	-548.8
15:49:08.885	-542.7
15:49:08.897	-538.8
15:49:08.909	-533.4
15:49:08.917	-524.5
15:49:08.930	-519.5
15:49:08.942	-513.4
15:49:08.954	-505.9
15:49:08.962	-496.4
15:49:08.975	-486.4
15:49:08.987	-475.5
15:49:08.995	-465.9
15:49:09.007	-455.1
15:49:09.020	-444.3
15:49:09.028	-436.0
15:49:09.040	-424.1
15:49:09.052	-415.2
15:49:09.061	-406.4
15:49:09.073	-397.6
15:49:09.085	-390.6
15:49:09.097	-387.3
15:49:09.106	-382.0
15:49:09.118	-376.0
15:49:09.130	-370.8
15:49:09.138	-366.6
15:49:09.151	-364.6
15:49:09.163	-359.4
15:49:09.171	-355.1
15:49:09.183	-353.8
15:49:09.196	-351.7
15:49:09.204	-347.2
15:49:09.216	-339.6
15:49:09.229	-333.8
15:49:09.241	-318.8
15:49:09.249	-183.0
15:49:09.261	-14.4
15:49:09.274	184.7
15:49:09.282	452.9
15:49:09.294	719.1
15:49:09.306	980.2
15:49:09.315	1237.2
15:49:09.327	1489.3
15:49:09.339	1738.6
15:49:09.351	1975.6
15:49:09.360	2091.9
15:49:09.372	2173.2
15:49:09.384	2218.8
15:49:09.392	2192.6
15:49:09.405	2165.5
15:49:09.417	2141.6
15:49:09.425	2117.5
15:49:09.437	2094.6
15:49:09.450	2070.2
15:49:09.458	2047.3
15:49:09.470	2024.2
15:49:09.482	2001.7
15:49:09.491	1980.1
15:49:09.503	1959.2
15:49:09.515	1937.7
15:49:09.528	1914.3
15:49:09.536	1894.8
15:49:09.548	1871.5
15:49:09.561	1852.2
15:49:09.569	1831.7
15:49:09.581	1811.2
15:49:09.593	1790.9
15:49:09.606	1770.5
15:49:09.614	1751.2
15:49:09.626	1733.0
15:49:09.638	1714.4
15:49:09.651	1693.9
15:49:09.659	1676.4
15:49:09.671	1657.5
15:49:09.683	1639.4
15:49:09.692	1621.0
15:49:09.704	1602.2
15:49:09.716	1584.4
15:49:09.724	1564.8
15:49:09.737	1547.0
15:49:09.749	1530.4
15:49:09.757	1514.8
15:49:09.770	1497.8
15:49:09.782	1480.3
15:49:09.790	1464.2
15:49:09.802	1449.4
15:49:09.814	1433.3
15:49:09.827	1416.6
15:49:09.835	1401.6
15:49:09.847	1384.6
15:49:09.859	1369.5
15:49:09.868	1354.5
15:49:09.880	1340.4
15:49:09.892	1326.8
15:49:09.904	1310.7
15:49:09.913	1294.9
15:49:09.925	1280.7
15:49:09.937	1267.6
15:49:09.945	1254.2
15:49:09.958	1241.2
15:49:09.970	1226.3
15:49:09.979	1212.5
15:49:09.991	1199.6
15:49:10.003	1186.5
15:49:10.011	1174.8
15:49:10.024	1162.4
15:49:10.036	1149.4
15:49:10.044	1136.8
15:49:10.057	1124.6
15:49:10.069	1113.3
15:49:10.081	1102.8
15:49:10.089	1089.3
15:49:10.102	1076.4
15:49:10.114	1064.6
15:49:10.122	1053.1
15:49:10.134	1040.8
15:49:10.147	1030.2
15:49:10.155	1019.1
15:49:10.167	1007.8
15:49:10.179	997.0
15:49:10.188	986.5
15:49:10.200	978.9
15:49:10.212	967.7
15:49:10.224	955.9
15:49:10.233	945.4
15:49:10.245	935.4
15:49:10.257	925.3
15:49:10.265	914.4
15:49:10.278	904.7
15:49:10.290	893.9
15:49:10.298	883.3
15:49:10.310	873.2
15:49:10.323	864.7
15:49:10.335	857.4
15:49:10.343	847.5
15:49:10.355	839.9
15:49:10.368	830.0
15:49:10.376	822.0
15:49:10.388	813.7
15:49:10.400	806.6
15:49:10.409	797.4
15:49:10.421	788.0
15:49:10.433	779.8
15:49:10.441	770.1
15:49:10.454	763.7
15:49:10.466	754.4
15:49:10.474	747.3
15:49:10.486	740.1
15:49:10.499	732.6
15:49:10.511	724.9
15:49:10.519	719.4
15:49:10.532	713.8
15:49:10.544	706.4
15:49:10.552	699.3
15:49:10.564	691.7
15:49:10.577	685.8
15:49:10.589	679.4
15:49:10.597	672.8
15:49:10.609	664.3
15:49:10.622	657.4
15:49:10.630	649.8
15:49:10.642	641.8
15:49:10.654	635.5
15:49:10.663	627.6
15:49:10.675	619.9
15:49:10.687	611.6
15:49:10.695	605.1
15:49:10.708	599.4
15:49:10.720	594.6
15:49:10.728	587.6
15:49:10.740	581.6
15:49:10.753	575.3
15:49:10.765	568.7
15:49:10.773	565.3
15:49:10.785	559.6
15:49:10.798	553.6
15:49:10.806	530.3
15:49:10.818	502.1
15:49:10.830	464.2
15:49:10.839	432.3
15:49:10.851	399.0
15:49:10.863	366.2
15:49:10.875	325.9
15:49:10.884	281.5
15:49:10.896	236.4
15:49:10.908	189.2
15:49:10.916	150.3
15:49:10.929	111.3
15:49:10.941	81.3
15:49:10.949	14.9
15:49:10.962	-106.7
15:49:10.974	-229.7
15:49:10.982	-353.4
15:49:10.994	-477.6
15:49:11.007	-599.6
15:49:11.019	-723.0
15:49:11.027	-843.1
15:49:11.039	-960.4
15:49:11.052	-1085.7
15:49:11.060	-1180.5
15:49:11.072	-1222.7
15:49:11.084	-1264.5
15:49:11.093	-1298.2
15:49:11.105	-1325.3
15:49:11.117	-1355.7
15:49:11.125	-1388.9
15:49:11.138	-1421.7
15:49:11.150	-1471.0
15:49:11.162	-1515.3
15:49:11.170	-1559.7
15:49:11.183	-1601.1
15:49:11.195	-1640.9
15:49:11.203	-1678.5
15:49:11.215	-1717.3
15:49:11.228	-1753.3
15:49:11.236	-1779.4
15:49:11.248	-1800.4
15:49:11.260	-1800.8
15:49:11.273	-1795.8
15:49:11.281	-1787.7
15:49:11.293	-1780.6
15:49:11.305	-1771.8
15:49:11.314	-1770.3
15:49:11.326	-1776.1
15:49:11.338	-1793.6
15:49:11.346	-1817.2
15:49:11.359	-1838.5
15:49:11.371	-1863.7
15:49:11.379	-1887.8
15:49:11.392	-1910.0
15:49:11.404	-1927.0
15:49:11.412	-1945.2
15:49:11.424	-1957.8
15:49:11.436	-1963.3
15:49:11.449	-1954.9
15:49:11.457	-1939.3
15:49:11.469	-1927.9
15:49:11.482	-1911.3
15:49:11.490	-1895.8
15:49:11.502	-1881.7
15:49:11.514	-1870.6
15:49:11.527	-1860.2
15:49:11.535	-1846.5
15:49:11.547	-1832.3
15:49:11.559	-1819.5
15:49:11.572	-1809.9
15:49:11.580	-1794.3
15:49:11.592	-1783.9
15:49:11.604	-1769.9
15:49:11.613	-1756.8
15:49:11.625	-1743.6
15:49:11.637	-1728.4
15:49:11.645	-1717.3
15:49:11.658	-1702.6
15:49:11.670	-1687.4
15:49:11.678	-1669.9
15:49:11.690	-1654.3
15:49:11.703	-1635.5
15:49:11.711	-1618.2
15:49:11.723	-1600.7
15:49:11.735	-1583.6
15:49:11.748	-1566.2
15:49:11.756	-1545.8
15:49:11.768	-1529.8
15:49:11.780	-1512.8
15:49:11.789	-1497.3
15:49:11.801	-1479.8
15:49:11.813	-1463.9
15:49:11.825	-1448.5
15:49:11.834	-1435.0
15:49:11.846	-1420.7
15:49:11.858	-1406.5
15:49:11.866	-1392.1
15:49:11.879	-1377.5
15:49:11.891	-1362.1
15:49:11.899	-1345.3
15:49:11.911	-1331.4
15:49:11.924	-1316.6
15:49:11.932	-1305.3
15:49:11.944	-1290.6
15:49:11.957	-1273.5
15:49:11.965	-1260.0
15:49:11.977	-1246.0
15:49:11.989	-1231.0
15:49:12.002	-1214.8
15:49:12.010	-1201.8
15:49:12.022	-1189.3
15:49:12.034	-1177.2
15:49:12.043	-1160.4
15:49:12.055	-1146.0
15:49:12.067	-1134.6
15:49:12.075	-1120.8
15:49:12.088	-1107.4
15:49:12.100	-1095.3
15:49:12.108	-1086.5
15:49:12.120	-1073.1
15:49:12.133	-1060.5
15:49:12.145	-1047.6
15:49:12.153	-1037.1
15:49:12.166	-1026.1
15:49:12.178	-1013.7
15:49:12.186	-1002.4
15:49:12.198	-991.1
15:49:12.211	-979.2
15:49:12.219	-966.2
15:49:12.231	-956.6
15:49:12.243	-947.2
15:49:12.256	-936.4
15:49:12.264	-925.8
15:49:12.276	-914.2
15:49:12.288	-906.2
15:49:12.297	-895.8
15:49:12.309	-886.1
15:49:12.321	-875.2
15:49:12.330	-865.8
15:49:12.342	-855.3
15:49:12.354	-845.1
15:49:12.362	-836.0
15:49:12.375	-825.1
15:49:12.387	-816.8
15:49:12.395	-806.6
15:49:12.407	-796.9
15:49:12.420	-785.6
15:49:12.432	-776.2
15:49:12.440	-765.3
15:49:12.452	-756.3
15:49:12.465	-747.0
15:49:12.473	-734.6
15:49:12.485	-723.1
15:49:12.498	-706.6
15:49:12.510	-690.8
15:49:12.518	-672.4
15:49:12.530	-657.5
15:49:12.542	-641.0
15:49:12.551	-626.4
15:49:12.563	-609.5
15:49:12.575	-592.9
15:49:12.583	-579.1
15:49:12.596	-566.3
15:49:12.608	-556.7
15:49:12.616	-545.1
15:49:12.628	-537.1
15:49:12.641	-528.9
15:49:12.649	-522.5
15:49:12.661	-514.2
15:49:12.674	-508.6
15:49:12.686	-502.5
15:49:12.694	-497.4
15:49:12.706	-491.8
15:49:12.718	-487.2
15:49:12.727	-483.9
15:49:12.739	-478.2
15:49:12.751	-473.3
15:49:12.759	-468.0
15:49:12.772	-463.9
15:49:12.784	-457.3
15:49:12.796	-451.4
15:49:12.805	-443.9
15:49:12.817	-440.5
15:49:12.829	-436.7
15:49:12.837	-430.1
15:49:12.850	-427.0
15:49:12.862	-422.3
15:49:12.870	-419.0
15:49:12.882	-413.4
15:49:12.895	-410.0
15:49:12.903	-407.4
15:49:12.915	-405.2
15:49:12.927	-400.5
15:49:12.940	-392.8
15:49:12.948	-389.8
15:49:12.960	-385.9
15:49:12.972	-381.1
15:49:12.981	-375.9
15:49:12.993	-370.7
15:49:13.005	-366.9
15:49:13.013	-359.9
15:49:13.026	-356.6
15:49:13.038	-351.4
15:49:13.046	-348.2
15:49:13.058	-342.1
15:49:13.071	-336.7
15:49:13.083	-327.9
15:49:13.091	-321.3
15:49:13.104	-315.2
15:49:13.116	-308.9
15:49:13.124	-306.7
15:49:13.136	-294.6
15:49:13.149	-286.5
15:49:13.157	-278.8
15:49:13.169	-273.5
15:49:13.181	-267.3
15:49:13.194	-263.7
15:49:13.202	-257.3
15:49:13.214	-252.3
15:49:13.226	-244.3
15:49:13.235	-235.0
15:49:13.247	-232.6
15:49:13.259	-225.5
15:49:13.267	-220.1
15:49:13.280	-210.5
15:49:13.292	-203.8
15:49:13.300	-201.1
15:49:13.312	-196.5
15:49:13.325	-191.7
15:49:13.333	-187.6
15:49:13.345	-185.5
15:49:13.357	-180.6
15:49:13.370	-178.6
15:49:13.378	-175.3
15:49:13.390	-173.9
15:49:13.402	-171.7
15:49:13.411	-167.3
15:49:13.423	-164.2
15:49:13.435	-163.7
15:49:13.448	-161.1
15:49:13.456	-155.3
15:49:13.468	-154.7
15:49:13.480	-151.0
15:49:13.488	-149.4
15:49:13.501	-148.7
15:49:13.513	-147.2
15:49:13.521	-147.3
15:49:13.533	-145.3
15:49:13.546	-143.3
15:49:13.554	-143.4
15:49:13.567	-145.1
15:49:13.579	-142.2
15:49:13.587	-142.7
15:49:13.599	-144.0
15:49:13.612	-143.2
15:49:13.624	-143.1
15:49:13.632	-142.6
15:49:13.644	-143.2
15:49:13.657	-144.4
15:49:13.665	-145.8
15:49:13.677	-143.9
15:49:13.689	-145.8
15:49:13.698	-146.5
15:49:13.710	-145.4
15:49:13.722	-145.3
15:49:13.735	-147.0
15:49:13.743	-146.5
15:49:13.755	-148.8
15:49:13.767	-146.7
15:49:13.780	-142.8
15:49:13.788	-143.3
15:49:13.800	-143.5
15:49:13.812	-141.8
15:49:13.821	-143.1
15:49:13.833	-144.5
15:49:13.845	-143.3
15:49:13.853	-141.2
15:49:13.865	-139.8
15:49:13.877	-138.1
15:49:13.885	-142.5
15:49:13.898	-140.5
15:49:13.910	-139.5
15:49:13.922	-142.5
15:49:13.930	-140.5
15:49:13.943	-138.3
15:49:13.955	-136.0
15:49:13.963	-135.3
15:49:13.975	-133.5
15:49:13.988	-134.0
15:49:13.996	-130.3
15:49:14.008	-129.9
15:49:14.020	-126.2
15:49:14.029	-122.5
15:49:14.041	-120.7
15:49:14.053	-120.7
15:49:14.065	-121.1
15:49:14.074	-119.8
15:49:14.086	-117.5
15:49:14.098	-114.0
15:49:14.106	-111.2
15:49:14.119	-111.6
15:49:14.131	-113.7
15:49:14.139	-114.2
15:49:14.151	-111.4
15:49:14.165	-109.5
15:49:14.177	-108.0
15:49:14.185	-107.7
15:49:14.198	-107.7
15:49:14.210	-107.9
15:49:14.218	-107.0
15:49:14.230	-105.0
15:49:14.242	-102.2
15:49:14.251	-99.2
15:49:14.263	-100.0
15:49:14.275	-98.6
15:49:14.283	-96.9
15:49:14.296	-95.3
15:49:14.308	-93.1
15:49:14.316	-91.9
15:49:14.328	-93.6
15:49:14.340	-91.8
15:49:14.352	-92.1
15:49:14.360	-89.9
15:49:14.373	-87.4
15:49:14.385	-87.7
15:49:14.393	-87.6
15:49:14.405	-84.8
15:49:14.418	-82.0
15:49:14.430	-81.4
15:49:14.438	-77.6
15:49:14.450	-76.5
15:49:14.463	-75.9
15:49:14.471	-76.0
15:49:14.483	-76.6
15:49:14.496	-74.8
15:49:14.504	-72.0
15:49:14.516	-70.0
15:49:14.528	-70.6
15:49:14.536	-68.6
15:49:14.549	-71.2
15:49:14.561	-71.2
15:49:14.569	-68.3
15:49:14.582	-68.3
15:49:14.594	-64.9
15:49:14.606	-62.7
15:49:14.615	-62.2
15:49:14.627	-64.8
15:49:14.639	-64.4
15:49:14.647	-65.3
15:49:14.660	-63.1
15:49:14.672	-63.6
15:49:14.680	-65.1
15:49:14.692	-64.9
15:49:14.705	-67.9
15:49:14.717	-66.6
15:49:14.725	-64.0
15:49:14.737	-60.0
15:49:14.750	-60.0
15:49:14.758	-57.4
15:49:14.770	-54.3
15:49:14.782	-52.0
15:49:14.791	-48.5
15:49:14.803	-47.0
15:49:14.815	-43.6
15:49:14.823	-43.5
15:49:14.836	-40.9
15:49:14.848	-41.5
15:49:14.860	-41.0
15:49:14.868	-40.5
15:49:14.881	-39.1
15:49:14.893	-36.6
15:49:14.901	-37.8
15:49:14.913	-36.4
15:49:14.926	-35.3
15:49:14.934	-31.7
15:49:14.946	-31.2
15:49:14.959	-29.2
15:49:14.967	-25.1
15:49:14.979	-24.2
15:49:14.991	-25.5
15:49:15.003	-26.5
15:49:15.012	-23.7
15:49:15.024	-24.4
15:49:15.036	-22.6
15:49:15.044	-24.3
15:49:15.057	-24.7
15:49:15.069	-27.2
15:49:15.077	-29.0
15:49:15.090	-28.0
15:49:15.102	-26.7
15:49:15.114	-25.4
15:49:15.122	-26.1
15:49:15.135	-23.6
15:49:15.147	-24.8
15:49:15.155	-23.2
15:49:15.167	-25.7
15:49:15.180	-24.8
15:49:15.188	-25.3
15:49:15.200	-28.1
15:49:15.212	-30.2
15:49:15.220	-30.2
15:49:15.233	-30.3
15:49:15.245	-30.6
15:49:15.253	-29.9
15:49:15.266	-30.0
15:49:15.278	-29.9
15:49:15.290	-30.2
15:49:15.298	-30.3
15:49:15.311	-29.3
15:49:15.323	-27.1
15:49:15.331	-26.5
15:49:15.343	-27.8
15:49:15.356	-28.2
15:49:15.368	-32.3
15:49:15.376	-34.5
15:49:15.388	-36.7
15:49:15.401	-40.1
15:49:15.409	-40.2
15:49:15.421	-44.1
15:49:15.434	-48.3
15:49:15.442	-53.4
15:49:15.454	-55.9
15:49:15.466	-59.0
15:49:15.474	-58.6
15:49:15.487	-62.6
15:49:15.499	-63.9
15:49:15.507	-65.7
15:49:15.519	-68.8
15:49:15.532	-70.7
15:49:15.544	-73.0
15:49:15.552	-75.8
15:49:15.564	-78.6
15:49:15.577	-83.0
15:49:15.585	-85.9
15:49:15.598	-90.7
15:49:15.610	-94.0
15:49:15.618	-95.1
15:49:15.630	-96.7
15:49:15.643	-98.3
15:49:15.655	-98.8
15:49:15.663	-97.1
15:49:15.675	-95.6
15:49:15.688	-95.9
15:49:15.696	-97.5
15:49:15.708	-96.9
15:49:15.720	-94.1
15:49:15.728	-92.9
15:49:15.741	-96.6
15:49:15.753	-95.7
15:49:15.761	-97.1
15:49:15.773	-97.0
15:49:15.786	-98.0
15:49:15.798	-96.9
15:49:15.806	-97.7
15:49:15.819	-96.7
15:49:15.831	-101.7
15:49:15.843	-107.3
15:49:15.851	-108.0
15:49:15.864	-117.4
15:49:15.876	-138.2
15:49:15.884	-163.0
15:49:15.896	-185.6
15:49:15.909	-207.1
15:49:15.917	-227.1
15:49:15.929	-247.3
15:49:15.941	-267.3
15:49:15.950	-285.1
15:49:15.962	-304.7
15:49:15.974	-316.1
15:49:15.986	-317.4
15:49:15.995	-317.3
15:49:16.007	-319.1
15:49:16.019	-322.1
15:49:16.027	-323.6
15:49:16.040	-326.9
15:49:16.052	-327.9
15:49:16.060	-330.5
15:49:16.072	-331.5
15:49:16.085	-335.4
15:49:16.097	-335.6
15:49:16.105	-337.1
15:49:16.118	-336.4
15:49:16.130	-337.9
15:49:16.138	-340.0
15:49:16.150	-340.6
15:49:16.162	-341.0
15:49:16.171	-342.0
15:49:16.183	-343.7
15:49:16.195	-340.0
15:49:16.203	-340.2
15:49:16.216	-340.3
15:49:16.228	-340.5
15:49:16.236	-338.5
15:49:16.249	-338.1
15:49:16.261	-337.4
15:49:16.273	-338.8
15:49:16.281	-337.9
15:49:16.294	-336.2
15:49:16.306	-340.9
15:49:16.314	-343.1
15:49:16.326	-348.1
15:49:16.339	-352.3
15:49:16.351	-357.3
15:49:16.359	-361.9
15:49:16.371	-365.7
15:49:16.384	-369.2
15:49:16.392	-368.9
15:49:16.404	-372.5
15:49:16.416	-372.5
15:49:16.425	-375.0
15:49:16.437	-371.7
15:49:16.449	-372.6
15:49:16.457	-370.5
15:49:16.470	-368.0
15:49:16.482	-366.5
15:49:16.490	-363.1
15:49:16.502	-364.2
15:49:16.515	-360.4
15:49:16.527	-360.1
15:49:16.535	-357.6
15:49:16.548	-355.8
15:49:16.560	-353.0
15:49:16.568	-350.7
15:49:16.580	-349.8
15:49:16.593	-347.4
15:49:16.601	-344.6
15:49:16.613	-340.6
15:49:16.626	-339.5
15:49:16.638	-336.8
15:49:16.646	-332.5
15:49:16.658	-327.8
15:49:16.671	-322.6
15:49:16.679	-320.2
15:49:16.691	-313.3
15:49:16.703	-309.8
15:49:16.712	-306.9
15:49:16.724	-303.4
15:49:16.736	-296.1
15:49:16.745	-291.3
15:49:16.757	-287.4
15:49:16.769	-284.8
15:49:16.781	-282.1
15:49:16.790	-276.0
15:49:16.802	-271.8
15:49:16.814	-266.4
15:49:16.822	-260.6
15:49:16.835	-256.5
15:49:16.847	-254.9
15:49:16.855	-252.3
15:49:16.867	-247.0
15:49:16.880	-242.8
15:49:16.888	-239.8
15:49:16.900	-236.9
15:49:16.912	-235.7
15:49:16.925	-235.1
15:49:16.933	-232.3
15:49:16.945	-229.7
15:49:16.958	-228.6
15:49:16.966	-223.1
15:49:16.978	-222.4
15:49:16.990	-221.3
15:49:16.998	-217.4
15:49:17.011	-215.3
15:49:17.023	-211.7
15:49:17.035	-207.7
15:49:17.043	-205.2
15:49:17.056	-202.8
15:49:17.068	-200.8
15:49:17.076	-200.7
15:49:17.089	-197.6
15:49:17.101	-196.5
15:49:17.109	-194.7
15:49:17.121	-193.5
15:49:17.134	-192.5
15:49:17.142	-189.2
15:49:17.154	-186.8
15:49:17.166	-185.2
15:49:17.175	-180.8
15:49:17.187	-177.9
15:49:17.199	-176.5
15:49:17.211	-172.2
15:49:17.220	-171.0
15:49:17.232	-167.4
15:49:17.244	-164.4
15:49:17.252	-164.4
15:49:17.265	-161.9
15:49:17.277	-161.5
15:49:17.289	-160.9
15:49:17.297	-158.5
15:49:17.310	-157.3
15:49:17.322	-155.8
15:49:17.330	-154.3
15:49:17.343	-153.5
15:49:17.355	-151.4
15:49:17.363	-146.8
15:49:17.375	-146.4
15:49:17.388	-142.7
15:49:17.396	-141.1
15:49:17.408	-139.0
15:49:17.420	-135.7
15:49:17.429	-132.2
15:49:17.441	-130.2
15:49:17.453	-123.9
15:49:17.465	-122.8
15:49:17.474	-121.2
15:49:17.486	-117.8
15:49:17.498	-114.5
15:49:17.506	-112.6
15:49:17.519	-111.6
15:49:17.531	-109.1
15:49:17.539	-108.6
15:49:17.551	-104.1
15:49:17.564	-104.4
15:49:17.576	-101.8
15:49:17.584	-102.1
15:49:17.596	-103.6
15:49:17.609	-103.6
15:49:17.617	-101.2
15:49:17.629	-100.4
15:49:17.641	-98.3
15:49:17.650	-95.6
15:49:17.662	-93.0
15:49:17.674	-92.7
15:49:17.683	-90.8
15:49:17.695	-86.2
15:49:17.707	-81.7
15:49:17.719	-79.9
15:49:17.728	-79.0
15:49:17.740	-76.5
15:49:17.752	-77.6
15:49:17.760	-78.6
15:49:17.773	-78.5
15:49:17.785	-77.5
15:49:17.793	-76.2
15:49:17.805	-74.7
15:49:17.818	-74.2
15:49:17.826	-73.2
15:49:17.838	-71.4
15:49:17.851	-69.7
15:49:17.859	-67.3
15:49:17.871	-63.9
15:49:17.883	-64.0
15:49:17.896	-61.4
15:49:17.904	-61.7
15:49:17.916	-64.0
15:49:17.928	-64.3
15:49:17.937	-63.8
15:49:17.949	-61.1
15:49:17.961	-61.3
15:49:17.973	-57.9
15:49:17.982	-58.0
15:49:17.994	-55.8
15:49:18.006	-56.2
15:49:18.018	-55.3
15:49:18.027	-52.8
15:49:18.039	-51.3
15:49:18.051	-51.1
15:49:18.059	-52.5
15:49:18.072	-49.0
15:49:18.084	-49.8
15:49:18.092	-46.0
15:49:18.104	-45.1
15:49:18.117	-42.2
15:49:18.125	-41.0
15:49:18.137	-39.9
15:49:18.149	-39.1
15:49:18.158	-35.9
15:49:18.170	-33.6
15:49:18.182	-34.2
15:49:18.195	-31.3
15:49:18.203	-30.5
15:49:18.215	-27.1
15:49:18.227	-24.3
15:49:18.235	-21.4
15:49:18.248	-20.6
15:49:18.260	-16.9
15:49:18.272	-15.8
15:49:18.280	-15.3
15:49:18.293	-13.1
15:49:18.305	-14.8
15:49:18.313	-14.1
15:49:18.326	-14.6
15:49:18.338	-17.1
15:49:18.346	-17.2
15:49:18.358	-14.7
15:49:18.371	-16.4
15:49:18.379	-14.0
15:49:18.391	-12.0
15:49:18.403	-11.5
15:49:18.412	-8.6
15:49:18.424	-9.0
15:49:18.436	-7.2
15:49:18.448	-2.5
15:49:18.457	-2.9
15:49:18.469	-3.3
15:49:18.481	-1.5
15:49:18.489	-2.0
15:49:18.502	-1.2
15:49:18.514	-0.4
15:49:18.522	-1.8
15:49:18.534	-2.2
15:49:18.547	-3.5
15:49:18.559	-5.4
15:49:18.567	-2.5
15:49:18.579	-1.9
15:49:18.592	-0.6
15:49:18.600	-0.9
15:49:18.612	0.7
15:49:18.624	0.8
15:49:18.633	2.4
15:49:18.645	4.3
15:49:18.657	7.7
15:49:18.665	7.7
15:49:18.678	9.8
15:49:18.690	13.3
15:49:18.702	17.1
15:49:18.710	23.5
15:49:18.723	26.3
15:49:18.735	30.3
15:49:18.743	33.4
15:49:18.755	36.1
15:49:18.768	37.1
15:49:18.776	40.3
15:49:18.788	41.6
15:49:18.801	41.8
15:49:18.809	44.5
15:49:18.821	44.2
15:49:18.833	46.2
15:49:18.846	48.5
15:49:18.854	51.0
15:49:18.866	52.5
15:49:18.878	55.1
15:49:18.887	56.5
15:49:18.899	57.1
15:49:18.911	59.5
15:49:18.919	57.9
15:49:18.932	57.6
15:49:18.944	56.3
15:49:18.956	54.6
15:49:18.964	52.8
15:49:18.977	53.1
15:49:18.989	51.8
15:49:18.997	50.4
15:49:19.009	50.7
15:49:19.022	48.6
15:49:19.030	50.1
15:49:19.042	49.7
15:49:19.055	50.5
15:49:19.063	50.4
15:49:19.075	50.9
15:49:19.087	50.8
15:49:19.095	50.8
15:49:19.108	50.3
15:49:19.120	48.3
15:49:19.132	48.9
15:49:19.140	46.1
15:49:19.153	45.0
15:49:19.165	43.2
15:49:19.173	41.1
15:49:19.185	39.5
15:49:19.198	36.3
15:49:19.210	33.5
15:49:19.218	33.0
15:49:19.230	31.5
15:49:19.243	29.0
15:49:19.251	28.4
15:49:19.263	28.0
15:49:19.275	24.2
15:49:19.284	23.9
15:49:19.296	22.4
15:49:19.308	20.8
15:49:19.316	19.9
15:49:19.329	16.4
15:49:19.341	14.1
15:49:19.349	14.2
15:49:19.361	12.6
15:49:19.374	8.9
15:49:19.386	6.3
15:49:19.394	5.2
15:49:19.407	3.1
15:49:19.419	0.4
15:49:19.427	-1.4
15:49:19.439	-3.6
15:49:19.452	-3.1
15:49:19.460	-6.0
15:49:19.472	-7.9
15:49:19.484	-9.1
15:49:19.497	-7.4
15:49:19.505	-10.5
15:49:19.517	-10.1
15:49:19.529	-8.8
15:49:19.538	-10.7
15:49:19.550	-8.1
15:49:19.562	-8.9
15:49:19.570	-8.4
15:49:19.583	-9.7
15:49:19.595	-11.1
15:49:19.603	-15.4
15:49:19.615	-14.8
15:49:19.628	-18.8
15:49:19.640	-21.1
15:49:19.648	-23.4
15:49:19.660	-27.7
15:49:19.673	-29.9
15:49:19.681	-33.3
15:49:19.693	-35.3
15:49:19.705	-37.2
15:49:19.714	-37.8
15:49:19.726	-41.1
15:49:19.738	-41.3
15:49:19.746	-42.9
15:49:19.759	-44.1
15:49:19.771	-42.5
15:49:19.779	-44.0
15:49:19.791	-45.1
15:49:19.804	-48.7
15:49:19.816	-49.6
15:49:19.824	-49.7
15:49:19.837	-51.8
15:49:19.849	-54.4
15:49:19.857	-53.4
15:49:19.869	-51.5
15:49:19.882	-53.6
15:49:19.894	-53.5
15:49:19.902	-55.5
15:49:19.914	-56.0
15:49:19.927	-55.4
15:49:19.939	-57.2
15:49:19.947	-56.7
15:49:19.960	-58.8
15:49:19.972	-61.5
15:49:19.980	-66.6
15:49:19.992	-69.1
15:49:20.005	-72.4
15:49:20.013	-76.9
15:49:20.025	-79.8
15:49:20.037	-83.5
15:49:20.046	-86.4
15:49:20.058	-89.3
15:49:20.070	-90.5
15:49:20.078	-94.5
15:49:20.091	-91.9
15:49:20.103	-94.3
15:49:20.115	-95.6
15:49:20.123	-95.1
15:49:20.136	-91.9
15:49:20.148	-92.1
15:49:20.156	-90.9
15:49:20.168	-88.9
15:49:20.181	-85.7
15:49:20.193	-82.8
15:49:20.201	-83.8
15:49:20.213	-80.5
15:49:20.226	-79.9
15:49:20.234	-77.8
15:49:20.246	-76.8
15:49:20.258	-75.8
15:49:20.267	-73.7
15:49:20.279	-72.3
15:49:20.292	-71.7
15:49:20.299	-71.5
15:49:20.312	-71.2
15:49:20.324	-70.1
15:49:20.332	-67.6
15:49:20.345	-65.2
15:49:20.357	-65.2
15:49:20.369	-63.6
15:49:20.377	-63.4
15:49:20.390	-64.7
15:49:20.402	-63.5
15:49:20.410	-62.0
15:49:20.422	-60.1
15:49:20.435	-59.9
15:49:20.443	-58.9
15:49:20.455	-56.7
15:49:20.467	-55.8
15:49:20.480	-54.4
15:49:20.488	-51.7
15:49:20.500	-50.9
15:49:20.512	-49.2
15:49:20.521	-46.2
15:49:20.533	-46.1
15:49:20.545	-45.0
15:49:20.553	-44.8
15:49:20.566	-45.7
15:49:20.578	-44.1
15:49:20.586	-42.4
15:49:20.598	-42.9
15:49:20.611	-39.7
15:49:20.623	-41.5
15:49:20.631	-41.6
15:49:20.643	-41.1
15:49:20.656	-39.7
15:49:20.664	-38.5
15:49:20.676	-36.1
15:49:20.688	-34.7
15:49:20.697	-35.8
15:49:20.709	-33.2
15:49:20.721	-30.8
15:49:20.729	-27.0
15:49:20.742	-26.1
15:49:20.754	-25.3
15:49:20.766	-23.8
15:49:20.774	-21.2
15:49:20.787	-20.5
15:49:20.799	-19.5
15:49:20.807	-16.5
15:49:20.819	-17.5
15:49:20.832	-16.2
15:49:20.840	-15.6
15:49:20.852	-15.9
15:49:20.865	-12.7
15:49:20.877	-13.0
15:49:20.885	-13.8
15:49:20.897	-13.8
15:49:20.910	-14.9
15:49:20.918	-14.2
15:49:20.930	-11.8
15:49:20.942	-12.9
15:49:20.951	-13.6
15:49:20.963	-12.1
15:49:20.975	-9.5
15:49:20.983	-7.8
15:49:20.996	-7.4
15:49:21.008	-6.9
15:49:21.016	-5.6
15:49:21.029	-5.1
15:49:21.041	-4.9
15:49:21.053	-2.9
15:49:21.061	-1.6
15:49:21.074	-2.5
15:49:21.086	-7.1
15:49:21.094	-8.3
15:49:21.106	-7.8
15:49:21.119	-6.5
15:49:21.131	-5.5
15:49:21.139	-6.0
15:49:21.151	-5.1
15:49:21.164	-6.9
15:49:21.172	-9.3
15:49:21.184	-7.9
15:49:21.196	-5.6
15:49:21.205	-5.2
15:49:21.217	-4.9
15:49:21.229	-4.7
15:49:21.237	-4.2
15:49:21.250	-3.4
15:49:21.262	-4.6
15:49:21.270	-3.6
15:49:21.282	-3.2
15:49:21.295	-2.8
15:49:21.307	-2.6
15:49:21.315	-4.0
15:49:21.328	-2.6
15:49:21.340	-3.9
15:49:21.348	-3.2
15:49:21.360	-3.6
15:49:21.373	-2.4
15:49:21.381	-2.6
15:49:21.393	0.2
15:49:21.405	-0.2
15:49:21.418	1.3
15:49:21.426	4.5
15:49:21.438	5.8
15:49:21.450	8.4
15:49:21.458	6.9
15:49:21.471	6.8
15:49:21.483	8.6
15:49:21.491	7.7
15:49:21.504	8.9
15:49:21.516	9.4
15:49:21.524	7.9
15:49:21.536	8.6
15:49:21.549	8.4
15:49:21.561	10.7
15:49:21.569	13.0
15:49:21.581	14.2
15:49:21.594	13.1
15:49:21.602	13.7
15:49:21.614	13.6
15:49:21.626	14.6
15:49:21.635	15.2
15:49:21.647	15.4
15:49:21.659	15.4
15:49:21.667	15.4
15:49:21.680	17.6
15:49:21.692	20.4
15:49:21.700	22.3
15:49:21.712	26.3
15:49:21.725	27.4
15:49:21.737	28.8
15:49:21.745	32.0
15:49:21.758	35.2
15:49:21.770	38.1
15:49:21.778	38.5
15:49:21.790	37.4
15:49:21.803	36.9
15:49:21.815	35.7
15:49:21.823	36.6
15:49:21.835	38.2
15:49:21.848	38.7
15:49:21.856	39.1
15:49:21.868	39.2
15:49:21.881	38.9
15:49:21.893	41.2
15:49:21.901	42.3
15:49:21.913	42.0
15:49:21.925	43.7
15:49:21.934	42.0
15:49:21.946	41.1
15:49:21.958	43.5
15:49:21.966	44.0
15:49:21.979	42.8
15:49:21.991	43.1
15:49:21.999	40.7
15:49:22.012	40.9
15:49:22.024	41.1
15:49:22.036	39.7
15:49:22.044	40.9
15:49:22.057	41.7
15:49:22.069	41.3
15:49:22.077	39.0
15:49:22.089	41.8
15:49:22.102	39.6
15:49:22.114	39.3
15:49:22.122	37.8
15:49:22.134	38.0
15:49:22.147	40.3
15:49:22.155	39.0
15:49:22.167	37.5
15:49:22.179	36.3
15:49:22.188	37.1
15:49:22.200	32.7
15:49:22.212	33.4
15:49:22.220	29.5
15:49:22.233	27.7
15:49:22.245	24.4
15:49:22.253	20.7
15:49:22.265	18.6
15:49:22.278	16.5
15:49:22.290	13.9
15:49:22.298	10.2
15:49:22.310	9.6
15:49:22.323	8.1
15:49:22.331	9.6
15:49:22.343	9.0
15:49:22.355	7.1
15:49:22.364	5.2
15:49:22.376	1.7
15:49:22.388	0.6
15:49:22.400	-0.9
15:49:22.409	-1.6
15:49:22.421	-4.9
15:49:22.433	-8.5
15:49:22.441	-11.4
15:49:22.454	-10.6
15:49:22.466	-9.7
15:49:22.474	-11.5
15:49:22.487	-12.4
15:49:22.499	-15.1
15:49:22.507	-14.8
15:49:22.519	-15.8
15:49:22.532	-17.1
15:49:22.544	-18.0
15:49:22.552	-20.3
15:49:22.564	-26.5
15:49:22.577	-30.2
15:49:22.585	-30.9
15:49:22.597	-31.3
15:49:22.609	-32.6
15:49:22.618	-37.3
15:49:22.630	-38.8
15:49:22.642	-40.2
15:49:22.651	-38.5
15:49:22.663	-37.9
15:49:22.675	-35.1
15:49:22.688	-32.1
15:49:22.696	-32.8
15:49:22.708	-30.5
15:49:22.720	-29.8
15:49:22.729	-26.2
15:49:22.741	-26.1
15:49:22.753	-24.7
15:49:22.761	-26.9
15:49:22.774	-27.8
15:49:22.786	-29.4
15:49:22.798	-30.5
15:49:22.806	-30.5
15:49:22.819	-33.6
15:49:22.831	-33.9
15:49:22.839	-36.4
15:49:22.851	-35.9
15:49:22.864	-35.4
15:49:22.872	-37.8
15:49:22.884	-37.1
15:49:22.896	-37.5
15:49:22.905	-38.6
15:49:22.917	-37.3
15:49:22.929	-36.6
15:49:22.937	-38.0
15:49:22.950	-38.7
15:49:22.962	-40.6
15:49:22.974	-54.2
15:49:22.982	-65.2
15:49:22.995	-79.5
15:49:23.007	-94.9
15:49:23.015	-109.2
15:49:23.027	-124.3
15:49:23.040	-139.2
15:49:23.052	-151.7
15:49:23.060	-164.9
15:49:23.072	-179.0
15:49:23.085	-181.7
15:49:23.093	-183.7
15:49:23.105	-183.1
15:49:23.118	-181.1
15:49:23.126	-180.2
15:49:23.138	-179.1
15:49:23.150	-178.3
15:49:23.158	-176.2
15:49:23.171	-175.5
15:49:23.183	-175.7
15:49:23.192	-173.4
15:49:23.204	-171.9
15:49:23.216	-171.4
15:49:23.229	-171.1
15:49:23.237	-169.9
15:49:23.249	-168.2
15:49:23.261	-166.3
15:49:23.270	-165.8
15:49:23.282	-164.9
15:49:23.294	-162.4
15:49:23.302	-160.4
15:49:23.315	-156.6
15:49:23.326	-154.1
15:49:23.338	-151.3
15:49:23.347	-148.8
15:49:23.359	-149.9
15:49:23.371	-148.7
15:49:23.379	-148.0
15:49:23.392	-146.7
15:49:23.404	-143.5
15:49:23.412	-140.7
15:49:23.424	-139.4
15:49:23.437	-137.8
15:49:23.445	-135.3
15:49:23.457	-136.6
15:49:23.469	-133.2
15:49:23.482	-132.8
15:49:23.490	-131.9
15:49:23.502	-129.0
15:49:23.514	-127.6
15:49:23.523	-128.2
15:49:23.535	-127.1
15:49:23.547	-125.3
15:49:23.555	-125.2
15:49:23.568	-121.9
15:49:23.580	-119.9
15:49:23.592	-115.8
15:49:23.600	-112.6
15:49:23.613	-108.4
15:49:23.625	-106.0
15:49:23.633	-104.1
15:49:23.645	-104.6
15:49:23.658	-104.7
15:49:23.670	-103.7
15:49:23.678	-101.8
15:49:23.690	-101.3
15:49:23.703	-100.9
15:49:23.711	-99.9
15:49:23.723	-101.6
15:49:23.736	-102.0
15:49:23.744	-100.0
15:49:23.756	-98.6
15:49:23.768	-94.9
15:49:23.776	-92.2
15:49:23.789	-88.1
15:49:23.801	-85.6
15:49:23.809	-81.2
15:49:23.821	-79.1
15:49:23.834	-75.0
15:49:23.846	-70.6
15:49:23.854	-70.2
15:49:23.867	-67.3
15:49:23.879	-66.5
15:49:23.887	-65.8
15:49:23.899	-65.6
15:49:23.912	-65.8
15:49:23.920	-66.7
15:49:23.932	-66.3
15:49:23.944	-67.5
15:49:23.957	-69.8
15:49:23.965	-65.4
15:49:23.977	-64.1
15:49:23.989	-63.7
15:49:23.998	-60.4
15:49:24.010	-59.7
15:49:24.022	-56.6
15:49:24.034	-55.2
15:49:24.043	-52.7
15:49:24.055	-51.5
15:49:24.067	-47.6
15:49:24.075	-48.7
15:49:24.088	-45.9
15:49:24.101	-44.9
15:49:24.109	-43.1
15:49:24.121	-43.5
15:49:24.134	-43.6
15:49:24.142	-43.6
15:49:24.154	-44.2
15:49:24.166	-43.0
15:49:24.175	-41.2
15:49:24.187	-40.8
15:49:24.199	-41.6
15:49:24.211	-38.0
15:49:24.220	-39.2
15:49:24.232	-37.2
15:49:24.244	-34.9
15:49:24.252	-31.8
15:49:24.265	-27.5
15:49:24.277	-25.9
15:49:24.285	-25.4
15:49:24.298	-21.7
15:49:24.310	-21.8
15:49:24.322	-21.2
15:49:24.330	-19.9
15:49:24.343	-19.2
15:49:24.355	-18.5
15:49:24.363	-16.9
15:49:24.375	-19.5
15:49:24.388	-17.3
15:49:24.396	-16.2
15:49:24.408	-17.7
15:49:24.420	-15.3
15:49:24.429	-16.7
15:49:24.441	-14.8
15:49:24.453	-15.3
15:49:24.465	-15.6
15:49:24.474	-17.7
15:49:24.486	-14.8
15:49:24.499	-15.5
15:49:24.506	-16.0
15:49:24.519	-16.3
15:49:24.531	-16.7
15:49:24.539	-14.9
15:49:24.551	-15.6
15:49:24.564	-13.1
15:49:24.572	-12.0
15:49:24.584	-9.2
15:49:24.596	-10.8
15:49:24.609	-8.9
15:49:24.617	-5.8
15:49:24.629	-3.1
15:49:24.642	0.8
15:49:24.650	1.1
15:49:24.662	3.9
15:49:24.674	4.3
15:49:24.682	6.3
15:49:24.695	5.6
15:49:24.707	9.6
15:49:24.719	9.3
15:49:24.727	8.1
15:49:24.740	10.0
15:49:24.752	8.9
15:49:24.760	11.6
15:49:24.772	8.5
15:49:24.785	9.7
15:49:24.793	10.9
15:49:24.805	17.7
15:49:24.818	19.4
15:49:24.826	30.1
15:49:24.838	39.9
15:49:24.850	46.0
15:49:24.858	55.1
15:49:24.871	63.1
15:49:24.883	74.4
15:49:24.895	83.4
15:49:24.904	90.8
15:49:24.916	94.8
15:49:24.928	103.1
15:49:24.936	101.4
15:49:24.949	100.4
15:49:24.961	102.6
15:49:24.973	101.3
15:49:24.982	99.0
15:49:24.994	99.6
15:49:25.006	98.3
15:49:25.014	99.3
15:49:25.026	98.3
15:49:25.039	97.0
15:49:25.047	96.1
15:49:25.059	96.2
15:49:25.071	96.3
15:49:25.080	96.9
15:49:25.092	96.5
15:49:25.104	93.8
15:49:25.112	94.3
15:49:25.125	92.3
15:49:25.137	90.0
15:49:25.149	86.1
15:49:25.157	85.1
15:49:25.170	82.1
15:49:25.182	78.7
15:49:25.190	79.3
15:49:25.202	77.0
15:49:25.215	74.2
15:49:25.223	71.8
15:49:25.235	69.4
15:49:25.247	68.5
15:49:25.259	69.7
15:49:25.268	68.3
15:49:25.280	69.8
15:49:25.292	70.5
15:49:25.300	68.9
15:49:25.313	72.6
15:49:25.325	79.8
15:49:25.333	85.8
15:49:25.345	96.2
15:49:25.358	103.7
15:49:25.366	109.0
15:49:25.378	115.5
15:49:25.390	118.0
15:49:25.403	122.1
15:49:25.411	124.6
15:49:25.423	126.4
15:49:25.435	126.1
15:49:25.444	126.0
15:49:25.456	122.8
15:49:25.468	120.3
15:49:25.476	118.6
15:49:25.489	116.0
15:49:25.501	115.9
15:49:25.509	113.5
15:49:25.521	113.7
15:49:25.534	110.1
15:49:25.542	109.2
15:49:25.554	104.9
15:49:25.567	101.8
15:49:25.579	100.9
15:49:25.587	98.3
15:49:25.599	97.6
15:49:25.612	96.7
15:49:25.620	94.3
15:49:25.632	92.6
15:49:25.644	92.8
15:49:25.657	91.5
15:49:25.665	91.5
15:49:25.677	89.0
15:49:25.689	85.6
15:49:25.698	85.0
15:49:25.710	81.7
15:49:25.722	80.3
15:49:25.730	79.8
15:49:25.743	75.6
15:49:25.755	75.8
15:49:25.763	73.4
15:49:25.775	73.2
15:49:25.788	72.3
15:49:25.800	72.8
15:49:25.808	69.1
15:49:25.820	69.6
15:49:25.833	66.5
15:49:25.841	66.7
15:49:25.853	67.8
15:49:25.865	67.7
15:49:25.878	67.5
15:49:25.886	64.2
15:49:25.898	64.0
15:49:25.910	63.1
15:49:25.919	66.4
15:49:25.931	64.9
15:49:25.943	66.0
15:49:25.955	63.5
15:49:25.964	65.3
15:49:25.976	65.2
15:49:25.988	71.2
15:49:25.996	83.2
15:49:26.009	95.6
15:49:26.021	112.0
15:49:26.029	127.9
15:49:26.041	148.9
15:49:26.054	167.8
15:49:26.062	191.3
15:49:26.075	210.6
15:49:26.087	237.7
15:49:26.095	259.6
15:49:26.107	279.6
15:49:26.120	297.7
15:49:26.132	310.4
15:49:26.140	323.0
15:49:26.152	333.1
15:49:26.165	344.7
15:49:26.173	353.6
15:49:26.185	371.3
15:49:26.197	378.7
15:49:26.206	386.4
15:49:26.218	391.4
15:49:26.230	396.1
15:49:26.243	400.3
15:49:26.251	403.7
15:49:26.263	406.7
15:49:26.275	410.4
15:49:26.284	414.1
15:49:26.296	409.0
15:49:26.308	405.1
15:49:26.316	401.9
15:49:26.329	397.7
15:49:26.341	390.1
15:49:26.349	384.5
15:49:26.361	380.5
15:49:26.374	376.5
15:49:26.386	369.6
15:49:26.394	364.0
15:49:26.406	354.8
15:49:26.419	345.8
15:49:26.427	332.9
15:49:26.439	323.5
15:49:26.451	317.3
15:49:26.460	309.1
15:49:26.472	298.3
15:49:26.484	286.9
15:49:26.492	277.1
15:49:26.505	268.1
15:49:26.517	259.8
15:49:26.529	253.0
15:49:26.537	248.2
15:49:26.550	241.5
15:49:26.562	235.4
15:49:26.570	228.8
15:49:26.583	223.6
15:49:26.595	220.1
15:49:26.603	218.3
15:49:26.615	211.8
15:49:26.628	210.2
15:49:26.640	205.2
15:49:26.648	207.3
15:49:26.661	205.4
15:49:26.673	202.1
15:49:26.681	200.3
15:49:26.693	197.7
15:49:26.705	197.1
15:49:26.714	192.3
15:49:26.726	191.8
15:49:26.738	190.1
15:49:26.746	189.8
15:49:26.759	183.6
15:49:26.771	179.7
15:49:26.779	177.6
15:49:26.791	176.0
15:49:26.804	174.2
15:49:26.816	169.9
15:49:26.824	171.6
15:49:26.837	168.4
15:49:26.849	166.1
15:49:26.857	163.9
15:49:26.869	162.1
15:49:26.882	162.9
15:49:26.894	159.6
15:49:26.902	160.0
15:49:26.914	160.4
15:49:26.927	160.8
15:49:26.935	157.8
15:49:26.947	155.2
15:49:26.959	153.0
15:49:26.968	151.5
15:49:26.980	150.1
15:49:26.992	145.1
15:49:27.000	144.9
15:49:27.013	141.3
15:49:27.025	141.3
15:49:27.033	137.6
15:49:27.045	135.8
15:49:27.058	137.5
15:49:27.070	138.1
15:49:27.078	140.5
15:49:27.090	140.1
15:49:27.103	141.6
15:49:27.111	142.8
15:49:27.123	144.6
15:49:27.135	142.4
15:49:27.144	145.6
15:49:27.156	145.9
15:49:27.168	144.6
15:49:27.181	141.8
15:49:27.189	138.8
15:49:27.201	136.4
15:49:27.213	136.7
15:49:27.222	135.0
15:49:27.234	133.7
15:49:27.246	134.5
15:49:27.254	130.4
15:49:27.267	127.6
15:49:27.279	127.2
15:49:27.287	127.4
15:49:27.299	127.8
15:49:27.312	127.2
15:49:27.324	127.3
15:49:27.332	125.5
15:49:27.344	123.9
15:49:27.357	122.9
15:49:27.365	124.8
15:49:27.377	122.6
15:49:27.390	119.4
15:49:27.398	117.6
15:49:27.410	115.0
15:49:27.422	111.3
15:49:27.430	106.3
15:49:27.443	106.6
15:49:27.455	105.2
15:49:27.463	101.3
15:49:27.476	97.1
15:49:27.488	95.4
15:49:27.500	94.0
15:49:27.508	93.2
15:49:27.521	91.6
15:49:27.533	91.7
15:49:27.541	91.9
15:49:27.553	89.3
15:49:27.566	88.2
15:49:27.578	88.6
15:49:27.586	89.4
15:49:27.598	90.1
15:49:27.611	89.8
15:49:27.619	87.3
15:49:27.631	85.2
15:49:27.643	85.2
15:49:27.652	82.6
15:49:27.664	83.6
15:49:27.676	83.4
15:49:27.684	80.8
15:49:27.697	76.9
15:49:27.709	75.1
15:49:27.717	75.5
15:49:27.729	74.7
15:49:27.742	75.9
15:49:27.754	76.0
15:49:27.762	78.9
15:49:27.775	77.9
15:49:27.787	75.7
15:49:27.799	74.4
15:49:27.807	78.1
15:49:27.820	79.1
15:49:27.832	76.3
15:49:27.840	75.7
15:49:27.853	74.1
15:49:27.865	76.7
15:49:27.877	73.7
15:49:27.885	71.3
15:49:27.897	70.7
15:49:27.910	71.3
15:49:27.918	70.3
15:49:27.930	71.1
15:49:27.943	74.1
15:49:27.951	76.6
15:49:27.963	79.7
15:49:27.975	80.1
15:49:27.983	95.3
15:49:27.996	113.8
15:49:28.008	131.0
15:49:28.016	148.1
15:49:28.029	168.0
15:49:28.041	187.3
15:49:28.053	206.3
15:49:28.061	224.9
15:49:28.074	241.8
15:49:28.086	260.1
15:49:28.094	266.8
15:49:28.106	269.2
15:49:28.119	272.6
15:49:28.127	275.3
15:49:28.139	274.3
15:49:28.151	271.7
15:49:28.164	272.4
15:49:28.172	273.6
15:49:28.184	278.0
15:49:28.196	277.0
15:49:28.205	276.9
15:49:28.217	279.0
15:49:28.229	280.3
15:49:28.237	282.6
15:49:28.250	284.1
15:49:28.262	287.3
15:49:28.270	286.4
15:49:28.282	284.4
15:49:28.295	282.8
15:49:28.307	283.8
15:49:28.315	282.3
15:49:28.327	280.2
15:49:28.340	280.1
15:49:28.348	276.4
15:49:28.360	274.2
15:49:28.373	272.4
15:49:28.381	270.0
15:49:28.393	268.5
15:49:28.405	266.2
15:49:28.413	262.4
15:49:28.426	260.3
15:49:28.438	258.6
15:49:28.450	255.0
15:49:28.458	256.7
15:49:28.471	256.7
15:49:28.483	255.3
15:49:28.491	256.2
15:49:28.504	258.2
15:49:28.516	257.5
15:49:28.524	258.5
15:49:28.536	258.4
15:49:28.549	257.8
15:49:28.561	257.9
15:49:28.569	253.9
15:49:28.581	253.3
15:49:28.594	256.9
15:49:28.602	260.7
15:49:28.614	264.1
15:49:28.626	268.3
15:49:28.635	278.2
15:49:28.647	291.9
15:49:28.659	311.0
15:49:28.667	333.4
15:49:28.680	364.5
15:49:28.692	397.3
15:49:28.700	429.8
15:49:28.712	457.6
15:49:28.725	502.1
15:49:28.737	549.6
15:49:28.745	596.5
15:49:28.757	637.3
15:49:28.770	672.5
15:49:28.778	711.2
15:49:28.790	742.7
15:49:28.802	772.1
15:49:28.815	799.0
15:49:28.823	830.2
15:49:28.835	843.2
15:49:28.847	851.7
15:49:28.856	853.6
15:49:28.868	861.3
15:49:28.880	868.8
15:49:28.888	869.1
15:49:28.901	869.3
15:49:28.913	862.9
15:49:28.921	860.1
15:49:28.934	854.7
15:49:28.946	848.3
15:49:28.954	843.5
15:49:28.966	839.1
15:49:28.979	831.7
15:49:28.991	825.5
15:49:28.999	820.6
15:49:29.011	815.9
15:49:29.024	816.8
15:49:29.032	810.2
15:49:29.044	807.8
15:49:29.056	804.5
15:49:29.065	798.4
15:49:29.077	792.3
15:49:29.089	789.7
15:49:29.102	783.7
15:49:29.110	777.5
15:49:29.122	772.9
15:49:29.134	765.9
15:49:29.142	764.3
15:49:29.155	759.8
15:49:29.167	756.8
15:49:29.175	753.9
15:49:29.188	750.1
15:49:29.200	747.2
15:49:29.208	748.2
15:49:29.220	747.7
15:49:29.233	745.1
15:49:29.245	742.8
15:49:29.253	740.8
15:49:29.265	736.7
15:49:29.278	732.2
15:49:29.286	732.0
15:49:29.298	733.7
15:49:29.310	730.0
15:49:29.319	724.3
15:49:29.331	720.4
15:49:29.343	717.0
15:49:29.351	712.0
15:49:29.364	704.9
15:49:29.376	696.4
15:49:29.384	690.6
15:49:29.396	682.8
15:49:29.409	672.7
15:49:29.421	665.0
15:49:29.429	656.8
15:49:29.442	648.4
15:49:29.454	636.6
15:49:29.466	625.1
15:49:29.474	612.8
15:49:29.487	602.0
15:49:29.499	588.1
15:49:29.507	571.9
15:49:29.519	558.7
15:49:29.532	541.6
15:49:29.544	524.9
15:49:29.552	504.6
15:49:29.564	488.6
15:49:29.577	468.7
15:49:29.585	445.5
15:49:29.597	426.5
15:49:29.609	405.6
15:49:29.618	387.0
15:49:29.630	363.6
15:49:29.642	342.9
15:49:29.650	319.3
15:49:29.663	299.2
15:49:29.675	272.3
15:49:29.683	249.0
15:49:29.696	227.5
15:49:29.708	195.4
15:49:29.720	158.1
15:49:29.728	115.6
15:49:29.740	77.8
15:49:29.753	39.4
15:49:29.761	0.7
15:49:29.773	-40.5
15:49:29.785	-81.5
15:49:29.798	-122.2
15:49:29.806	-162.7
15:49:29.818	-194.5
15:49:29.831	-217.5
15:49:29.839	-237.0
15:49:29.851	-256.5
15:49:29.863	-272.7
15:49:29.871	-286.2
15:49:29.884	-302.9
15:49:29.896	-313.7
15:49:29.904	-324.5
15:49:29.917	-333.6
15:49:29.929	-343.2
15:49:29.937	-355.0
15:49:29.949	-366.5
15:49:29.962	-381.2
15:49:29.974	-400.1
15:49:29.982	-416.8
15:49:29.994	-428.9
15:49:30.007	-442.5
15:49:30.015	-452.1
15:49:30.027	-464.3
15:49:30.039	-473.6
15:49:30.048	-482.5
15:49:30.060	-488.9
15:49:30.072	-491.4
15:49:30.084	-490.6
15:49:30.093	-495.1
15:49:30.105	-498.8
15:49:30.117	-501.8
15:49:30.125	-506.9
15:49:30.138	-511.2
15:49:30.150	-519.0
15:49:30.158	-526.9
15:49:30.170	-545.4
15:49:30.183	-569.1
15:49:30.191	-596.0
15:49:30.203	-614.3
15:49:30.215	-636.0
15:49:30.228	-656.5
15:49:30.236	-678.3
15:49:30.248	-698.7
15:49:30.260	-716.3
15:49:30.269	-730.5
15:49:30.281	-734.4
15:49:30.293	-734.4
15:49:30.302	-733.5
15:49:30.314	-740.3
15:49:30.326	-743.2
15:49:30.334	-750.2
15:49:30.347	-757.0
15:49:30.359	-762.2
15:49:30.371	-768.6
15:49:30.379	-774.9
15:49:30.392	-782.5
15:49:30.404	-788.4
15:49:30.412	-791.4
15:49:30.424	-791.0
15:49:30.437	-793.0
15:49:30.445	-790.5
15:49:30.457	-788.0
15:49:30.470	-785.2
15:49:30.482	-781.7
15:49:30.490	-777.9
15:49:30.502	-774.3
15:49:30.515	-770.6
15:49:30.523	-767.7
15:49:30.535	-765.3
15:49:30.547	-760.9
15:49:30.555	-754.5
15:49:30.568	-749.6
15:49:30.580	-743.2
15:49:30.588	-737.7
15:49:30.601	-731.4
15:49:30.613	-724.2
15:49:30.621	-718.6
15:49:30.633	-714.0
15:49:30.646	-707.9
15:49:30.658	-702.8
15:49:30.666	-697.6
15:49:30.679	-690.6
15:49:30.691	-686.2
15:49:30.699	-681.7
15:49:30.711	-678.3
15:49:30.724	-675.6
15:49:30.736	-672.4
15:49:30.744	-668.0
15:49:30.756	-665.6
15:49:30.769	-660.9
15:49:30.777	-659.7
15:49:30.789	-656.6
15:49:30.801	-652.7
15:49:30.810	-650.9
15:49:30.822	-647.0
15:49:30.834	-643.3
15:49:30.842	-640.7
15:49:30.855	-635.6
15:49:30.867	-630.0
15:49:30.875	-626.3
15:49:30.887	-621.3
15:49:30.900	-616.3
15:49:30.912	-614.2
15:49:30.920	-607.2
15:49:30.932	-603.9
15:49:30.945	-599.9
15:49:30.953	-594.4
15:49:30.965	-593.5
15:49:30.977	-591.5
15:49:30.986	-590.3
15:49:30.998	-587.5
15:49:31.010	-589.2
15:49:31.023	-583.9
15:49:31.031	-580.9
15:49:31.043	-577.3
15:49:31.055	-573.5
15:49:31.064	-569.9
15:49:31.076	-563.8
15:49:31.088	-558.1
15:49:31.096	-549.8
15:49:31.108	-547.2
15:49:31.121	-538.2
15:49:31.129	-532.6
15:49:31.141	-525.9
15:49:31.154	-518.2
15:49:31.166	-511.4
15:49:31.174	-504.4
15:49:31.186	-497.1
15:49:31.199	-491.5
15:49:31.207	-488.8
15:49:31.219	-478.8
15:49:31.231	-473.3
15:49:31.240	-467.9
15:49:31.252	-463.1
15:49:31.264	-459.1
15:49:31.272	-453.0
15:49:31.285	-446.8
15:49:31.297	-442.7
15:49:31.305	-435.8
15:49:31.317	-428.9
15:49:31.330	-424.0
15:49:31.341	-418.4
15:49:31.349	-413.2
15:49:31.362	-408.9
15:49:31.374	-403.3
15:49:31.382	-401.0
15:49:31.395	-397.3
15:49:31.407	-393.9
15:49:31.419	-390.8
15:49:31.427	-385.7
15:49:31.440	-381.3
15:49:31.452	-377.3
15:49:31.464	-370.9
15:49:31.472	-366.4
15:49:31.485	-361.2
15:49:31.497	-355.0
15:49:31.505	-350.3
15:49:31.517	-345.5
15:49:31.530	-341.1
15:49:31.538	-337.4
15:49:31.550	-334.6
15:49:31.563	-330.0
15:49:31.571	-326.5
15:49:31.583	-323.8
15:49:31.595	-320.9
15:49:31.604	-318.9
15:49:31.616	-314.2
15:49:31.628	-310.3
15:49:31.640	-306.3
15:49:31.649	-302.3
15:49:31.661	-295.4
15:49:31.673	-293.2
15:49:31.681	-289.2
15:49:31.694	-285.3
15:49:31.706	-283.1
15:49:31.718	-279.7
15:49:31.727	-278.2
15:49:31.739	-274.7
15:49:31.751	-273.0
15:49:31.759	-269.1
15:49:31.772	-268.2
15:49:31.784	-263.1
15:49:31.792	-262.3
15:49:31.804	-259.8
15:49:31.817	-255.0
15:49:31.825	-251.0
15:49:31.837	-247.6
15:49:31.849	-245.1
15:49:31.858	-241.6
15:49:31.870	-239.0
15:49:31.882	-236.1
15:49:31.894	-233.9
15:49:31.903	-229.0
15:49:31.915	-223.1
15:49:31.927	-221.7
15:49:31.935	-218.6
15:49:31.948	-216.3
15:49:31.960	-213.0
15:49:31.968	-210.5
15:49:31.980	-208.4
15:49:31.993	-207.4
15:49:32.005	-205.2
15:49:32.013	-207.3
15:49:32.025	-208.2
15:49:32.038	-208.7
15:49:32.046	-210.0
15:49:32.059	-209.9
15:49:32.070	-209.6
15:49:32.079	-206.0
15:49:32.091	-204.8
15:49:32.103	-202.3
15:49:32.111	-202.2
15:49:32.124	-200.4
15:49:32.136	-197.8
15:49:32.148	-195.7
15:49:32.156	-191.3
15:49:32.169	-188.6
15:49:32.181	-184.5
15:49:32.189	-185.3
15:49:32.202	-183.9
15:49:32.214	-183.2
15:49:32.222	-182.1
15:49:32.234	-179.1
15:49:32.247	-176.3
15:49:32.255	-172.0
15:49:32.267	-170.1
15:49:32.279	-166.4
15:49:32.292	-167.2
15:49:32.300	-164.7
15:49:32.312	-164.5
15:49:32.324	-161.2
15:49:32.333	-156.7
15:49:32.345	-153.9
15:49:32.357	-153.4
15:49:32.366	-153.0
15:49:32.378	-151.6
15:49:32.390	-152.5
15:49:32.402	-147.8
15:49:32.410	-146.3
15:49:32.423	-142.3
15:49:32.435	-140.6
15:49:32.443	-140.4
15:49:32.455	-139.2
15:49:32.468	-136.7
15:49:32.476	-134.6
15:49:32.488	-134.1
15:49:32.500	-130.3
15:49:32.509	-130.5
15:49:32.521	-125.7
15:49:32.533	-124.4
15:49:32.541	-123.7
15:49:32.554	-121.8
15:49:32.566	-119.1
15:49:32.578	-118.3
15:49:32.586	-116.6
15:49:32.599	-112.8
15:49:32.611	-111.9
15:49:32.619	-109.2
15:49:32.631	-108.7
15:49:32.644	-105.4
15:49:32.656	-102.3
15:49:32.664	-90.4
15:49:32.676	-73.8
15:49:32.689	-57.0
15:49:32.697	-38.8
15:49:32.709	-20.6
15:49:32.722	0.2
15:49:32.730	18.1
15:49:32.742	38.0
15:49:32.755	57.9
15:49:32.763	81.0
15:49:32.775	99.1
15:49:32.787	112.0
15:49:32.795	130.8
15:49:32.808	152.4
15:49:32.820	178.0
15:49:32.832	205.6
15:49:32.841	234.2
15:49:32.853	261.4
15:49:32.865	293.5
15:49:32.873	325.3
15:49:32.886	356.9
15:49:32.898	388.0
15:49:32.906	417.1
15:49:32.918	444.2
15:49:32.931	467.6
15:49:32.943	486.4
15:49:32.951	504.7
15:49:32.963	523.5
15:49:32.976	537.6
15:49:32.984	552.3
15:49:32.996	562.0
15:49:33.008	576.3
15:49:33.017	590.0
15:49:33.029	600.6
15:49:33.041	612.4
15:49:33.049	623.1
15:49:33.062	634.7
15:49:33.074	640.6
15:49:33.086	647.2
15:49:33.094	648.9
15:49:33.107	649.5
15:49:33.119	645.3
15:49:33.127	637.5
15:49:33.139	630.2
15:49:33.152	618.0
15:49:33.160	608.5
15:49:33.172	595.3
15:49:33.184	587.0
15:49:33.193	575.0
15:49:33.205	560.4
15:49:33.217	549.4
15:49:33.225	537.4
15:49:33.238	527.8
15:49:33.250	514.2
15:49:33.262	500.1
15:49:33.270	480.8
15:49:33.283	466.6
15:49:33.295	448.6
15:49:33.303	433.6
15:49:33.315	419.4
15:49:33.328	400.0
15:49:33.340	380.9
15:49:33.348	357.4
15:49:33.361	339.9
15:49:33.373	321.3
15:49:33.385	307.4
15:49:33.393	290.5
15:49:33.406	273.4
15:49:33.418	255.0
15:49:33.426	242.8
15:49:33.438	232.4
15:49:33.451	220.4
15:49:33.459	212.1
15:49:33.471	202.3
15:49:33.483	194.0
15:49:33.492	181.0
15:49:33.504	172.5
15:49:33.516	165.0
15:49:33.524	155.3
15:49:33.537	144.3
15:49:33.549	135.0
15:49:33.561	127.2
15:49:33.569	117.8
15:49:33.582	106.4
15:49:33.594	96.2
15:49:33.602	88.8
15:49:33.614	80.2
15:49:33.627	72.4
15:49:33.639	68.1
15:49:33.647	61.5
15:49:33.659	57.7
15:49:33.672	53.3
15:49:33.680	47.8
15:49:33.692	43.1
15:49:33.704	39.4
15:49:33.713	37.0
15:49:33.725	31.1
15:49:33.737	26.3
15:49:33.745	15.6
15:49:33.758	-3.5
15:49:33.770	-27.1
15:49:33.778	-50.8
15:49:33.791	-72.6
15:49:33.803	-94.7
15:49:33.815	-117.8
15:49:33.823	-141.6
15:49:33.836	-162.4
15:49:33.848	-181.9
15:49:33.856	-197.0
15:49:33.869	-205.1
15:49:33.881	-208.2
15:49:33.889	-214.4
15:49:33.901	-222.8
15:49:33.914	-229.5
15:49:33.926	-238.3
15:49:33.934	-244.3
15:49:33.946	-250.3
15:49:33.959	-258.5
15:49:33.967	-263.9
15:49:33.979	-267.3
15:49:33.991	-275.8
15:49:34.000	-279.3
15:49:34.012	-279.0
15:49:34.024	-278.4
15:49:34.032	-277.7
15:49:34.045	-276.4
15:49:34.057	-276.2
15:49:34.069	-273.2
15:49:34.077	-271.6
15:49:34.090	-269.2
15:49:34.102	-265.5
15:49:34.110	-261.7
15:49:34.122	-256.7
15:49:34.135	-255.2
15:49:34.143	-249.3
15:49:34.155	-246.3
15:49:34.167	-241.4
15:49:34.176	-237.1
15:49:34.188	-234.6
15:49:34.200	-231.5
15:49:34.212	-228.0
15:49:34.221	-225.5
15:49:34.233	-224.0
15:49:34.245	-219.9
15:49:34.253	-216.4
15:49:34.266	-210.6
15:49:34.278	-209.8
15:49:34.286	-206.6
15:49:34.298	-202.5
15:49:34.311	-200.8
15:49:34.323	-197.7
15:49:34.331	-193.9
15:49:34.343	-190.9
15:49:34.356	-189.5
15:49:34.364	-187.2
15:49:34.376	-186.8
15:49:34.388	-181.9
15:49:34.397	-180.2
15:49:34.409	-178.7
15:49:34.421	-176.6
15:49:34.430	-170.8
15:49:34.442	-167.7
15:49:34.454	-165.0
15:49:34.462	-162.7
15:49:34.475	-161.3
15:49:34.487	-158.8
15:49:34.499	-156.8
15:49:34.507	-155.6
15:49:34.520	-154.1
15:49:34.532	-152.5
15:49:34.540	-155.6
15:49:34.552	-154.1
15:49:34.565	-153.7
15:49:34.577	-152.5
15:49:34.585	-150.6
15:49:34.597	-148.2
15:49:34.610	-147.9
15:49:34.618	-146.8
15:49:34.630	-144.7
15:49:34.643	-142.2
15:49:34.651	-138.6
15:49:34.663	-138.4
15:49:34.675	-137.8
15:49:34.683	-134.4
15:49:34.696	-132.3
15:49:34.708	-133.0
15:49:34.716	-131.6
15:49:34.728	-128.2
15:49:34.741	-125.2
15:49:34.753	-126.9
15:49:34.761	-125.3
15:49:34.773	-123.0
15:49:34.786	-119.7
15:49:34.794	-119.6
15:49:34.806	-118.1
15:49:34.818	-116.0
15:49:34.827	-115.8
15:49:34.839	-119.2
15:49:34.852	-121.1
15:49:34.865	-118.5
15:49:34.873	-118.7
15:49:34.885	-118.5
15:49:34.897	-116.5
15:49:34.906	-115.0
15:49:34.918	-112.1
15:49:34.930	-112.2
15:49:34.938	-108.0
15:49:34.951	-104.4
15:49:34.963	-99.9
15:49:34.971	-94.4
15:49:34.983	-94.5
15:49:34.996	-92.0
15:49:35.008	-92.7
15:49:35.016	-90.1
15:49:35.028	-91.9
15:49:35.041	-89.6
15:49:35.049	-91.1
15:49:35.061	-87.8
15:49:35.073	-88.5
15:49:35.082	-89.5
15:49:35.094	-87.7
15:49:35.106	-88.2
15:49:35.114	-87.1
15:49:35.126	-85.4
15:49:35.138	-82.4
15:49:35.146	-81.6
15:49:35.158	-78.9
15:49:35.171	-78.8
15:49:35.183	-76.5
15:49:35.191	-75.0
15:49:35.204	-74.3
15:49:35.216	-71.2
15:49:35.224	-69.7
15:49:35.236	-68.6
15:49:35.249	-66.7
15:49:35.261	-63.6
15:49:35.269	-62.0
15:49:35.281	-62.5
15:49:35.294	-62.7
15:49:35.302	-63.0
15:49:35.314	-61.1
15:49:35.326	-58.6
15:49:35.335	-54.1
15:49:35.347	-54.8
15:49:35.359	-55.3
15:49:35.367	-56.1
15:49:35.380	-56.7
15:49:35.392	-55.1
15:49:35.400	-56.0
15:49:35.412	-56.1
15:49:35.425	-57.2
15:49:35.437	-59.1
15:49:35.445	-63.3
15:49:35.458	-63.0
15:49:35.470	-64.4
15:49:35.478	-64.5
15:49:35.490	-64.5
15:49:35.503	-65.7
15:49:35.515	-62.8
15:49:35.523	-61.8
15:49:35.535	-61.6
15:49:35.548	-61.6
15:49:35.560	-61.7
15:49:35.568	-61.9
15:49:35.580	-61.1
15:49:35.593	-61.9
15:49:35.601	-62.4
15:49:35.613	-60.1
15:49:35.625	-61.2
15:49:35.634	-60.4
15:49:35.646	-57.5
15:49:35.658	-55.7
15:49:35.666	-52.9
15:49:35.679	-50.1
15:49:35.691	-45.2
15:49:35.700	-39.4
15:49:35.712	-35.3
15:49:35.725	-32.5
15:49:35.737	-29.4
15:49:35.745	-27.6
15:49:35.757	-25.6
15:49:35.770	-25.6
15:49:35.778	-24.1
15:49:35.790	-24.4
15:49:35.802	-25.2
15:49:35.811	-26.4
15:49:35.823	-26.0
15:49:35.835	-24.7
15:49:35.847	-25.7
15:49:35.856	-24.4
15:49:35.868	-24.1
15:49:35.880	-21.3
15:49:35.888	-20.4
15:49:35.901	-18.3
15:49:35.913	-16.0
15:49:35.921	-18.8
15:49:35.933	-17.7
15:49:35.946	-18.5
15:49:35.954	-17.7
15:49:35.966	-16.9
15:49:35.979	-15.4
15:49:35.991	-16.6
15:49:35.999	-17.7
15:49:36.011	-17.5
15:49:36.023	-18.1
15:49:36.032	-15.5
15:49:36.044	-15.5
15:49:36.056	-15.7
15:49:36.065	-15.9
15:49:36.077	-15.9
15:49:36.089	-16.0
15:49:36.097	-13.6
15:49:36.110	-11.9
15:49:36.122	-12.7
15:49:36.134	-14.2
15:49:36.142	-13.6
15:49:36.155	-14.9
15:49:36.167	-17.0
15:49:36.175	-15.2
15:49:36.187	-15.4
15:49:36.200	-15.5
15:49:36.208	-16.7
15:49:36.220	-17.6
15:49:36.232	-18.1
15:49:36.245	-18.6
15:49:36.253	-17.2
15:49:36.265	-18.0
15:49:36.277	-15.5
15:49:36.286	-16.8
15:49:36.298	-14.3
15:49:36.310	-15.4
15:49:36.318	-16.2
15:49:36.331	-14.6
15:49:36.343	-13.1
15:49:36.351	-12.2
15:49:36.364	-11.2
15:49:36.376	-10.3
15:49:36.384	-10.2
15:49:36.397	-8.4
15:49:36.409	-9.4
15:49:36.421	-9.2
15:49:36.429	-10.0
15:49:36.441	-11.4
15:49:36.454	-11.2
15:49:36.462	-10.7
15:49:36.474	-12.4
15:49:36.486	-11.6
15:49:36.499	-10.1
15:49:36.507	-9.3
15:49:36.519	-9.7
15:49:36.531	-7.9
15:49:36.540	-4.5
15:49:36.552	-3.4
15:49:36.564	-4.2
15:49:36.572	-2.6
15:49:36.585	-2.1
15:49:36.597	-2.1
15:49:36.605	-2.7
15:49:36.617	-4.5
15:49:36.630	-4.5
15:49:36.638	-3.7
15:49:36.650	-3.9
15:49:36.662	-2.6
15:49:36.675	-0.6
15:49:36.683	0.0
15:49:36.695	2.0
15:49:36.707	2.9
15:49:36.716	4.5
15:49:36.728	7.1
15:49:36.740	6.9
15:49:36.748	6.7
15:49:36.761	5.7
15:49:36.773	5.9
15:49:36.785	6.2
15:49:36.793	4.3
15:49:36.806	3.3
15:49:36.818	6.2
15:49:36.826	6.8
15:49:36.838	6.8
15:49:36.851	8.7
15:49:36.859	10.3
15:49:36.871	11.6
15:49:36.884	9.0
15:49:36.892	9.0
15:49:36.904	10.1
15:49:36.916	11.0
15:49:36.929	10.5
15:49:36.937	10.6
15:49:36.949	11.0
15:49:36.961	11.3
15:49:36.970	10.5
15:49:36.982	12.3
15:49:36.994	15.9
15:49:37.002	17.3
15:49:37.015	18.3
15:49:37.027	20.1
15:49:37.035	23.4
15:49:37.047	25.2
15:49:37.060	25.7
15:49:37.068	29.1
15:49:37.080	31.4
15:49:37.092	32.6
15:49:37.105	35.9
15:49:37.113	36.1
15:49:37.125	39.4
15:49:37.137	42.6
15:49:37.146	42.0
15:49:37.158	42.4
15:49:37.170	46.8
15:49:37.182	48.9
15:49:37.191	53.6
15:49:37.203	61.7
15:49:37.215	70.5
15:49:37.223	84.4
15:49:37.236	96.2
15:49:37.248	106.6
15:49:37.256	117.4
15:49:37.269	129.0
15:49:37.281	136.5
15:49:37.289	144.5
15:49:37.301	150.8
15:49:37.314	153.4
15:49:37.326	152.1
15:49:37.334	151.8
15:49:37.346	148.4
15:49:37.359	146.8
15:49:37.367	145.7
15:49:37.379	141.9
15:49:37.391	139.6
15:49:37.404	137.7
15:49:37.412	134.3
15:49:37.424	134.5
15:49:37.436	136.1
15:49:37.445	132.4
15:49:37.457	132.9
15:49:37.469	132.3
15:49:37.481	130.2
15:49:37.490	132.5
15:49:37.502	132.6
15:49:37.514	132.0
15:49:37.522	133.1
15:49:37.535	130.1
15:49:37.547	129.3
15:49:37.555	135.0
15:49:37.567	135.8
15:49:37.580	137.0
15:49:37.588	140.8
15:49:37.600	153.8
15:49:37.612	170.3
15:49:37.621	187.1
15:49:37.633	207.6
15:49:37.645	227.4
15:49:37.657	247.3
15:49:37.666	262.5
15:49:37.678	281.9
15:49:37.690	301.4
15:49:37.698	320.9
15:49:37.711	328.1
15:49:37.723	333.2
15:49:37.731	339.1
15:49:37.744	338.3
15:49:37.756	340.0
15:49:37.768	337.9
15:49:37.776	335.9
15:49:37.789	334.6
15:49:37.801	333.3
15:49:37.808	330.9
15:49:37.821	328.4
15:49:37.833	327.8
15:49:37.841	325.8
15:49:37.853	326.0
15:49:37.866	327.9
15:49:37.874	331.5
15:49:37.886	333.5
15:49:37.899	334.8
15:49:37.911	333.6
15:49:37.919	331.6
15:49:37.931	334.3
15:49:37.944	338.9
15:49:37.952	350.7
15:49:37.964	362.2
15:49:37.976	372.3
15:49:37.985	382.4
15:49:37.997	392.2
15:49:38.009	400.9
15:49:38.017	412.9
15:49:38.030	426.0
15:49:38.042	434.0
15:49:38.054	437.8
15:49:38.062	435.5
15:49:38.075	434.6
15:49:38.087	430.3
15:49:38.095	425.5
15:49:38.107	420.4
15:49:38.120	416.3
15:49:38.128	408.9
15:49:38.140	400.8
15:49:38.153	392.9
15:49:38.165	386.2
15:49:38.173	378.6
15:49:38.185	369.2
15:49:38.198	363.6
15:49:38.206	354.2
15:49:38.218	347.6
15:49:38.230	339.6
15:49:38.239	333.6
15:49:38.251	328.6
15:49:38.263	325.4
15:49:38.271	319.6
15:49:38.284	311.7
15:49:38.296	308.6
15:49:38.304	302.9
15:49:38.316	300.3
15:49:38.329	296.2
15:49:38.341	290.7
15:49:38.349	287.5
15:49:38.361	285.9
15:49:38.374	282.6
15:49:38.382	282.4
15:49:38.394	288.1
15:49:38.406	292.2
15:49:38.419	298.9
15:49:38.427	305.7
15:49:38.439	312.5
15:49:38.451	321.4
15:49:38.460	326.4
15:49:38.472	331.2
15:49:38.484	335.6
15:49:38.492	341.0
15:49:38.505	341.9
15:49:38.517	340.9
15:49:38.525	336.5
15:49:38.537	333.3
15:49:38.550	331.8
15:49:38.558	328.3
15:49:38.570	326.8
15:49:38.583	320.6
15:49:38.595	318.2
15:49:38.603	313.3
15:49:38.615	309.4
15:49:38.628	304.5
15:49:38.636	303.0
15:49:38.648	299.4
15:49:38.661	292.7
15:49:38.669	288.5
15:49:38.681	284.4
15:49:38.693	284.0
15:49:38.705	278.7
15:49:38.714	275.1
15:49:38.726	269.6
15:49:38.738	264.3
15:49:38.746	257.7
15:49:38.759	255.3
15:49:38.771	253.7
15:49:38.779	250.5
15:49:38.791	246.5
15:49:38.804	240.0
15:49:38.812	239.2
15:49:38.824	236.0
15:49:38.837	233.6
15:49:38.849	231.6
15:49:38.857	229.3
15:49:38.869	222.1
15:49:38.882	216.2
15:49:38.890	211.0
15:49:38.902	203.7
15:49:38.914	197.7
15:49:38.923	187.9
15:49:38.935	180.4
15:49:38.947	173.8
15:49:38.955	165.1
15:49:38.968	157.3
15:49:38.980	150.9
15:49:38.988	144.6
15:49:39.000	136.8
15:49:39.013	131.9
15:49:39.025	126.4
15:49:39.033	120.7
15:49:39.045	112.5
15:49:39.058	104.3
15:49:39.066	99.0
15:49:39.078	92.2
15:49:39.090	86.0
15:49:39.103	78.8
15:49:39.111	71.8
15:49:39.123	65.0
15:49:39.135	60.3
15:49:39.144	54.5
15:49:39.156	53.4
15:49:39.168	46.2
15:49:39.176	41.0
15:49:39.189	35.8
15:49:39.201	31.8
15:49:39.209	30.9
15:49:39.221	28.7
15:49:39.234	26.4
15:49:39.242	23.7
15:49:39.254	23.6
15:49:39.266	20.1
15:49:39.279	18.7
15:49:39.287	17.6
15:49:39.299	14.9
15:49:39.312	11.7
15:49:39.320	4.7
15:49:39.332	2.7
15:49:39.345	-3.6
15:49:39.357	-9.4
15:49:39.365	-17.3
15:49:39.377	-25.0
15:49:39.390	-29.9
15:49:39.398	-38.2
15:49:39.410	-46.5
15:49:39.422	-55.6
15:49:39.431	-62.1
15:49:39.443	-72.6
15:49:39.455	-79.3
15:49:39.463	-87.3
15:49:39.476	-93.9
15:49:39.488	-102.7
15:49:39.500	-111.7
15:49:39.509	-121.8
15:49:39.521	-130.5
15:49:39.533	-140.3
15:49:39.541	-151.2
15:49:39.554	-158.0
15:49:39.566	-166.8
15:49:39.578	-175.5
15:49:39.586	-184.1
15:49:39.599	-189.5
15:49:39.611	-196.3
15:49:39.619	-202.6
15:49:39.631	-207.9
15:49:39.644	-211.1
15:49:39.652	-212.6
15:49:39.664	-219.8
15:49:39.677	-226.7
15:49:39.689	-236.7
15:49:39.697	-245.3
15:49:39.709	-253.9
15:49:39.721	-261.0
15:49:39.730	-266.1
15:49:39.742	-273.5
15:49:39.754	-281.8
15:49:39.762	-287.7
15:49:39.775	-294.0
15:49:39.787	-299.6
15:49:39.795	-302.2
15:49:39.807	-306.8
15:49:39.820	-312.1
15:49:39.832	-317.3
15:49:39.840	-323.6
15:49:39.852	-327.8
15:49:39.865	-331.5
15:49:39.873	-339.4
15:49:39.885	-341.8
15:49:39.898	-345.2
15:49:39.906	-348.2
15:49:39.918	-351.2
15:49:39.930	-356.1
15:49:39.939	-358.7
15:49:39.951	-360.8
15:49:39.963	-361.1
15:49:39.975	-361.6
15:49:39.984	-359.6
15:49:39.996	-361.6
15:49:40.008	-363.3
15:49:40.016	-364.0
15:49:40.029	-364.2
15:49:40.041	-360.5
15:49:40.049	-360.4
15:49:40.061	-360.7
15:49:40.074	-363.1
15:49:40.086	-366.8
15:49:40.094	-373.9
15:49:40.106	-381.8
15:49:40.119	-389.3
15:49:40.127	-398.4
15:49:40.139	-409.2
15:49:40.151	-418.0
15:49:40.160	-426.7
15:49:40.172	-432.1
15:49:40.184	-439.6
15:49:40.192	-442.5
15:49:40.205	-444.9
15:49:40.217	-443.4
15:49:40.225	-441.0
15:49:40.237	-437.9
15:49:40.250	-431.2
15:49:40.262	-430.9
15:49:40.270	-426.9
15:49:40.283	-425.0
15:49:40.295	-420.8
15:49:40.303	-419.4
15:49:40.316	-416.6
15:49:40.328	-414.5
15:49:40.340	-411.8
15:49:40.348	-408.8
15:49:40.360	-406.3
15:49:40.373	-400.7
15:49:40.381	-397.9
15:49:40.393	-393.6
15:49:40.405	-390.9
15:49:40.414	-387.4
15:49:40.426	-382.8
15:49:40.438	-378.0
15:49:40.446	-373.5
15:49:40.459	-369.7
15:49:40.471	-367.2
15:49:40.479	-363.1
15:49:40.491	-358.3
15:49:40.504	-356.8
15:49:40.516	-353.0
15:49:40.524	-349.0
15:49:40.536	-347.5
15:49:40.549	-343.9
15:49:40.557	-342.9
15:49:40.569	-338.9
15:49:40.582	-335.0
15:49:40.590	-332.1
15:49:40.602	-327.1
15:49:40.614	-323.5
15:49:40.626	-319.4
15:49:40.635	-314.7
15:49:40.647	-308.2
15:49:40.659	-305.1
15:49:40.667	-298.8
15:49:40.680	-294.7
15:49:40.692	-290.9
15:49:40.700	-288.2
15:49:40.713	-286.9
15:49:40.725	-282.1
15:49:40.733	-277.6
15:49:40.746	-275.6
15:49:40.758	-272.6
15:49:40.770	-269.1
15:49:40.778	-268.0
15:49:40.791	-264.8
15:49:40.803	-261.0
15:49:40.811	-257.0
15:49:40.823	-252.5
15:49:40.836	-248.2
15:49:40.844	-244.3
15:49:40.856	-241.7
15:49:40.868	-239.4
15:49:40.877	-233.5
15:49:40.889	-229.6
15:49:40.901	-226.5
15:49:40.909	-223.9
15:49:40.922	-220.0
15:49:40.934	-218.1
15:49:40.946	-214.9
15:49:40.954	-212.3
15:49:40.967	-209.1
15:49:40.979	-207.6
15:49:40.987	-208.3
15:49:41.000	-203.6
15:49:41.012	-200.4
15:49:41.024	-198.1
15:49:41.032	-194.3
15:49:41.045	-190.1
15:49:41.057	-189.7
15:49:41.065	-189.4
15:49:41.077	-185.8
15:49:41.090	-182.2
15:49:41.098	-178.7
15:49:41.110	-179.2
15:49:41.122	-177.5
15:49:41.131	-172.9
15:49:41.143	-172.6
15:49:41.155	-170.8
15:49:41.164	-166.0
15:49:41.176	-162.0
15:49:41.188	-158.5
15:49:41.200	-158.9
15:49:41.209	-158.0
15:49:41.221	-152.5
15:49:41.233	-151.9
15:49:41.245	-152.0
15:49:41.254	-147.2
15:49:41.266	-146.2
15:49:41.278	-146.3
15:49:41.286	-145.3
15:49:41.299	-144.5
15:49:41.311	-141.5
15:49:41.323	-138.3
15:49:41.332	-138.0
15:49:41.344	-134.3
15:49:41.356	-131.9
15:49:41.364	-131.4
15:49:41.377	-128.6
15:49:41.389	-125.3
15:49:41.397	-122.3
15:49:41.409	-120.5
15:49:41.422	-116.6
15:49:41.430	-114.6
15:49:41.442	-112.1
15:49:41.454	-110.9
15:49:41.463	-108.3
15:49:41.475	-105.9
15:49:41.487	-107.7
15:49:41.499	-104.6
15:49:41.508	-104.4
15:49:41.520	-104.8
15:49:41.532	-103.9
15:49:41.540	-103.2
15:49:41.553	-99.4
15:49:41.565	-95.5
15:49:41.573	-91.4
15:49:41.585	-89.3
15:49:41.598	-85.3
15:49:41.610	-83.1
15:49:41.618	-79.3
15:49:41.630	-74.7
15:49:41.643	-72.4
15:49:41.651	-67.4
15:49:41.663	-67.2
15:49:41.675	-65.9
15:49:41.684	-65.9
15:49:41.696	-65.3
15:49:41.708	-63.4
15:49:41.716	-63.2
15:49:41.729	-63.3
15:49:41.741	-62.0
15:49:41.753	-59.2
15:49:41.761	-60.5
15:49:41.774	-61.8
15:49:41.786	-61.5
15:49:41.794	-60.9
15:49:41.807	-61.8
15:49:41.819	-59.8
15:49:41.827	-61.4
15:49:41.839	-60.5
15:49:41.852	-60.5
15:49:41.860	-59.7
15:49:41.872	-58.4
15:49:41.884	-54.4
15:49:41.897	-52.7
15:49:41.905	-50.5
15:49:41.917	-49.1
15:49:41.929	-48.3
15:49:41.938	-44.9
15:49:41.950	-43.0
15:49:41.962	-42.8
15:49:41.970	-40.7
15:49:41.983	-39.2
15:49:41.995	-40.7
15:49:42.007	-41.6
15:49:42.015	-42.9
15:49:42.028	-43.5
15:49:42.040	-42.8
15:49:42.048	-43.7
15:49:42.060	-43.7
15:49:42.073	-41.7
15:49:42.081	-44.7
15:49:42.093	-43.5
15:49:42.105	-41.4
15:49:42.114	-42.0
15:49:42.126	-40.9
15:49:42.138	-38.6
15:49:42.146	-37.5
15:49:42.159	-36.2
15:49:42.171	-36.6
15:49:42.183	-36.0
15:49:42.191	-32.5
15:49:42.204	-32.9
15:49:42.216	-33.3
15:49:42.224	-30.3
15:49:42.236	-29.3
15:49:42.249	-29.2
15:49:42.261	-27.6
15:49:42.269	-26.5
15:49:42.281	-24.4
15:49:42.294	-22.2
15:49:42.302	-22.4
15:49:42.314	-19.7
15:49:42.327	-16.0
15:49:42.335	-11.9
15:49:42.347	-7.3
15:49:42.359	-2.2
15:49:42.367	-0.7
15:49:42.380	3.8
15:49:42.392	7.1
15:49:42.400	8.8
15:49:42.413	11.4
15:49:42.425	12.7
15:49:42.437	16.0
15:49:42.445	15.0
15:49:42.458	17.6
15:49:42.470	17.8
15:49:42.478	20.8
15:49:42.490	22.7
15:49:42.503	25.4
15:49:42.511	28.7
15:49:42.523	32.5
15:49:42.535	35.7
15:49:42.548	35.9
15:49:42.556	35.6
15:49:42.568	33.2
15:49:42.580	33.8
15:49:42.589	33.0
15:49:42.601	32.0
15:49:42.613	32.4
15:49:42.621	31.4
15:49:42.634	31.8
15:49:42.646	30.3
15:49:42.654	31.2
15:49:42.667	33.5
15:49:42.679	34.7
15:49:42.691	35.8
15:49:42.699	35.3
15:49:42.712	36.1
15:49:42.724	34.1
15:49:42.732	33.6
15:49:42.744	31.6
15:49:42.757	31.8
15:49:42.765	31.7
15:49:42.777	32.1
15:49:42.789	31.1
15:49:42.798	27.4
15:49:42.810	29.4
15:49:42.822	28.0
15:49:42.830	30.0
15:49:42.843	30.0
15:49:42.855	29.0
15:49:42.867	26.3
15:49:42.875	24.6
15:49:42.888	23.7
15:49:42.900	24.6
15:49:42.908	27.0
15:49:42.920	24.3
15:49:42.933	24.1
15:49:42.945	21.1
15:49:42.953	22.4
15:49:42.965	22.8
15:49:42.978	26.4
15:49:42.986	26.3
15:49:42.998	27.1
15:49:43.011	24.9
15:49:43.019	24.8
15:49:43.031	27.1
15:49:43.043	27.4
15:49:43.051	28.8
15:49:43.064	22.4
15:49:43.076	20.5
15:49:43.084	16.7
15:49:43.096	15.4
15:49:43.109	11.7
15:49:43.121	9.2
15:49:43.129	8.8
15:49:43.141	4.5
15:49:43.154	3.4
15:49:43.162	-0.3
15:49:43.174	1.5
15:49:43.187	0.5
15:49:43.199	-0.6
15:49:43.207	-2.5
15:49:43.219	-2.6
15:49:43.232	-1.5
15:49:43.240	-4.7
15:49:43.252	-5.1
15:49:43.264	-8.5
15:49:43.273	-9.3
15:49:43.285	-9.8
15:49:43.297	-11.0
15:49:43.305	-12.3
15:49:43.318	-14.3
15:49:43.330	-15.2
15:49:43.338	-18.1
15:49:43.350	-18.6
15:49:43.363	-21.6
15:49:43.375	-23.8
15:49:43.383	-25.7
15:49:43.396	-27.8
15:49:43.408	-29.3
15:49:43.420	-32.2
15:49:43.428	-34.2
15:49:43.440	-37.3
15:49:43.453	-37.8
15:49:43.461	-40.5
15:49:43.473	-40.7
15:49:43.485	-41.7
15:49:43.494	-40.9
15:49:43.506	-43.6
15:49:43.518	-46.5
15:49:43.530	-46.6
15:49:43.539	-46.6
15:49:43.551	-46.7
15:49:43.563	-49.1
15:49:43.571	-48.5
15:49:43.584	-50.7
15:49:43.596	-49.8
15:49:43.604	-53.7
15:49:43.617	-54.3
15:49:43.629	-53.4
15:49:43.637	-53.1
15:49:43.649	-54.1
15:49:43.662	-55.7
15:49:43.674	-55.4
15:49:43.682	-58.6
15:49:43.695	-58.6
15:49:43.707	-61.3
15:49:43.715	-58.6
15:49:43.727	-59.1
15:49:43.739	-62.3
15:49:43.748	-64.6
15:49:43.760	-66.3
15:49:43.772	-67.3
15:49:43.780	-70.1
15:49:43.793	-69.2
15:49:43.805	-70.0
15:49:43.817	-71.2
15:49:43.825	-74.5
15:49:43.838	-74.2
15:49:43.850	-75.2
15:49:43.858	-79.6
15:49:43.871	-84.2
15:49:43.883	-88.7
15:49:43.891	-92.8
15:49:43.904	-98.4
15:49:43.916	-104.5
15:49:43.928	-110.9
15:49:43.936	-116.3
15:49:43.949	-123.6
15:49:43.961	-126.4
15:49:43.969	-128.4
15:49:43.981	-130.1
15:49:43.994	-132.8
15:49:44.002	-134.9
15:49:44.014	-137.1
15:49:44.027	-136.7
15:49:44.035	-133.5
15:49:44.047	-134.3
15:49:44.059	-135.4
15:49:44.068	-137.0
15:49:44.080	-139.2
15:49:44.092	-141.7
15:49:44.104	-142.3
15:49:44.113	-140.4
15:49:44.125	-143.3
15:49:44.137	-146.5
15:49:44.145	-151.7
15:49:44.158	-154.4
15:49:44.170	-154.9
15:49:44.182	-156.7
15:49:44.190	-157.0
15:49:44.203	-156.7
15:49:44.215	-155.6
15:49:44.223	-159.8
15:49:44.235	-158.8
15:49:44.248	-158.7
15:49:44.256	-155.8
15:49:44.268	-154.0
15:49:44.280	-153.9
15:49:44.289	-152.5
15:49:44.301	-150.3
15:49:44.313	-149.0
15:49:44.321	-148.4
15:49:44.334	-144.6
15:49:44.345	-141.4
15:49:44.357	-138.6
15:49:44.366	-139.0
15:49:44.378	-136.4
15:49:44.390	-134.1
15:49:44.398	-131.8
15:49:44.411	-129.5
15:49:44.423	-124.8
15:49:44.431	-123.9
15:49:44.443	-120.7
15:49:44.456	-118.9
15:49:44.468	-117.9
15:49:44.476	-115.6
15:49:44.488	-115.2
15:49:44.502	-115.3
15:49:44.510	-111.0
15:49:44.522	-110.0
15:49:44.535	-110.1
15:49:44.542	-108.2
15:49:44.554	-108.3
15:49:44.567	-107.9
15:49:44.575	-106.7
15:49:44.587	-106.9
15:49:44.599	-106.0
15:49:44.612	-100.2
15:49:44.620	-102.8
15:49:44.632	-102.0
15:49:44.645	-101.8
15:49:44.653	-100.0
15:49:44.665	-97.3
15:49:44.677	-95.6
15:49:44.685	-93.9
15:49:44.698	-89.1
15:49:44.710	-85.8
15:49:44.718	-86.6
15:49:44.731	-85.3
15:49:44.743	-86.3
15:49:44.751	-84.5
15:49:44.763	-84.8
15:49:44.776	-85.0
15:49:44.788	-83.5
15:49:44.796	-81.3
15:49:44.809	-81.8
15:49:44.821	-79.2
15:49:44.829	-77.6
15:49:44.841	-75.7
15:49:44.853	-70.5
15:49:44.866	-69.7
15:49:44.874	-67.8
15:49:44.886	-66.9
15:49:44.898	-66.9
15:49:44.907	-66.8
15:49:44.919	-66.1
15:49:44.931	-68.1
15:49:44.939	-67.3
15:49:44.952	-66.9
15:49:44.964	-67.2
15:49:44.972	-65.8
15:49:44.984	-64.1
15:49:44.997	-64.4
15:49:45.005	-62.0
15:49:45.017	-62.5
15:49:45.029	-61.9
15:49:45.042	-59.2
15:49:45.050	-59.3
15:49:45.062	-57.1
15:49:45.074	-56.9
15:49:45.083	-55.2
15:49:45.095	-54.9
15:49:45.107	-52.6
15:49:45.120	-53.0
15:49:45.128	-49.6
15:49:45.140	-48.3
15:49:45.152	-47.2
15:49:45.160	-45.4
15:49:45.173	-45.3
15:49:45.185	-39.9
15:49:45.194	-38.2
15:49:45.206	-32.8
15:49:45.218	-30.0
15:49:45.226	-21.7
15:49:45.238	-18.7
15:49:45.251	-13.1
15:49:45.259	-10.3
15:49:45.271	-7.9
15:49:45.283	-3.3
15:49:45.296	-3.2
15:49:45.304	-0.4
15:49:45.316	-0.1
15:49:45.329	1.8
15:49:45.337	0.8
15:49:45.349	2.2
15:49:45.361	2.7
15:49:45.369	4.6
15:49:45.382	5.8
15:49:45.394	5.8
15:49:45.402	6.0
15:49:45.415	6.2
15:49:45.427	6.1
15:49:45.439	6.8
15:49:45.447	6.8
15:49:45.460	6.9
15:49:45.472	8.4
15:49:45.480	7.7
15:49:45.492	9.6
15:49:45.505	9.2
15:49:45.513	8.0
15:49:45.525	8.7
15:49:45.537	9.7
15:49:45.550	9.3
15:49:45.558	7.0
15:49:45.570	8.4
15:49:45.582	8.3
15:49:45.591	7.8
15:49:45.603	7.8
15:49:45.615	11.9
15:49:45.628	15.6
15:49:45.636	16.1
15:49:45.648	17.6
15:49:45.660	17.3
15:49:45.669	18.9
15:49:45.681	19.4
15:49:45.693	20.6
15:49:45.701	22.7
15:49:45.714	23.2
15:49:45.726	23.2
15:49:45.738	26.0
15:49:45.746	28.7
15:49:45.759	30.0
15:49:45.771	33.6
15:49:45.779	38.4
15:49:45.791	40.6
15:49:45.804	40.6
15:49:45.812	44.7
15:49:45.824	45.8
15:49:45.837	45.9
15:49:45.849	44.8
15:49:45.857	43.3
15:49:45.869	43.2
15:49:45.881	44.3
15:49:45.890	43.0
15:49:45.902	43.6
15:49:45.914	44.4
15:49:45.922	45.7
15:49:45.935	47.1
15:49:45.947	48.1
15:49:45.955	47.0
15:49:45.967	47.7
15:49:45.980	46.7
15:49:45.988	47.3
15:49:46.000	47.3
15:49:46.013	47.6
15:49:46.025	50.6
15:49:46.033	49.5
15:49:46.045	50.8
15:49:46.058	52.3
15:49:46.066	52.4
15:49:46.078	54.6
15:49:46.090	57.8
15:49:46.103	58.6
15:49:46.111	59.7
15:49:46.123	60.2
15:49:46.135	57.6
15:49:46.144	55.6
15:49:46.156	54.8
15:49:46.168	53.8
15:49:46.176	55.8
15:49:46.189	57.9
15:49:46.201	62.7
15:49:46.209	70.6
15:49:46.221	80.7
15:49:46.234	87.8
15:49:46.242	97.3
15:49:46.254	107.2
15:49:46.266	116.2
15:49:46.279	123.6
15:49:46.287	131.6
15:49:46.299	135.8
15:49:46.311	139.7
15:49:46.320	137.8
15:49:46.332	135.2
15:49:46.344	135.5
15:49:46.352	134.3
15:49:46.365	131.0
15:49:46.377	128.2
15:49:46.389	126.9
15:49:46.397	127.1
15:49:46.410	127.1
15:49:46.422	123.8
15:49:46.430	122.6
15:49:46.442	122.1
15:49:46.455	119.8
15:49:46.463	118.7
15:49:46.475	119.0
15:49:46.488	117.4
15:49:46.496	115.5
15:49:46.508	113.1
15:49:46.520	110.2
15:49:46.533	107.9
15:49:46.541	107.4
15:49:46.553	106.1
15:49:46.565	104.2
15:49:46.574	102.3
15:49:46.586	101.2
15:49:46.598	101.6
15:49:46.606	102.4
15:49:46.619	100.5
15:49:46.631	100.7
15:49:46.639	102.3
15:49:46.651	101.4
15:49:46.664	100.7
15:49:46.672	100.8
15:49:46.684	101.4
15:49:46.696	100.3
15:49:46.709	99.7
15:49:46.717	99.3
15:49:46.729	100.8
15:49:46.742	101.0
15:49:46.750	98.9
15:49:46.762	97.6
15:49:46.774	97.6
15:49:46.786	97.6
15:49:46.795	98.4
15:49:46.807	97.3
15:49:46.819	98.7
15:49:46.827	99.7
15:49:46.840	97.2
15:49:46.852	95.7
15:49:46.860	94.7
15:49:46.872	95.2
15:49:46.885	91.5
15:49:46.893	91.4
15:49:46.905	88.1
15:49:46.918	87.9
15:49:46.926	86.6
15:49:46.938	83.9
15:49:46.951	84.1
15:49:46.963	84.7
15:49:46.971	84.8
15:49:46.983	83.7
15:49:46.996	85.6
15:49:47.004	84.2
15:49:47.016	83.3
15:49:47.029	83.0
15:49:47.041	81.5
15:49:47.049	83.9
15:49:47.061	82.5
15:49:47.073	81.7
15:49:47.082	79.3
15:49:47.094	78.9
15:49:47.106	76.8
15:49:47.114	74.7
15:49:47.127	74.5
15:49:47.139	70.3
15:49:47.147	69.7
15:49:47.159	65.1
15:49:47.172	64.8
15:49:47.180	62.5
15:49:47.192	63.2
15:49:47.204	62.9
15:49:47.217	64.1
15:49:47.225	64.5
15:49:47.237	64.2
15:49:47.250	67.9
15:49:47.258	67.9
15:49:47.270	70.0
15:49:47.282	71.5
15:49:47.291	73.6
15:49:47.303	73.5
15:49:47.315	71.8
15:49:47.328	70.7
15:49:47.336	70.4
15:49:47.348	72.8
15:49:47.360	71.7
15:49:47.372	73.8
15:49:47.381	72.9
15:49:47.393	72.1
15:49:47.405	70.8
15:49:47.414	71.0
15:49:47.426	71.9
15:49:47.438	72.0
15:49:47.446	70.8
15:49:47.459	65.5
15:49:47.471	64.2
15:49:47.479	58.7
15:49:47.491	56.2
15:49:47.504	52.7
15:49:47.516	48.9
15:49:47.524	45.1
15:49:47.536	40.8
15:49:47.549	37.6
15:49:47.557	34.9
15:49:47.569	34.6
15:49:47.581	31.1
15:49:47.590	29.9
15:49:47.602	26.6
15:49:47.614	24.3
15:49:47.622	22.1
15:49:47.635	21.2
15:49:47.647	19.6
15:49:47.659	15.8
15:49:47.667	12.9
15:49:47.680	9.1
15:49:47.692	7.4
15:49:47.700	5.6
15:49:47.713	2.4
15:49:47.725	1.9
15:49:47.733	-0.3
15:49:47.745	-4.3
15:49:47.757	-4.9
15:49:47.770	-6.1
15:49:47.778	-7.3
15:49:47.790	-8.3
15:49:47.803	-8.4
15:49:47.811	-8.9
15:49:47.823	-6.5
15:49:47.835	-8.7
15:49:47.843	-7.0
15:49:47.856	-3.9
15:49:47.868	-3.8
15:49:47.876	-1.9
15:49:47.889	1.4
15:49:47.901	3.1
15:49:47.909	5.6
15:49:47.921	5.8
15:49:47.934	6.2
15:49:47.946	8.6
15:49:47.954	10.8
15:49:47.966	10.2
15:49:47.979	7.8
15:49:47.987	6.7
15:49:47.999	5.1
15:49:48.011	5.1
15:49:48.024	2.6
15:49:48.032	1.5
15:49:48.044	-0.8
15:49:48.056	-3.8
15:49:48.065	-6.6
15:49:48.077	-6.9
15:49:48.089	-4.5
15:49:48.097	-5.5
15:49:48.110	-8.2
15:49:48.122	-17.5
15:49:48.130	-25.9
15:49:48.142	-34.1
15:49:48.155	-42.3
15:49:48.163	-51.1
15:49:48.175	-61.2
15:49:48.187	-70.6
15:49:48.200	-80.6
15:49:48.208	-85.5
15:49:48.220	-91.7
15:49:48.232	-92.7
15:49:48.241	-92.7
15:49:48.253	-92.7
15:49:48.265	-92.4
15:49:48.273	-89.8
15:49:48.286	-88.4
15:49:48.298	-87.2
15:49:48.310	-85.3
15:49:48.318	-87.1
15:49:48.331	-86.2
15:49:48.343	-84.5
15:49:48.351	-84.1
15:49:48.364	-84.5
15:49:48.376	-83.2
15:49:48.384	-83.7
15:49:48.396	-82.5
15:49:48.409	-81.6
15:49:48.417	-80.1
15:49:48.429	-79.0
15:49:48.441	-79.1
15:49:48.454	-77.7
15:49:48.462	-77.2
15:49:48.474	-75.8
15:49:48.487	-75.9
15:49:48.495	-75.0
15:49:48.507	-74.5
15:49:48.519	-74.7
15:49:48.528	-74.1
15:49:48.540	-72.7
15:49:48.552	-70.2
15:49:48.560	-70.4
15:49:48.573	-70.8
15:49:48.585	-71.5
15:49:48.593	-70.9
15:49:48.605	-70.6
15:49:48.618	-70.7
15:49:48.630	-70.3
15:49:48.638	-71.2
15:49:48.650	-70.6
15:49:48.663	-72.2
15:49:48.671	-72.7
15:49:48.683	-71.1
15:49:48.696	-71.1
15:49:48.708	-70.2
15:49:48.716	-71.3
15:49:48.728	-69.7
15:49:48.741	-70.0
15:49:48.749	-70.5
15:49:48.761	-71.8
15:49:48.773	-70.4
15:49:48.781	-70.2
15:49:48.794	-69.4
15:49:48.806	-68.7
15:49:48.814	-68.9
15:49:48.827	-66.4
15:49:48.839	-65.3
15:49:48.847	-61.9
15:49:48.859	-58.3
15:49:48.872	-56.3
15:49:48.884	-54.8
15:49:48.892	-51.9
15:49:48.904	-51.3
15:49:48.917	-48.6
15:49:48.925	-48.4
15:49:48.937	-47.0
15:49:48.949	-46.9
15:49:48.962	-48.4
15:49:48.970	-48.2
15:49:48.982	-49.5
15:49:48.995	-50.9
15:49:49.003	-50.6
15:49:49.015	-49.3
15:49:49.027	-48.2
15:49:49.035	-47.3
15:49:49.048	-47.5
15:49:49.060	-46.8
15:49:49.068	-43.4
15:49:49.080	-43.4
15:49:49.093	-43.3
15:49:49.101	-42.2
15:49:49.113	-41.6
15:49:49.125	-42.2
15:49:49.138	-42.8
15:49:49.146	-40.9
15:49:49.158	-39.8
15:49:49.171	-39.1
15:49:49.179	-40.1
15:49:49.191	-41.0
15:49:49.203	-38.8
15:49:49.211	-36.2
15:49:49.224	-36.2
15:49:49.236	-33.1
15:49:49.244	-30.4
15:49:49.257	-29.3
15:49:49.269	-26.7
15:49:49.281	-26.4
15:49:49.293	-24.6
15:49:49.302	-23.6
15:49:49.314	-15.2
15:49:49.322	-9.3
15:49:49.334	-0.8
15:49:49.347	5.1
15:49:49.359	11.0
15:49:49.367	17.3
15:49:49.380	24.6
15:49:49.392	32.5
15:49:49.400	38.6
15:49:49.412	46.1
15:49:49.425	46.6
15:49:49.437	45.8
15:49:49.445	45.5
15:49:49.457	43.5
15:49:49.470	43.2
15:49:49.478	44.0
15:49:49.490	42.4
15:49:49.502	41.3
15:49:49.511	42.0
15:49:49.523	42.2
15:49:49.535	42.2
15:49:49.543	44.2
15:49:49.556	46.2
15:49:49.568	50.5
15:49:49.580	53.9
15:49:49.588	60.1
15:49:49.601	64.9
15:49:49.613	69.3
15:49:49.621	71.1
15:49:49.633	75.5
15:49:49.646	79.1
15:49:49.654	81.9
15:49:49.666	82.3
15:49:49.678	82.5
15:49:49.691	86.2
15:49:49.699	82.6
15:49:49.711	81.6
15:49:49.723	81.4
15:49:49.732	80.7
15:49:49.744	80.3
15:49:49.756	78.1
15:49:49.764	77.4
15:49:49.777	79.1
15:49:49.789	80.4
15:49:49.797	76.1
15:49:49.809	75.0
15:49:49.822	72.7
15:49:49.830	70.9
15:49:49.842	70.6
15:49:49.855	66.7
15:49:49.867	66.4
15:49:49.875	67.0
15:49:49.887	62.9
15:49:49.900	61.1
15:49:49.908	61.3
15:49:49.920	61.4
15:49:49.932	60.8
15:49:49.945	59.9
15:49:49.953	59.8
15:49:49.965	61.4
15:49:49.977	60.5
15:49:49.986	59.4
15:49:49.998	59.6
15:49:50.010	59.6
15:49:50.018	58.1
15:49:50.031	58.0
15:49:50.043	57.8
15:49:50.051	56.1
15:49:50.063	56.4
15:49:50.076	55.8
15:49:50.084	56.1
15:49:50.096	54.9
15:49:50.108	56.5
15:49:50.121	54.9
15:49:50.129	54.6
15:49:50.141	52.5
15:49:50.153	52.2
15:49:50.162	53.1
15:49:50.174	50.9
15:49:50.186	50.9
15:49:50.195	50.5
15:49:50.207	49.7
15:49:50.219	46.1
15:49:50.231	47.6
15:49:50.239	47.3
15:49:50.252	45.8
15:49:50.264	45.8
15:49:50.272	44.6
15:49:50.284	45.4
15:49:50.297	42.5
15:49:50.305	40.4
15:49:50.317	39.5
15:49:50.330	40.2
15:49:50.338	38.7
15:49:50.350	38.0
15:49:50.362	38.2
15:49:50.375	36.3
15:49:50.383	35.3
15:49:50.395	33.6
15:49:50.407	34.1
15:49:50.415	33.1
15:49:50.428	33.8
15:49:50.440	34.1
15:49:50.448	32.5
15:49:50.461	32.8
15:49:50.473	32.7
15:49:50.481	32.9
15:49:50.493	33.7
15:49:50.506	33.1
15:49:50.514	32.6
15:49:50.526	34.5
15:49:50.538	32.8
15:49:50.551	34.7
15:49:50.559	36.2
15:49:50.571	35.8
15:49:50.584	39.7
15:49:50.592	40.9
15:49:50.604	41.1
15:49:50.616	40.2
15:49:50.629	40.8
15:49:50.637	39.4
15:49:50.649	39.8
15:49:50.661	36.1
15:49:50.670	35.0
15:49:50.682	36.1
15:49:50.694	32.8
15:49:50.702	33.6
15:49:50.715	33.7
15:49:50.727	35.5
15:49:50.735	36.1
15:49:50.747	39.1
15:49:50.760	41.8
15:49:50.768	44.4
15:49:50.780	47.2
15:49:50.792	46.8
15:49:50.805	48.2
15:49:50.813	47.7
15:49:50.825	51.6
15:49:50.837	53.6
15:49:50.846	55.2
15:49:50.858	55.2
15:49:50.870	57.7
15:49:50.882	57.0
15:49:50.891	56.4
15:49:50.903	57.1
15:49:50.915	57.1
15:49:50.923	56.0
15:49:50.936	53.3
15:49:50.948	52.7
15:49:50.956	52.0
15:49:50.968	53.3
15:49:50.981	50.8
15:49:50.989	52.7
15:49:51.001	52.5
15:49:51.014	52.3
15:49:51.022	55.1
15:49:51.034	57.6
15:49:51.046	59.2
15:49:51.059	60.4
15:49:51.067	63.4
15:49:51.079	63.2
15:49:51.092	67.0
15:49:51.100	71.7
15:49:51.112	77.9
15:49:51.124	85.7
15:49:51.132	89.1
15:49:51.145	95.8
15:49:51.157	100.2
15:49:51.169	107.2
15:49:51.177	111.9
15:49:51.190	118.0
15:49:51.202	121.1
15:49:51.214	121.9
15:49:51.222	122.5
15:49:51.235	121.9
15:49:51.247	122.7
15:49:51.255	121.8
15:49:51.268	124.1
15:49:51.280	119.8
15:49:51.288	122.2
15:49:51.300	119.5
15:49:51.313	118.0
15:49:51.321	117.7
15:49:51.333	116.7
15:49:51.345	116.1
15:49:51.358	115.4
15:49:51.366	115.2
15:49:51.378	111.2
15:49:51.390	113.8
15:49:51.399	110.5
15:49:51.411	111.8
15:49:51.423	112.4
15:49:51.431	111.6
15:49:51.444	111.9
15:49:51.456	111.1
15:49:51.464	109.8
15:49:51.476	106.8
15:49:51.489	107.4
15:49:51.501	105.9
15:49:51.509	104.1
15:49:51.521	100.8
15:49:51.534	99.3
15:49:51.542	96.1
15:49:51.554	93.5
15:49:51.566	90.0
15:49:51.575	87.4
15:49:51.587	88.3
15:49:51.599	88.3
15:49:51.611	86.5
15:49:51.620	85.8
15:49:51.632	86.5
15:49:51.644	85.4
15:49:51.652	84.8
15:49:51.665	83.7
15:49:51.677	83.2
15:49:51.685	83.6
15:49:51.698	82.1
15:49:51.710	80.8
15:49:51.718	80.6
15:49:51.730	78.8
15:49:51.742	75.2
15:49:51.751	73.9
15:49:51.763	73.8
15:49:51.775	72.3
15:49:51.787	71.9
15:49:51.796	70.0
15:49:51.808	70.0
15:49:51.820	66.4
15:49:51.829	66.8
15:49:51.841	67.3
15:49:51.853	67.9
15:49:51.865	66.2
15:49:51.874	65.2
15:49:51.886	63.1
15:49:51.898	63.4
15:49:51.906	63.9
15:49:51.919	61.4
15:49:51.931	62.9
15:49:51.939	60.7
15:49:51.951	58.8
15:49:51.964	57.6
15:49:51.972	59.5
15:49:51.984	59.1
15:49:51.996	57.8
15:49:52.005	55.2
15:49:52.017	53.1
15:49:52.029	51.8
15:49:52.042	48.7
15:49:52.050	47.0
15:49:52.062	45.0
15:49:52.074	42.1
15:49:52.082	36.7
15:49:52.095	34.1
15:49:52.107	33.2
15:49:52.115	31.2
15:49:52.127	30.0
15:49:52.140	29.9
15:49:52.152	30.7
15:49:52.160	29.3
15:49:52.172	28.2
15:49:52.185	27.8
15:49:52.193	25.5
15:49:52.205	23.6
15:49:52.217	22.6
15:49:52.226	22.7
15:49:52.238	22.4
15:49:52.250	19.8
15:49:52.258	17.4
15:49:52.271	17.6
15:49:52.283	17.0
15:49:52.295	17.9
15:49:52.303	17.6
15:49:52.316	17.1
15:49:52.328	17.2
15:49:52.336	15.7
15:49:52.349	13.5
15:49:52.361	11.9
15:49:52.369	8.9
15:49:52.381	5.1
15:49:52.394	1.7
15:49:52.402	-3.5
15:49:52.414	-5.5
15:49:52.426	-6.9
15:49:52.434	-11.3
15:49:52.447	-13.1
15:49:52.459	-16.8
15:49:52.471	-21.0
15:49:52.480	-24.4
15:49:52.492	-26.9
15:49:52.504	-27.4
15:49:52.512	-27.6
15:49:52.525	-28.2
15:49:52.537	-30.9
15:49:52.549	-30.8
15:49:52.557	-34.0
15:49:52.570	-33.7
15:49:52.582	-33.3
15:49:52.590	-31.3
15:49:52.602	-32.5
15:49:52.615	-36.0
15:49:52.623	-39.0
15:49:52.635	-42.6
15:49:52.647	-47.7
15:49:52.656	-53.7
15:49:52.668	-58.7
15:49:52.680	-64.7
15:49:52.688	-70.0
15:49:52.701	-78.9
15:49:52.713	-85.1
15:49:52.726	-90.3
15:49:52.733	-93.7
15:49:52.746	-98.9
15:49:52.758	-101.3
15:49:52.766	-100.0
15:49:52.778	-102.0
15:49:52.791	-103.0
15:49:52.803	-104.9
15:49:52.811	-104.8
15:49:52.824	-105.1
15:49:52.836	-108.3
15:49:52.844	-111.6
15:49:52.856	-113.4
15:49:52.869	-114.0
15:49:52.877	-120.2
15:49:52.889	-123.8
15:49:52.901	-132.1
15:49:52.910	-141.7
15:49:52.922	-147.2
15:49:52.934	-153.6
15:49:52.942	-156.4
15:49:52.955	-162.2
15:49:52.967	-167.4
15:49:52.979	-173.6
15:49:52.987	-176.7
15:49:53.000	-179.6
15:49:53.012	-179.7
15:49:53.024	-177.6
15:49:53.032	-178.2
15:49:53.045	-179.0
15:49:53.057	-179.3
15:49:53.065	-177.8
15:49:53.077	-176.8
15:49:53.090	-174.5
15:49:53.098	-173.5
15:49:53.110	-174.6
15:49:53.122	-171.7
15:49:53.135	-171.3
15:49:53.143	-169.0
15:49:53.155	-167.7
15:49:53.167	-167.8
15:49:53.176	-167.1
15:49:53.188	-164.7
15:49:53.200	-164.5
15:49:53.209	-162.2
15:49:53.221	-156.9
15:49:53.233	-156.1
15:49:53.242	-153.8
15:49:53.254	-152.3
15:49:53.266	-150.9
15:49:53.278	-147.0
15:49:53.287	-145.5
15:49:53.299	-144.2
15:49:53.311	-142.7
15:49:53.319	-141.0
15:49:53.332	-140.0
15:49:53.344	-139.1
15:49:53.352	-136.8
15:49:53.364	-136.6
15:49:53.377	-132.8
15:49:53.385	-131.4
15:49:53.397	-129.3
15:49:53.409	-126.7
15:49:53.422	-124.3
15:49:53.430	-123.6
15:49:53.442	-123.5
15:49:53.454	-121.2
15:49:53.463	-119.8
15:49:53.475	-117.1
15:49:53.487	-115.5
15:49:53.495	-114.3
15:49:53.508	-110.5
15:49:53.520	-108.6
15:49:53.532	-107.2
15:49:53.541	-106.6
15:49:53.553	-103.9
15:49:53.565	-103.2
15:49:53.573	-100.0
15:49:53.585	-99.8
15:49:53.598	-99.3
15:49:53.606	-97.4
15:49:53.618	-98.0
15:49:53.631	-97.6
15:49:53.639	-96.1
15:49:53.651	-94.1
15:49:53.663	-93.9
15:49:53.671	-90.3
15:49:53.684	-90.3
15:49:53.696	-88.9
15:49:53.708	-87.3
15:49:53.717	-86.9
15:49:53.729	-84.8
15:49:53.741	-83.6
15:49:53.749	-82.9
15:49:53.762	-81.6
15:49:53.774	-79.3
15:49:53.786	-80.1
15:49:53.794	-80.1
15:49:53.807	-79.1
15:49:53.819	-78.6
15:49:53.827	-77.5
15:49:53.839	-77.6
15:49:53.852	-75.4
15:49:53.860	-73.8
15:49:53.872	-72.6
15:49:53.884	-72.5
15:49:53.893	-70.3
15:49:53.905	-67.2
15:49:53.917	-65.2
15:49:53.925	-63.2
15:49:53.938	-60.6
15:49:53.950	-60.4
15:49:53.962	-62.5
15:49:53.971	-62.3
15:49:53.983	-62.4
15:49:53.995	-62.5
15:49:54.003	-61.9
15:49:54.016	-61.1
15:49:54.028	-59.7
15:49:54.036	-60.8
15:49:54.048	-60.3
15:49:54.061	-56.7
15:49:54.073	-55.5
15:49:54.081	-54.6
15:49:54.093	-53.0
15:49:54.106	-53.3
15:49:54.114	-56.1
15:49:54.126	-55.4
15:49:54.139	-54.6
15:49:54.147	-53.7
15:49:54.159	-54.1
15:49:54.172	-55.1
15:49:54.180	-51.2
15:49:54.192	-50.5
15:49:54.204	-49.5
15:49:54.217	-46.3
15:49:54.225	-41.5
15:49:54.237	-41.0
15:49:54.249	-38.7
15:49:54.257	-37.6
15:49:54.270	-35.6
15:49:54.282	-35.7
15:49:54.290	-37.9
15:49:54.303	-36.5
15:49:54.315	-36.0
15:49:54.323	-35.0
15:49:54.335	-33.9
15:49:54.348	-33.8
15:49:54.356	-34.8
15:49:54.368	-32.0
15:49:54.380	-34.1
15:49:54.393	-33.9
15:49:54.401	-33.1
15:49:54.413	-31.9
15:49:54.425	-30.6
15:49:54.434	-30.8
15:49:54.446	-32.0
15:49:54.458	-30.5
15:49:54.470	-29.5
15:49:54.479	-29.3
15:49:54.491	-25.5
15:49:54.503	-23.4
15:49:54.511	-20.7
15:49:54.524	-19.7
15:49:54.536	-19.8
15:49:54.544	-17.1
15:49:54.556	-13.1
15:49:54.569	-10.8
15:49:54.577	-9.1
15:49:54.589	-8.0
15:49:54.601	-8.0
15:49:54.610	-6.1
15:49:54.622	-4.9
15:49:54.634	-3.0
15:49:54.646	-0.3
15:49:54.655	2.6
15:49:54.667	4.5
15:49:54.679	5.0
15:49:54.687	6.9
15:49:54.700	9.6
15:49:54.712	12.8
15:49:54.724	16.3
15:49:54.732	21.9
15:49:54.745	24.8
15:49:54.757	28.4
15:49:54.765	31.2
15:49:54.777	32.0
15:49:54.790	37.2
15:49:54.798	39.0
15:49:54.810	39.8
15:49:54.823	42.0
15:49:54.831	48.4
15:49:54.843	51.9
15:49:54.855	57.0
15:49:54.864	61.5
15:49:54.876	64.6
15:49:54.888	71.1
15:49:54.900	75.5
15:49:54.908	80.8
15:49:54.921	85.6
15:49:54.933	91.7
15:49:54.941	92.0
15:49:54.953	92.8
15:49:54.966	92.7
15:49:54.974	93.9
15:49:54.986	97.6
15:49:54.998	100.7
15:49:55.011	102.1
15:49:55.019	105.3
15:49:55.031	111.3
15:49:55.043	112.4
15:49:55.056	114.2
15:49:55.064	117.9
15:49:55.076	122.7
15:49:55.088	125.6
15:49:55.097	126.6
15:49:55.109	127.0
15:49:55.121	127.6
15:49:55.130	127.4
15:49:55.142	127.8
15:49:55.154	128.7
15:49:55.162	128.8
15:49:55.175	128.5
15:49:55.187	126.5
15:49:55.199	125.3
15:49:55.207	125.4
15:49:55.220	124.3
15:49:55.232	124.5
15:49:55.240	123.8
15:49:55.252	120.7
15:49:55.265	119.3
15:49:55.273	118.6
15:49:55.285	115.7
15:49:55.298	116.1
15:49:55.306	114.1
15:49:55.318	111.9
15:49:55.330	109.7
15:49:55.343	106.8
15:49:55.351	107.1
15:49:55.363	106.1
15:49:55.376	104.0
15:49:55.384	104.7
15:49:55.396	103.5
15:49:55.408	101.5
15:49:55.417	101.5
15:49:55.429	101.1
15:49:55.441	101.5
15:49:55.453	103.4
15:49:55.461	100.6
15:49:55.474	98.2
15:49:55.486	96.8
15:49:55.494	95.9
15:49:55.507	96.6
15:49:55.519	93.9
15:49:55.527	93.2
15:49:55.539	92.5
15:49:55.551	89.0
15:49:55.560	84.7
15:49:55.572	85.1
15:49:55.584	85.6
15:49:55.592	86.7
15:49:55.605	83.5
15:49:55.617	80.9
15:49:55.629	82.0
15:49:55.638	80.0
15:49:55.650	78.3
15:49:55.662	78.2
15:49:55.670	79.5
15:49:55.683	78.0
15:49:55.695	75.3
15:49:55.707	74.7
15:49:55.715	73.4
15:49:55.728	74.6
15:49:55.740	74.7
15:49:55.748	75.6
15:49:55.760	74.5
15:49:55.773	74.1
15:49:55.781	75.2
15:49:55.794	75.2
15:49:55.806	75.7
15:49:55.813	73.6
15:49:55.826	75.3
15:49:55.838	73.4
15:49:55.847	71.6
15:49:55.859	69.6
15:49:55.871	69.7
15:49:55.883	67.8
15:49:55.892	65.4
15:49:55.904	64.2
15:49:55.916	63.6
15:49:55.924	63.6
15:49:55.937	61.8
15:49:55.949	63.1
15:49:55.957	62.7
15:49:55.970	61.6
15:49:55.982	60.5
15:49:55.994	60.7
15:49:56.002	59.4
15:49:56.015	59.1
15:49:56.027	59.0
15:49:56.035	56.5
15:49:56.047	55.5
15:49:56.060	53.6
15:49:56.068	49.8
15:49:56.080	49.6
15:49:56.093	46.8
15:49:56.101	45.6
15:49:56.113	42.5
15:49:56.125	40.0
15:49:56.138	40.5
15:49:56.146	39.7
15:49:56.158	35.6
15:49:56.170	35.4
15:49:56.179	34.9
15:49:56.191	33.1
15:49:56.203	30.7
15:49:56.211	27.9
15:49:56.224	27.2
15:49:56.236	25.4
15:49:56.244	20.2
15:49:56.256	19.9
15:49:56.269	20.3
15:49:56.277	13.8
15:49:56.289	13.9
15:49:56.301	12.9
15:49:56.314	12.4
15:49:56.322	12.0
15:49:56.334	10.7
15:49:56.346	9.4
15:49:56.355	9.0
15:49:56.367	7.2
15:49:56.379	4.9
15:49:56.391	3.9
15:49:56.400	1.6
15:49:56.412	-1.1
15:49:56.424	-2.5
15:49:56.433	-2.6
15:49:56.445	-3.7
15:49:56.457	-4.4
15:49:56.465	-6.7
15:49:56.478	-10.0
15:49:56.490	-9.1
15:49:56.498	-9.3
15:49:56.510	-10.1
15:49:56.523	-10.4
15:49:56.531	-11.0
15:49:56.543	-12.4
15:49:56.555	-13.9
15:49:56.568	-14.5
15:49:56.576	-15.0
15:49:56.588	-13.2
15:49:56.600	-16.1
15:49:56.609	-15.4
15:49:56.621	-17.2
15:49:56.633	-17.8
15:49:56.645	-18.4
15:49:56.654	-20.5
15:49:56.666	-21.8
15:49:56.678	-25.4
15:49:56.686	-28.0
15:49:56.699	-32.4
15:49:56.711	-35.2
15:49:56.719	-41.7
15:49:56.731	-46.7
15:49:56.744	-53.4
15:49:56.752	-61.4
15:49:56.764	-68.8
15:49:56.776	-79.4
15:49:56.785	-87.8
15:49:56.797	-94.4
15:49:56.809	-99.9
15:49:56.821	-107.2
15:49:56.830	-110.8
15:49:56.842	-114.0
15:49:56.854	-118.4
15:49:56.862	-120.3
15:49:56.875	-121.9
15:49:56.887	-120.0
15:49:56.899	-117.4
15:49:56.908	-116.6
15:49:56.920	-117.3
15:49:56.932	-115.6
15:49:56.940	-114.1
15:49:56.953	-114.4
15:49:56.965	-112.0
15:49:56.977	-111.9
15:49:56.985	-109.4
15:49:56.998	-109.1
15:49:57.010	-109.1
15:49:57.018	-108.2
15:49:57.030	-106.7
15:49:57.043	-104.3
15:49:57.051	-105.1
15:49:57.063	-103.0
15:49:57.075	-102.0
15:49:57.084	-99.3
15:49:57.096	-99.0
15:49:57.108	-94.4
15:49:57.120	-93.4
15:49:57.129	-92.3
15:49:57.141	-91.4
15:49:57.153	-92.7
15:49:57.161	-89.1
15:49:57.174	-88.7
15:49:57.186	-88.2
15:49:57.194	-86.9
15:49:57.207	-87.4
15:49:57.219	-89.1
15:49:57.227	-85.7
15:49:57.239	-85.7
15:49:57.252	-84.5
15:49:57.263	-79.1
15:49:57.271	-78.9
15:49:57.284	-77.0
15:49:57.296	-72.9
15:49:57.304	-70.4
15:49:57.316	-69.0
15:49:57.329	-66.9
15:49:57.337	-66.7
15:49:57.349	-63.8
15:49:57.361	-63.0
15:49:57.374	-64.8
15:49:57.382	-64.6
15:49:57.394	-64.5
15:49:57.406	-65.2
15:49:57.415	-66.3
15:49:57.427	-63.9
15:49:57.439	-63.7
15:49:57.447	-63.8
15:49:57.460	-63.9
15:49:57.473	-60.7
15:49:57.481	-59.1
15:49:57.493	-56.7
15:49:57.506	-55.6
15:49:57.514	-55.5
15:49:57.526	-53.8
15:49:57.538	-52.7
15:49:57.551	-51.7
15:49:57.559	-50.5
15:49:57.571	-48.2
15:49:57.583	-47.4
15:49:57.592	-49.2
15:49:57.604	-49.3
15:49:57.616	-48.8
15:49:57.629	-48.6
15:49:57.637	-50.0
15:49:57.649	-48.1
15:49:57.661	-47.3
15:49:57.670	-46.8
15:49:57.682	-45.9
15:49:57.694	-43.0
15:49:57.702	-39.9
15:49:57.715	-38.2
15:49:57.727	-34.8
15:49:57.735	-33.7
15:49:57.747	-28.2
15:49:57.760	-27.1
15:49:57.768	-24.0
15:49:57.780	-21.4
15:49:57.792	-20.8
15:49:57.805	-23.2
15:49:57.813	-22.1
15:49:57.825	-21.8
15:49:57.837	-21.8
15:49:57.846	-18.5
15:49:57.858	-19.5
15:49:57.870	-18.3
15:49:57.878	-19.5
15:49:57.891	-19.3
15:49:57.903	-18.1
15:49:57.915	-17.3
15:49:57.923	-16.9
15:49:57.936	-15.4
15:49:57.948	-13.2
15:49:57.956	-14.0
15:49:57.968	-13.6
15:49:57.981	-14.2
15:49:57.989	-12.6
15:49:58.001	-13.1
15:49:58.013	-12.8
15:49:58.022	-13.9
15:49:58.034	-12.2
15:49:58.046	-12.2
15:49:58.059	-11.9
15:49:58.067	-10.9
15:49:58.079	-9.2
15:49:58.091	-6.5
15:49:58.099	-5.0
15:49:58.112	-1.3
15:49:58.124	-1.6
15:49:58.132	0.2
15:49:58.144	0.9
15:49:58.157	1.3
15:49:58.165	1.0
15:49:58.177	1.5
15:49:58.190	1.2
15:49:58.198	0.0
15:49:58.210	-0.3
15:49:58.222	-2.4
15:49:58.235	-1.8
15:49:58.243	-0.3
15:49:58.255	-1.1
15:49:58.267	-1.0
15:49:58.276	-2.2
15:49:58.288	-3.6
15:49:58.300	-5.6
15:49:58.312	-7.7
15:49:58.321	-10.9
15:49:58.333	-13.2
15:49:58.345	-15.6
15:49:58.353	-20.2
15:49:58.366	-23.0
15:49:58.378	-24.4
15:49:58.386	-25.0
15:49:58.398	-24.6
15:49:58.411	-23.3
15:49:58.419	-23.5
15:49:58.431	-24.5
15:49:58.443	-24.3
15:49:58.452	-25.0
15:49:58.464	-24.4
15:49:58.476	-24.0
15:49:58.488	-23.3
15:49:58.497	-23.3
15:49:58.509	-24.2
15:49:58.521	-26.5
15:49:58.529	-26.4
15:49:58.542	-25.4
15:49:58.554	-26.8
15:49:58.566	-26.8
15:49:58.574	-28.6
15:49:58.587	-29.7
15:49:58.599	-31.8
15:49:58.607	-33.1
15:49:58.620	-35.4
15:49:58.632	-35.8
15:49:58.640	-37.1
15:49:58.652	-38.4
15:49:58.665	-37.6
15:49:58.673	-35.2
15:49:58.685	-31.5
15:49:58.697	-28.2
15:49:58.706	-24.6
15:49:58.718	-21.5
15:49:58.730	-17.6
15:49:58.742	-15.0
15:49:58.751	-11.2
15:49:58.763	-18.5
15:49:58.775	-29.0
15:49:58.783	-39.2
15:49:58.796	-47.8
15:49:58.808	-56.5
15:49:58.816	-69.1
15:49:58.828	-78.5
15:49:58.841	-90.2
15:49:58.853	-100.6
15:49:58.861	-113.6
15:49:58.873	-116.4
15:49:58.886	-116.1
15:49:58.898	-118.0
15:49:58.906	-120.2
15:49:58.918	-123.1
15:49:58.931	-120.7
15:49:58.939	-123.6
15:49:58.951	-123.8
15:49:58.963	-124.7
15:49:58.972	-123.8
15:49:58.984	-121.4
15:49:58.996	-119.8
15:49:59.004	-119.0
15:49:59.017	-119.8
15:49:59.029	-119.2
15:49:59.041	-121.5
15:49:59.050	-120.9
15:49:59.062	-120.2
15:49:59.074	-120.6
15:49:59.082	-122.0
15:49:59.095	-121.2
15:49:59.107	-121.6
15:49:59.115	-119.6
15:49:59.127	-119.3
15:49:59.140	-119.6
15:49:59.148	-117.8
15:49:59.160	-116.6
15:49:59.172	-115.9
15:49:59.185	-114.1
15:49:59.193	-112.5
15:49:59.205	-111.5
15:49:59.217	-110.6
15:49:59.226	-109.7
15:49:59.238	-107.9
15:49:59.250	-104.1
15:49:59.258	-102.5
15:49:59.271	-101.2
15:49:59.283	-98.6
15:49:59.295	-97.0
15:49:59.303	-93.5
15:49:59.316	-92.2
15:49:59.328	-87.1
15:49:59.336	-87.0
15:49:59.348	-84.1
15:49:59.361	-86.7
15:49:59.369	-88.2
15:49:59.381	-89.0
15:49:59.393	-89.8
15:49:59.402	-90.1
15:49:59.414	-90.6
15:49:59.426	-89.9
15:49:59.434	-92.2
15:49:59.447	-88.2
15:49:59.459	-87.1
15:49:59.472	-85.0
15:49:59.479	-83.5
15:49:59.492	-80.0
15:49:59.504	-78.1
15:49:59.512	-75.6
15:49:59.525	-74.9
15:49:59.537	-73.8
15:49:59.549	-72.1
15:49:59.557	-72.9
15:49:59.570	-72.7
15:49:59.582	-70.0
15:49:59.590	-69.0
15:49:59.602	-70.0
15:49:59.615	-67.9
15:49:59.623	-66.3
15:49:59.635	-63.5
15:49:59.647	-62.6
15:49:59.656	-61.7
15:49:59.668	-60.8
15:49:59.680	-58.2
15:49:59.688	-58.6
15:49:59.701	-55.3
15:49:59.713	-54.6
15:49:59.725	-55.0
15:49:59.733	-52.7
15:49:59.746	-54.0
15:49:59.758	-52.9
15:49:59.766	-51.5
15:49:59.778	-51.7
15:49:59.791	-51.0
15:49:59.799	-49.8
15:49:59.811	-47.4
15:49:59.823	-46.0
15:49:59.836	-43.5
15:49:59.844	-43.6
15:49:59.856	-42.8
15:49:59.868	-41.3
15:49:59.877	-41.1
15:49:59.889	-37.8
15:49:59.901	-36.9
15:49:59.909	-35.0
15:49:59.922	-36.1
15:49:59.934	-33.6
15:49:59.942	-33.0
15:49:59.955	-32.4
15:49:59.967	-27.3
15:49:59.979	-25.1
15:49:59.987	-20.6
15:50:00.000	-17.8
15:50:00.012	-11.6
15:50:00.020	-3.5
15:50:00.032	4.9
15:50:00.045	12.0
15:50:00.053	18.6
15:50:00.065	27.0
15:50:00.077	31.1
15:50:00.086	37.2
15:50:00.098	40.7
15:50:00.110	43.4
15:50:00.118	44.3
15:50:00.131	43.2
15:50:00.143	42.7
15:50:00.155	42.2
15:50:00.163	43.5
15:50:00.176	43.0
15:50:00.188	43.3
15:50:00.196	40.4
15:50:00.209	40.8
15:50:00.221	40.6
15:50:00.233	39.6
15:50:00.241	40.0
15:50:00.254	38.9
15:50:00.266	38.2
15:50:00.274	35.4
15:50:00.286	34.5
15:50:00.299	33.7
15:50:00.307	34.8
15:50:00.319	34.3
15:50:00.331	35.1
15:50:00.340	35.4
15:50:00.352	34.0
15:50:00.364	33.8
15:50:00.373	34.7
15:50:00.385	35.2
15:50:00.397	33.8
15:50:00.409	34.6
15:50:00.417	34.6
15:50:00.430	36.0
15:50:00.442	33.7
15:50:00.450	31.9
15:50:00.462	32.2
15:50:00.475	31.5
15:50:00.487	31.9
15:50:00.495	32.3
15:50:00.508	31.9
15:50:00.520	30.4
15:50:00.528	31.9
15:50:00.540	29.0
15:50:00.553	30.9
15:50:00.561	32.4
15:50:00.573	31.7
15:50:00.586	32.7
15:50:00.594	31.2
15:50:00.606	31.8
15:50:00.618	31.1
15:50:00.627	31.9
15:50:00.639	31.5
15:50:00.651	31.3
15:50:00.663	30.8
15:50:00.672	31.7
15:50:00.684	32.4
15:50:00.695	31.1
15:50:00.703	29.4
15:50:00.716	27.8
15:50:00.728	28.2
15:50:00.736	27.8
15:50:00.749	27.6
15:50:00.761	29.8
15:50:00.769	27.5
15:50:00.782	25.6
15:50:00.794	24.8
15:50:00.806	23.2
15:50:00.814	24.1
15:50:00.827	25.2
15:50:00.839	24.0
15:50:00.847	22.4
15:50:00.859	19.7
15:50:00.872	17.9
15:50:00.880	21.6
15:50:00.892	22.0
15:50:00.904	21.9
15:50:00.917	19.9
15:50:00.925	19.5
15:50:00.937	18.1
15:50:00.949	19.9
15:50:00.958	20.0
15:50:00.970	21.4
15:50:00.982	22.1
15:50:00.990	19.3
15:50:01.003	18.7
15:50:01.015	19.4
15:50:01.023	21.7
15:50:01.036	21.2
15:50:01.048	20.4
15:50:01.060	19.4
15:50:01.068	20.2
15:50:01.081	21.0
15:50:01.093	20.6
15:50:01.105	19.8
15:50:01.113	17.5
15:50:01.126	15.9
15:50:01.138	15.6
15:50:01.146	15.6
15:50:01.158	16.3
15:50:01.171	15.9
15:50:01.179	14.8
15:50:01.191	11.8
15:50:01.203	11.0
15:50:01.216	12.0
15:50:01.224	13.3
15:50:01.236	14.4
15:50:01.248	15.7
15:50:01.257	15.9
15:50:01.269	15.2
15:50:01.281	14.6
15:50:01.289	16.1
15:50:01.302	18.2
15:50:01.314	20.9
15:50:01.322	21.4
15:50:01.334	22.5
15:50:01.347	24.2
15:50:01.355	25.2
15:50:01.367	26.4
15:50:01.380	29.2
15:50:01.392	29.6
15:50:01.400	30.8
15:50:01.412	33.6
15:50:01.425	34.9
15:50:01.433	38.3
15:50:01.445	39.8
15:50:01.457	41.3
15:50:01.470	42.9
15:50:01.478	45.2
15:50:01.490	47.9
15:50:01.502	52.1
15:50:01.511	55.9
15:50:01.523	56.4
15:50:01.535	56.1
15:50:01.543	54.1
15:50:01.556	57.3
15:50:01.568	56.9
15:50:01.576	58.2
15:50:01.588	57.7
15:50:01.601	56.0
15:50:01.609	55.5
15:50:01.621	53.2
15:50:01.634	52.6
15:50:01.646	52.1
15:50:01.654	55.0
15:50:01.666	55.5
15:50:01.679	55.0
15:50:01.687	54.6
15:50:01.699	55.0
15:50:01.711	54.1
15:50:01.720	55.0
15:50:01.732	57.0
15:50:01.744	55.8
15:50:01.756	55.6
15:50:01.765	53.7
15:50:01.777	51.4
15:50:01.789	51.9
15:50:01.797	50.8
15:50:01.810	49.9
15:50:01.822	50.2
15:50:01.830	49.7
15:50:01.842	47.9
15:50:01.855	48.0
15:50:01.863	47.0
15:50:01.876	46.9
15:50:01.888	46.4
15:50:01.900	45.2
15:50:01.908	45.2
15:50:01.921	44.8
15:50:01.933	43.1
15:50:01.941	43.6
15:50:01.953	43.4
15:50:01.966	45.3
15:50:01.974	46.2
15:50:01.986	48.3
15:50:01.998	49.5
15:50:02.007	52.6
15:50:02.019	56.2
15:50:02.031	58.0
15:50:02.039	63.0
15:50:02.052	69.7
15:50:02.064	79.7
15:50:02.076	89.2
15:50:02.084	99.4
15:50:02.097	108.9
15:50:02.109	117.9
15:50:02.117	126.0
15:50:02.129	133.0
15:50:02.142	142.4
15:50:02.154	148.6
15:50:02.162	149.9
15:50:02.175	148.5
15:50:02.187	147.1
15:50:02.195	146.4
15:50:02.207	144.9
15:50:02.220	144.4
15:50:02.228	145.8
15:50:02.240	144.7
15:50:02.252	145.1
15:50:02.261	147.3
15:50:02.273	148.9
15:50:02.285	150.9
15:50:02.293	152.7
15:50:02.306	155.2
15:50:02.318	155.2
15:50:02.330	155.6
15:50:02.338	155.0
15:50:02.351	156.8
15:50:02.363	156.6
15:50:02.371	155.2
15:50:02.383	154.4
15:50:02.396	154.7
15:50:02.408	162.1
15:50:02.416	175.9
15:50:02.428	193.6
15:50:02.441	209.4
15:50:02.449	224.0
15:50:02.461	242.6
15:50:02.473	260.5
15:50:02.482	279.0
15:50:02.494	298.4
15:50:02.506	314.8
15:50:02.514	324.9
15:50:02.527	330.6
15:50:02.539	331.9
15:50:02.547	333.8
15:50:02.559	335.2
15:50:02.572	333.2
15:50:02.584	331.8
15:50:02.592	332.2
15:50:02.605	330.8
15:50:02.617	332.3
15:50:02.625	333.6
15:50:02.637	328.7
15:50:02.650	330.3
15:50:02.658	330.7
15:50:02.670	333.4
15:50:02.682	337.0
15:50:02.691	342.9
15:50:02.703	347.6
15:50:02.715	360.5
15:50:02.727	374.5
15:50:02.740	388.3
15:50:02.748	405.2
15:50:02.760	415.3
15:50:02.772	428.6
15:50:02.780	437.0
15:50:02.793	444.7
15:50:02.805	450.4
15:50:02.813	455.6
15:50:02.826	452.5
15:50:02.838	447.7
15:50:02.846	441.2
15:50:02.858	435.9
15:50:02.871	433.7
15:50:02.883	429.9
15:50:02.891	429.4
15:50:02.903	427.2
15:50:02.916	425.7
15:50:02.924	422.2
15:50:02.936	418.5
15:50:02.948	415.9
15:50:02.956	411.4
15:50:02.969	408.2
15:50:02.981	401.9
15:50:02.989	395.5
15:50:03.002	389.4
15:50:03.014	384.6
15:50:03.026	377.3
15:50:03.034	371.9
15:50:03.047	367.5
15:50:03.059	359.0
15:50:03.067	354.1
15:50:03.079	344.0
15:50:03.092	336.1
15:50:03.100	329.5
15:50:03.112	321.2
15:50:03.125	311.7
15:50:03.137	305.0
15:50:03.145	297.4
15:50:03.157	287.0
15:50:03.170	281.0
15:50:03.178	273.9
15:50:03.190	269.1
15:50:03.202	262.9
15:50:03.211	255.9
15:50:03.223	249.7
15:50:03.235	245.5
15:50:03.243	238.5
15:50:03.256	231.7
15:50:03.268	225.9
15:50:03.276	218.1
15:50:03.288	209.9
15:50:03.301	200.2
15:50:03.313	194.8
15:50:03.321	188.2
15:50:03.333	181.9
15:50:03.346	173.5
15:50:03.354	167.2
15:50:03.366	160.8
15:50:03.379	155.2
15:50:03.391	149.6
15:50:03.399	143.4
15:50:03.411	136.6
15:50:03.423	128.4
15:50:03.432	121.3
15:50:03.444	112.2
15:50:03.456	103.6
15:50:03.465	92.8
15:50:03.477	83.7
15:50:03.489	75.7
15:50:03.497	66.1
15:50:03.510	57.4
15:50:03.522	49.8
15:50:03.530	41.2
15:50:03.542	31.8
15:50:03.555	23.0
15:50:03.567	-1.0
15:50:03.575	-24.6
15:50:03.588	-48.0
15:50:03.600	-72.8
15:50:03.608	-95.7
15:50:03.620	-116.6
15:50:03.633	-135.3
15:50:03.641	-154.9
15:50:03.653	-173.5
15:50:03.665	-189.2
15:50:03.678	-191.4
15:50:03.686	-189.6
15:50:03.698	-189.4
15:50:03.710	-188.1
15:50:03.719	-193.6
15:50:03.731	-198.1
15:50:03.743	-202.4
15:50:03.751	-207.8
15:50:03.764	-211.1
15:50:03.776	-219.5
15:50:03.784	-224.4
15:50:03.796	-230.9
15:50:03.809	-236.6
15:50:03.821	-242.8
15:50:03.829	-242.7
15:50:03.841	-246.0
15:50:03.854	-251.8
15:50:03.862	-256.1
15:50:03.874	-262.9
15:50:03.886	-267.2
15:50:03.895	-272.9
15:50:03.907	-279.1
15:50:03.919	-286.1
15:50:03.927	-289.4
15:50:03.940	-294.0
15:50:03.952	-296.1
15:50:03.960	-299.2
15:50:03.973	-298.2
15:50:03.985	-298.0
15:50:03.997	-297.5
15:50:04.005	-296.5
15:50:04.018	-294.0
15:50:04.030	-292.8
15:50:04.038	-295.1
15:50:04.050	-291.1
15:50:04.062	-291.9
15:50:04.075	-289.2
15:50:04.083	-289.5
15:50:04.095	-288.8
15:50:04.108	-286.0
15:50:04.116	-284.3
15:50:04.128	-283.9
15:50:04.140	-281.8
15:50:04.148	-278.8
15:50:04.161	-278.9
15:50:04.173	-276.1
15:50:04.181	-274.0
15:50:04.194	-272.5
15:50:04.206	-270.2
15:50:04.214	-266.9
15:50:04.227	-263.7
15:50:04.239	-260.8
15:50:04.251	-257.3
15:50:04.259	-253.9
15:50:04.272	-253.6
15:50:04.284	-252.6
15:50:04.292	-248.2
15:50:04.304	-246.1
15:50:04.317	-242.5
15:50:04.329	-238.1
15:50:04.337	-237.0
15:50:04.349	-233.7
15:50:04.362	-232.0
15:50:04.370	-230.0
15:50:04.382	-224.6
15:50:04.394	-221.3
15:50:04.403	-220.8
15:50:04.415	-216.5
15:50:04.427	-215.0
15:50:04.435	-215.6
15:50:04.448	-211.1
15:50:04.460	-208.9
15:50:04.468	-204.8
15:50:04.480	-201.4
15:50:04.493	-199.9
15:50:04.505	-196.9
15:50:04.513	-194.1
15:50:04.525	-192.0
15:50:04.538	-188.8
15:50:04.546	-187.0
15:50:04.558	-185.1
15:50:04.570	-182.2
15:50:04.579	-182.4
15:50:04.591	-178.0
15:50:04.603	-175.8
15:50:04.611	-172.6
15:50:04.624	-169.7
15:50:04.636	-167.9
15:50:04.648	-165.8
15:50:04.657	-163.6
15:50:04.669	-162.3
15:50:04.681	-159.7
15:50:04.693	-154.9
15:50:04.701	-156.0
15:50:04.714	-155.4
15:50:04.726	-152.5
15:50:04.734	-151.8
15:50:04.746	-148.2
15:50:04.759	-145.9
15:50:04.767	-143.3
15:50:04.779	-141.3
15:50:04.791	-140.1
15:50:04.804	-139.5
15:50:04.812	-136.6
15:50:04.824	-133.4
15:50:04.836	-134.0
15:50:04.845	-132.6
15:50:04.857	-134.2
15:50:04.869	-130.0
15:50:04.877	-128.0
15:50:04.890	-126.4
15:50:04.902	-124.3
15:50:04.910	-123.0
15:50:04.923	-120.8
15:50:04.935	-121.2
15:50:04.947	-117.7
15:50:04.955	-114.2
15:50:04.968	-108.4
15:50:04.980	-108.7
15:50:04.988	-105.9
15:50:05.000	-102.6
15:50:05.013	-102.2
15:50:05.021	-99.4
15:50:05.033	-96.9
15:50:05.045	-92.0
15:50:05.058	-92.6
15:50:05.066	-90.6
15:50:05.078	-90.6
15:50:05.090	-88.2
15:50:05.099	-86.8
15:50:05.111	-84.7
15:50:05.123	-81.3
15:50:05.131	-79.7
15:50:05.144	-77.7
15:50:05.156	-77.9
15:50:05.164	-71.6
15:50:05.176	-71.5
15:50:05.189	-70.4
15:50:05.197	-68.3
15:50:05.209	-66.0
15:50:05.221	-65.5
15:50:05.234	-63.9
15:50:05.242	-62.2
15:50:05.254	-62.7
15:50:05.266	-58.6
15:50:05.275	-59.1
15:50:05.287	-54.4
15:50:05.299	-52.1
15:50:05.311	-50.1
15:50:05.320	-48.3
15:50:05.332	-46.4
15:50:05.344	-44.6
15:50:05.352	-42.5
15:50:05.365	-40.1
15:50:05.377	-39.7
15:50:05.385	-34.7
15:50:05.398	-31.7
15:50:05.410	-26.4
15:50:05.418	-25.0
15:50:05.430	-21.8
15:50:05.443	-15.8
15:50:05.451	-12.1
15:50:05.463	-7.3
15:50:05.476	-1.9
15:50:05.488	1.2
15:50:05.496	2.0
15:50:05.508	4.5
15:50:05.521	4.2
15:50:05.529	7.8
15:50:05.541	7.9
15:50:05.553	7.6
15:50:05.562	8.2
15:50:05.574	8.6
15:50:05.586	10.1
15:50:05.598	12.6
15:50:05.607	14.5
15:50:05.619	13.7
15:50:05.631	16.5
15:50:05.639	17.2
15:50:05.652	17.3
15:50:05.664	18.5
15:50:05.672	18.8
15:50:05.684	19.1
15:50:05.697	19.7
15:50:05.705	20.2
15:50:05.717	20.4
15:50:05.729	20.4
15:50:05.742	19.2
15:50:05.750	18.6
15:50:05.762	19.6
15:50:05.774	18.1
15:50:05.783	20.9
15:50:05.795	20.8
15:50:05.807	19.6
15:50:05.815	19.5
15:50:05.828	19.1
15:50:05.840	21.6
15:50:05.848	23.9
15:50:05.861	23.6
15:50:05.873	26.5
15:50:05.881	27.3
15:50:05.893	26.3
15:50:05.906	27.9
15:50:05.918	29.3
15:50:05.926	30.2
15:50:05.938	31.0
15:50:05.951	29.8
15:50:05.959	28.4
15:50:05.971	29.8
15:50:05.983	30.0
15:50:05.996	32.0
15:50:06.004	33.2
15:50:06.016	34.8
15:50:06.028	38.7
15:50:06.037	42.0
15:50:06.049	45.8
15:50:06.061	49.8
15:50:06.069	54.9
15:50:06.082	59.1
15:50:06.094	61.2
15:50:06.102	65.3
15:50:06.114	68.8
15:50:06.127	73.3
15:50:06.135	73.4
15:50:06.147	76.0
15:50:06.159	77.7
15:50:06.172	79.8
15:50:06.180	81.5
15:50:06.193	84.7
15:50:06.205	88.7
15:50:06.213	91.1
15:50:06.225	95.1
15:50:06.237	95.7
15:50:06.250	99.2
15:50:06.258	101.6
15:50:06.270	105.0
15:50:06.283	108.0
15:50:06.291	110.1
15:50:06.303	119.7
15:50:06.315	134.1
15:50:06.323	147.3
15:50:06.336	160.2
15:50:06.348	173.8
15:50:06.356	188.7
15:50:06.369	201.2
15:50:06.381	212.7
15:50:06.389	223.7
15:50:06.401	235.7
15:50:06.414	239.4
15:50:06.426	238.1
15:50:06.434	239.0
15:50:06.446	237.8
15:50:06.459	238.0
15:50:06.467	238.4
15:50:06.479	239.6
15:50:06.491	242.4
15:50:06.500	246.4
15:50:06.512	250.7
15:50:06.524	253.6
15:50:06.532	257.1
15:50:06.545	260.5
15:50:06.557	265.1
15:50:06.569	268.6
15:50:06.577	268.3
15:50:06.590	268.6
15:50:06.602	266.4
15:50:06.610	262.2
15:50:06.623	260.6
15:50:06.635	257.8
15:50:06.647	256.2
15:50:06.655	249.5
15:50:06.668	247.0
15:50:06.680	243.4
15:50:06.688	242.0
15:50:06.700	240.3
15:50:06.713	239.7
15:50:06.725	240.7
15:50:06.733	238.5
15:50:06.745	237.7
15:50:06.758	233.4
15:50:06.766	233.4
15:50:06.778	228.7
15:50:06.790	226.5
15:50:06.799	223.3
15:50:06.811	220.1
15:50:06.823	215.5
15:50:06.832	213.6
15:50:06.844	208.9
15:50:06.856	208.1
15:50:06.868	208.1
15:50:06.876	206.1
15:50:06.889	207.8
15:50:06.901	204.4
15:50:06.909	202.6
15:50:06.921	201.0
15:50:06.934	200.8
15:50:06.942	198.7
15:50:06.954	195.5
15:50:06.967	190.1
15:50:06.979	183.1
15:50:06.987	178.9
15:50:06.999	170.7
15:50:07.012	167.4
15:50:07.020	159.6
15:50:07.032	153.6
15:50:07.044	145.8
15:50:07.053	137.6
15:50:07.065	133.1
15:50:07.077	124.8
15:50:07.085	121.1
15:50:07.098	116.6
15:50:07.110	113.1
15:50:07.118	107.8
15:50:07.130	104.2
15:50:07.143	99.0
15:50:07.155	94.7
15:50:07.163	90.0
15:50:07.175	83.8
15:50:07.188	79.2
15:50:07.196	72.3
15:50:07.208	67.5
15:50:07.221	61.1
15:50:07.233	55.1
15:50:07.241	49.2
15:50:07.253	45.4
15:50:07.266	40.2
15:50:07.274	35.3
15:50:07.286	30.4
15:50:07.298	29.2
15:50:07.307	25.9
15:50:07.319	21.0
15:50:07.331	17.7
15:50:07.339	15.1
15:50:07.352	13.7
15:50:07.364	8.8
15:50:07.372	6.2
15:50:07.384	3.5
15:50:07.397	2.0
15:50:07.409	-1.6
15:50:07.417	-4.0
15:50:07.429	-3.3
15:50:07.442	-5.5
15:50:07.450	-7.1
15:50:07.462	-10.7
15:50:07.474	-9.6
15:50:07.483	-12.6
15:50:07.495	-15.2
15:50:07.507	-17.3
15:50:07.519	-21.6
15:50:07.528	-25.2
15:50:07.540	-38.3
15:50:07.552	-49.5
15:50:07.560	-62.6
15:50:07.573	-72.5
15:50:07.585	-86.5
15:50:07.593	-96.5
15:50:07.605	-107.2
15:50:07.618	-118.4
15:50:07.626	-127.7
15:50:07.638	-136.1
15:50:07.651	-137.4
15:50:07.663	-142.2
15:50:07.671	-145.0
15:50:07.683	-147.9
15:50:07.696	-149.7
15:50:07.704	-151.3
15:50:07.716	-152.9
15:50:07.728	-153.8
15:50:07.737	-153.6
15:50:07.749	-150.9
15:50:07.761	-151.3
15:50:07.769	-146.5
15:50:07.782	-143.2
15:50:07.794	-141.7
15:50:07.802	-139.7
15:50:07.814	-137.0
15:50:07.827	-134.3
15:50:07.839	-131.5
15:50:07.847	-128.7
15:50:07.860	-128.4
15:50:07.872	-127.3
15:50:07.880	-125.1
15:50:07.892	-123.3
15:50:07.905	-120.5
15:50:07.917	-117.8
15:50:07.925	-114.5
15:50:07.937	-111.7
15:50:07.950	-107.1
15:50:07.958	-103.0
15:50:07.970	-99.0
15:50:07.982	-94.6
15:50:07.990	-91.8
15:50:08.003	-86.8
15:50:08.015	-82.4
15:50:08.023	-78.2
15:50:08.036	-75.2
15:50:08.048	-71.7
15:50:08.056	-71.3
15:50:08.068	-69.1
15:50:08.081	-67.7
15:50:08.093	-64.3
15:50:08.101	-60.5
15:50:08.113	-56.9
15:50:08.126	-53.4
15:50:08.134	-49.5
15:50:08.146	-45.9
15:50:08.158	-42.0
15:50:08.171	-35.2
15:50:08.179	-31.2
15:50:08.191	-26.1
15:50:08.203	-22.1
15:50:08.212	-17.6
15:50:08.224	-13.5
15:50:08.236	-9.2
15:50:08.244	-3.6
15:50:08.257	-0.1
15:50:08.269	5.0
15:50:08.277	8.5
15:50:08.289	11.9
15:50:08.302	14.7
15:50:08.310	18.7
15:50:08.322	20.4
15:50:08.334	21.3
15:50:08.347	22.1
15:50:08.355	21.3
15:50:08.367	23.6
15:50:08.380	24.6
15:50:08.388	27.9
15:50:08.400	30.4
15:50:08.412	32.0
15:50:08.420	34.6
15:50:08.433	40.4
15:50:08.445	42.6
15:50:08.453	44.8
15:50:08.466	49.3
15:50:08.478	51.6
15:50:08.490	56.7
15:50:08.498	58.4
15:50:08.511	63.1
15:50:08.523	75.4
15:50:08.531	84.8
15:50:08.543	93.3
15:50:08.556	103.2
15:50:08.564	115.7
15:50:08.576	124.8
15:50:08.588	133.5
15:50:08.601	140.4
15:50:08.609	149.1
15:50:08.621	154.9
15:50:08.633	154.2
15:50:08.646	154.8
15:50:08.654	153.0
15:50:08.666	154.1
15:50:08.678	153.5
15:50:08.687	154.0
15:50:08.699	156.6
15:50:08.711	157.0
15:50:08.719	158.4
15:50:08.732	157.9
15:50:08.744	159.1
15:50:08.752	160.2
15:50:08.764	161.3
15:50:08.777	162.5
15:50:08.789	163.8
15:50:08.797	164.9
15:50:08.809	166.8
15:50:08.822	166.8
15:50:08.830	165.3
15:50:08.842	169.4
15:50:08.854	169.6
15:50:08.863	170.9
15:50:08.875	170.9
15:50:08.887	170.2
15:50:08.899	168.6
15:50:08.908	168.7
15:50:08.920	166.1
15:50:08.932	167.0
15:50:08.940	165.9
15:50:08.953	162.7
15:50:08.965	158.9
15:50:08.973	155.2
15:50:08.986	155.2
15:50:08.998	154.3
15:50:09.006	152.9
15:50:09.018	149.2
15:50:09.031	147.6
15:50:09.039	145.1
15:50:09.051	141.3
15:50:09.063	138.6
15:50:09.076	138.1
15:50:09.084	135.0
15:50:09.096	131.1
15:50:09.108	126.7
15:50:09.117	119.9
15:50:09.129	116.1
15:50:09.141	111.7
15:50:09.153	104.7
15:50:09.162	100.3
15:50:09.174	94.8
15:50:09.186	88.0
15:50:09.194	82.8
15:50:09.207	75.8
15:50:09.219	67.1
15:50:09.227	63.7
15:50:09.239	55.7
15:50:09.252	46.1
15:50:09.260	39.1
15:50:09.272	29.8
15:50:09.284	20.5
15:50:09.293	12.0
15:50:09.305	4.2
15:50:09.317	-4.5
15:50:09.329	-8.3
15:50:09.338	-14.6
15:50:09.350	-17.5
15:50:09.362	-20.5
15:50:09.371	-24.8
15:50:09.383	-26.6
15:50:09.395	-27.2
15:50:09.403	-27.6
15:50:09.415	-32.0
15:50:09.428	-36.8
15:50:09.440	-51.2
15:50:09.448	-64.9
15:50:09.460	-78.1
15:50:09.473	-92.4
15:50:09.481	-101.7
15:50:09.494	-114.4
15:50:09.506	-127.0
15:50:09.514	-139.4
15:50:09.526	-150.6
15:50:09.539	-161.3
15:50:09.547	-163.9
15:50:09.559	-168.0
15:50:09.571	-175.7
15:50:09.584	-181.0
15:50:09.592	-189.4
15:50:09.604	-194.5
15:50:09.616	-200.0
15:50:09.625	-207.4
15:50:09.637	-210.3
15:50:09.649	-211.4
15:50:09.657	-212.8
15:50:09.670	-213.3
15:50:09.682	-212.6
15:50:09.690	-212.7
15:50:09.702	-214.6
15:50:09.715	-215.7
15:50:09.723	-218.9
15:50:09.735	-220.0
15:50:09.747	-223.7
15:50:09.760	-227.9
15:50:09.768	-229.7
15:50:09.780	-232.6
15:50:09.793	-234.6
15:50:09.801	-235.4
15:50:09.813	-234.8
15:50:09.825	-233.9
15:50:09.838	-230.6
15:50:09.846	-226.1
15:50:09.858	-223.4
15:50:09.870	-218.5
15:50:09.878	-217.2
15:50:09.891	-214.2
15:50:09.903	-211.0
15:50:09.911	-207.6
15:50:09.924	-206.2
15:50:09.936	-204.4
15:50:09.944	-204.7
15:50:09.956	-208.0
15:50:09.969	-207.9
15:50:09.977	-211.5
15:50:09.989	-211.1
15:50:10.002	-212.8
15:50:10.014	-213.2
15:50:10.022	-214.8
15:50:10.034	-213.3
15:50:10.047	-212.5
15:50:10.055	-212.2
15:50:10.067	-207.8
15:50:10.079	-204.8
15:50:10.092	-200.7
15:50:10.100	-197.3
15:50:10.112	-193.0
15:50:10.124	-191.0
15:50:10.133	-186.5
15:50:10.145	-183.6
15:50:10.157	-180.9
15:50:10.165	-178.2
15:50:10.178	-175.9
15:50:10.190	-175.4
15:50:10.198	-173.9
15:50:10.210	-170.7
15:50:10.223	-167.2
15:50:10.231	-165.5
15:50:10.243	-165.3
15:50:10.255	-162.5
15:50:10.268	-160.9
15:50:10.276	-159.0
15:50:10.288	-156.4
15:50:10.300	-150.3
15:50:10.309	-146.8
15:50:10.321	-144.8
15:50:10.333	-142.9
15:50:10.341	-141.7
15:50:10.354	-138.6
15:50:10.366	-136.1
15:50:10.374	-133.5
15:50:10.386	-130.3
15:50:10.399	-129.9
15:50:10.411	-129.0
15:50:10.419	-126.6
15:50:10.432	-126.1
15:50:10.444	-126.5
15:50:10.452	-123.1
15:50:10.464	-120.4
15:50:10.477	-121.5
15:50:10.485	-119.7
15:50:10.497	-117.1
15:50:10.509	-115.2
15:50:10.522	-115.6
15:50:10.530	-114.1
15:50:10.542	-114.4
15:50:10.554	-112.6
15:50:10.563	-109.0
15:50:10.575	-106.4
15:50:10.587	-103.2
15:50:10.599	-104.7
15:50:10.608	-105.3
15:50:10.620	-104.0
15:50:10.632	-101.4
15:50:10.640	-100.1
15:50:10.653	-98.4
15:50:10.661	-96.9
15:50:10.673	-98.3
15:50:10.685	-99.4
15:50:10.698	-98.1
15:50:10.706	-94.2
15:50:10.718	-93.1
15:50:10.730	-90.2
15:50:10.739	-90.4
15:50:10.751	-86.9
15:50:10.763	-85.4
15:50:10.775	-83.9
15:50:10.784	-81.8
15:50:10.796	-80.9
15:50:10.808	-80.9
15:50:10.816	-80.5
15:50:10.829	-79.7
15:50:10.841	-80.2
15:50:10.853	-77.5
15:50:10.861	-79.9
15:50:10.874	-78.8
15:50:10.886	-78.3
15:50:10.894	-77.6
15:50:10.907	-76.4
15:50:10.919	-75.7
15:50:10.927	-74.2
15:50:10.939	-72.5
15:50:10.952	-70.3
15:50:10.960	-69.9
15:50:10.972	-68.2
15:50:10.984	-65.7
15:50:10.997	-63.8
15:50:11.005	-63.6
15:50:11.017	-62.1
15:50:11.029	-59.9
15:50:11.038	-61.2
15:50:11.050	-59.2
15:50:11.062	-59.0
15:50:11.074	-60.9
15:50:11.083	-59.8
15:50:11.095	-60.6
15:50:11.107	-61.2
15:50:11.115	-60.0
15:50:11.128	-60.0
15:50:11.140	-59.5
15:50:11.148	-57.2
15:50:11.161	-56.7
15:50:11.173	-57.1
15:50:11.181	-53.1
15:50:11.193	-53.2
15:50:11.206	-52.4
15:50:11.214	-49.4
15:50:11.226	-48.0
15:50:11.239	-47.0
15:50:11.251	-45.4
15:50:11.259	-43.5
15:50:11.271	-41.7
15:50:11.284	-39.6
15:50:11.292	-39.3
15:50:11.304	-38.3
15:50:11.316	-38.2
15:50:11.325	-38.5
15:50:11.337	-37.5
15:50:11.349	-37.0
15:50:11.361	-37.4
15:50:11.370	-37.7
15:50:11.382	-38.1
15:50:11.394	-36.2
15:50:11.402	-38.3
15:50:11.415	-38.7
15:50:11.427	-38.1
15:50:11.435	-38.0
15:50:11.447	-37.9
15:50:11.460	-36.3
15:50:11.468	-36.5
15:50:11.480	-35.6
15:50:11.493	-35.8
15:50:11.505	-36.6
15:50:11.513	-35.8
15:50:11.524	-34.0
15:50:11.537	-32.0
15:50:11.545	-31.1
15:50:11.557	-30.3
15:50:11.569	-30.5
15:50:11.578	-28.8
15:50:11.591	-27.3
15:50:11.603	-25.3
15:50:11.611	-22.9
15:50:11.624	-19.9
15:50:11.636	-19.6
15:50:11.644	-17.4
15:50:11.656	-14.9
15:50:11.669	-13.7
15:50:11.681	-11.7
15:50:11.689	-8.4
15:50:11.701	-8.6
15:50:11.714	-8.9
15:50:11.722	-10.6
15:50:11.734	-8.8
15:50:11.747	-7.0
15:50:11.759	-6.6
15:50:11.767	-7.1
15:50:11.779	-7.6
15:50:11.792	-6.2
15:50:11.800	-7.7
15:50:11.812	-5.8
15:50:11.824	-4.6
15:50:11.833	-3.6
15:50:11.845	-3.9
15:50:11.857	-4.0
15:50:11.865	-5.3
15:50:11.878	-5.6
15:50:11.890	-4.0
15:50:11.898	-4.1
15:50:11.910	-4.7
15:50:11.923	-5.8
15:50:11.935	-6.1
15:50:11.943	-5.1
15:50:11.955	-6.0
15:50:11.968	-5.7
15:50:11.976	-6.0
15:50:11.988	-4.7
15:50:12.000	-4.3
15:50:12.013	-4.9
15:50:12.021	-3.1
15:50:12.033	-0.5
15:50:12.045	-0.5
15:50:12.054	0.6
15:50:12.066	1.9
15:50:12.078	2.0
15:50:12.086	2.9
15:50:12.099	3.2
15:50:12.111	2.9
15:50:12.119	2.1
15:50:12.131	3.1
15:50:12.144	2.2
15:50:12.152	1.5
15:50:12.164	1.7
15:50:12.177	-0.4
15:50:12.189	0.1
15:50:12.197	0.2
15:50:12.209	-0.9
15:50:12.222	-1.8
15:50:12.230	-1.1
15:50:12.242	-2.8
15:50:12.254	-3.1
15:50:12.262	-1.4
15:50:12.275	0.4
15:50:12.287	1.0
15:50:12.295	-2.1
15:50:12.308	-2.6
15:50:12.320	-1.3
15:50:12.332	-0.9
15:50:12.340	-1.2
15:50:12.353	-1.5
15:50:12.365	-1.6
15:50:12.373	-2.3
15:50:12.385	-7.8
15:50:12.398	-8.5
15:50:12.406	-5.8
15:50:12.418	-5.7
15:50:12.430	-8.3
15:50:12.443	-8.4
15:50:12.451	-8.3
15:50:12.463	-7.2
15:50:12.475	-7.2
15:50:12.484	-8.2
15:50:12.496	-7.0
15:50:12.508	-6.3
15:50:12.516	-7.2
15:50:12.529	-6.5
15:50:12.541	-4.7
15:50:12.549	-4.7
15:50:12.561	-4.0
15:50:12.574	-2.9
15:50:12.582	-1.9
15:50:12.594	2.0
15:50:12.606	3.2
15:50:12.619	3.4
15:50:12.627	5.5
15:50:12.639	6.8
15:50:12.652	7.5
15:50:12.660	10.1
15:50:12.672	10.1
15:50:12.684	11.7
15:50:12.697	11.9
15:50:12.705	9.8
15:50:12.717	12.6
15:50:12.729	15.1
15:50:12.737	16.6
15:50:12.750	17.8
15:50:12.762	26.4
15:50:12.770	42.8
15:50:12.783	57.8
15:50:12.795	69.3
15:50:12.807	83.3
15:50:12.815	93.9
15:50:12.828	102.4
15:50:12.840	113.0
15:50:12.848	123.6
15:50:12.860	133.5
15:50:12.873	137.8
15:50:12.881	132.7
15:50:12.893	131.8
15:50:12.906	131.3
15:50:12.918	127.8
15:50:12.926	131.0
15:50:12.938	134.5
15:50:12.950	136.9
15:50:12.959	139.8
15:50:12.971	144.6
15:50:12.983	148.7
15:50:12.995	152.2
15:50:13.004	153.8
15:50:13.016	155.7
15:50:13.028	161.3
15:50:13.036	163.0
15:50:13.049	165.6
15:50:13.061	166.6
15:50:13.069	164.9
15:50:13.082	162.8
15:50:13.094	161.0
15:50:13.102	160.3
15:50:13.114	160.8
15:50:13.127	161.3
15:50:13.135	159.8
15:50:13.147	159.5
15:50:13.159	160.5
15:50:13.172	161.4
15:50:13.180	161.2
15:50:13.192	163.2
15:50:13.204	163.5
15:50:13.213	164.8
15:50:13.225	165.5
15:50:13.237	166.2
15:50:13.245	168.3
15:50:13.258	171.4
15:50:13.270	172.3
15:50:13.282	174.8
15:50:13.290	181.5
15:50:13.303	184.4
15:50:13.315	191.9
15:50:13.323	195.2
15:50:13.335	200.6
15:50:13.348	204.7
15:50:13.356	208.4
15:50:13.368	209.9
15:50:13.381	211.7
15:50:13.389	213.8
15:50:13.401	213.0
15:50:13.413	214.5
15:50:13.425	211.7
15:50:13.434	213.4
15:50:13.446	211.6
15:50:13.458	209.7
15:50:13.466	206.2
15:50:13.479	205.8
15:50:13.491	204.5
15:50:13.499	203.3
15:50:13.512	204.5
15:50:13.524	202.8
15:50:13.532	204.0
15:50:13.544	202.6
15:50:13.556	202.4
15:50:13.565	205.3
15:50:13.577	209.6
15:50:13.589	211.4
15:50:13.602	214.3
15:50:13.610	215.9
15:50:13.622	217.1
15:50:13.634	218.6
15:50:13.642	218.0
15:50:13.655	221.5
15:50:13.667	223.6
15:50:13.679	221.7
15:50:13.688	223.1
15:50:13.700	222.3
15:50:13.712	220.6
15:50:13.720	218.5
15:50:13.733	216.1
15:50:13.745	216.3
15:50:13.753	215.5
15:50:13.765	212.2
15:50:13.778	209.8
15:50:13.786	209.9
15:50:13.798	205.9
15:50:13.810	205.4
15:50:13.819	204.6
15:50:13.831	206.0
15:50:13.843	206.5
15:50:13.855	206.3
15:50:13.864	203.8
15:50:13.876	204.1
15:50:13.888	204.1
15:50:13.896	201.5
15:50:13.909	199.4
15:50:13.921	194.4
15:50:13.933	192.6
15:50:13.942	189.5
15:50:13.954	187.5
15:50:13.966	181.4
15:50:13.974	178.2
15:50:13.986	172.6
15:50:13.999	169.4
15:50:14.007	166.9
15:50:14.019	162.4
15:50:14.032	158.4
15:50:14.040	152.5
15:50:14.052	145.5
15:50:14.064	139.2
15:50:14.072	134.3
15:50:14.085	129.1
15:50:14.097	124.0
15:50:14.109	117.1
15:50:14.117	110.4
15:50:14.130	105.1
15:50:14.142	101.5
15:50:14.150	96.2
15:50:14.162	93.0
15:50:14.175	88.4
15:50:14.183	84.6
15:50:14.195	80.0
15:50:14.208	75.2
15:50:14.216	69.0
15:50:14.228	66.1
15:50:14.240	62.7
15:50:14.253	58.6
15:50:14.261	55.0
15:50:14.273	51.3
15:50:14.285	47.7
15:50:14.294	45.1
15:50:14.306	42.8
15:50:14.318	37.6
15:50:14.326	36.0
15:50:14.339	29.8
15:50:14.351	24.3
15:50:14.363	21.3
15:50:14.371	17.5
15:50:14.384	10.0
15:50:14.396	-8.1
15:50:14.404	-27.9
15:50:14.416	-47.3
15:50:14.429	-63.8
15:50:14.437	-83.2
15:50:14.449	-98.9
15:50:14.462	-114.8
15:50:14.474	-128.8
15:50:14.482	-145.0
15:50:14.495	-157.3
15:50:14.507	-160.0
15:50:14.515	-161.0
15:50:14.527	-164.0
15:50:14.540	-170.8
15:50:14.552	-173.7
15:50:14.560	-177.2
15:50:14.572	-182.0
15:50:14.585	-191.7
15:50:14.593	-194.8
15:50:14.605	-199.0
15:50:14.617	-200.6
15:50:14.626	-204.2
15:50:14.638	-204.5
15:50:14.650	-201.8
15:50:14.662	-203.2
15:50:14.671	-202.5
15:50:14.683	-201.2
15:50:14.695	-195.7
15:50:14.703	-194.7
15:50:14.716	-191.8
15:50:14.728	-193.2
15:50:14.736	-190.9
15:50:14.748	-187.5
15:50:14.761	-183.5
15:50:14.769	-181.1
15:50:14.781	-180.4
15:50:14.793	-177.2
15:50:14.802	-177.2
15:50:14.814	-175.7
15:50:14.826	-178.6
15:50:14.838	-179.9
15:50:14.847	-182.2
15:50:14.859	-185.8
15:50:14.871	-191.3
15:50:14.880	-191.2
15:50:14.892	-192.3
15:50:14.904	-195.8
15:50:14.916	-197.7
15:50:14.925	-199.8
15:50:14.937	-198.3
15:50:14.949	-196.7
15:50:14.957	-195.8
15:50:14.969	-191.8
15:50:14.982	-188.0
15:50:14.990	-187.1
15:50:15.002	-186.3
15:50:15.015	-183.7
15:50:15.023	-182.2
15:50:15.035	-180.1
15:50:15.047	-177.0
15:50:15.056	-172.6
15:50:15.068	-170.8
15:50:15.080	-172.4
15:50:15.092	-171.9
15:50:15.101	-169.7
15:50:15.113	-166.8
15:50:15.125	-164.2
15:50:15.133	-159.3
15:50:15.146	-158.8
15:50:15.158	-159.3
15:50:15.166	-156.8
15:50:15.178	-156.7
15:50:15.191	-154.2
15:50:15.203	-152.7
15:50:15.211	-150.9
15:50:15.223	-149.9
15:50:15.236	-148.8
15:50:15.244	-149.0
15:50:15.256	-146.6
15:50:15.268	-144.5
15:50:15.277	-145.5
15:50:15.289	-142.4
15:50:15.301	-140.1
15:50:15.309	-137.0
15:50:15.322	-135.2
15:50:15.334	-132.5
15:50:15.346	-131.5
15:50:15.354	-129.3
15:50:15.367	-127.5
15:50:15.379	-125.9
15:50:15.387	-123.6
15:50:15.399	-119.8
15:50:15.412	-117.8
15:50:15.420	-115.6
15:50:15.432	-114.6
15:50:15.444	-112.2
15:50:15.453	-109.2
15:50:15.465	-107.8
15:50:15.477	-105.8
15:50:15.486	-104.4
15:50:15.498	-102.1
15:50:15.510	-102.1
15:50:15.522	-99.9
15:50:15.530	-100.2
15:50:15.543	-96.4
15:50:15.555	-94.5
15:50:15.563	-94.2
15:50:15.576	-91.5
15:50:15.588	-89.7
15:50:15.600	-87.3
15:50:15.608	-88.3
15:50:15.621	-84.3
15:50:15.633	-84.5
15:50:15.641	-80.9
15:50:15.653	-82.2
15:50:15.666	-82.3
15:50:15.674	-79.4
15:50:15.686	-79.4
15:50:15.698	-75.8
15:50:15.707	-75.3
15:50:15.719	-71.6
15:50:15.731	-69.8
15:50:15.739	-67.3
15:50:15.752	-66.6
15:50:15.764	-63.7
15:50:15.776	-59.4
15:50:15.784	-57.1
15:50:15.797	-54.4
15:50:15.809	-53.8
15:50:15.817	-50.4
15:50:15.829	-47.9
15:50:15.842	-45.4
15:50:15.854	-42.1
15:50:15.862	-40.0
15:50:15.875	-36.4
15:50:15.887	-37.7
15:50:15.895	-34.4
15:50:15.907	-33.2
15:50:15.920	-31.4
15:50:15.928	-29.0
15:50:15.940	-28.8
15:50:15.952	-27.3
15:50:15.960	-25.6
15:50:15.973	-21.7
15:50:15.985	-23.7
15:50:15.993	-20.2
15:50:16.006	-21.3
15:50:16.018	-17.4
15:50:16.030	-16.6
15:50:16.038	-17.1
15:50:16.051	-13.6
15:50:16.063	-13.4
15:50:16.071	-11.8
15:50:16.083	-12.3
15:50:16.096	-9.3
15:50:16.104	-7.5
15:50:16.116	-4.5
15:50:16.129	-4.8
15:50:16.137	-3.2
15:50:16.149	2.2
15:50:16.161	3.3
15:50:16.174	5.8
15:50:16.182	8.8
15:50:16.194	12.5
15:50:16.207	18.9
15:50:16.215	21.9
15:50:16.227	26.1
15:50:16.239	31.8
15:50:16.247	35.6
15:50:16.260	37.9
15:50:16.272	43.5
15:50:16.284	49.1
15:50:16.292	53.7
15:50:16.305	59.8
15:50:16.317	67.2
15:50:16.325	81.0
15:50:16.338	94.5
15:50:16.350	108.1
15:50:16.358	124.5
15:50:16.370	137.7
15:50:16.383	152.4
15:50:16.391	165.4
15:50:16.403	177.0
15:50:16.415	187.5
15:50:16.424	194.5
15:50:16.436	197.9
15:50:16.448	201.8
15:50:16.460	207.0
15:50:16.473	209.2
15:50:16.481	214.1
15:50:16.493	215.7
15:50:16.505	218.9
15:50:16.514	222.8
15:50:16.526	227.4
15:50:16.538	235.3
15:50:16.546	240.5
15:50:16.559	244.0
15:50:16.571	244.7
15:50:16.583	245.8
15:50:16.591	246.5
15:50:16.604	247.9
15:50:16.616	247.5
15:50:16.624	250.2
15:50:16.637	252.5
15:50:16.649	248.3
15:50:16.657	248.2
15:50:16.669	245.8
15:50:16.682	243.9
15:50:16.690	247.3
15:50:16.702	249.8
15:50:16.714	253.1
15:50:16.723	258.2
15:50:16.735	260.2
15:50:16.747	261.7
15:50:16.759	268.6
15:50:16.768	273.1
15:50:16.780	279.9
15:50:16.792	284.6
15:50:16.800	286.2
15:50:16.813	288.3
15:50:16.825	290.6
15:50:16.837	294.0
15:50:16.845	295.4
15:50:16.858	300.6
15:50:16.870	302.3
15:50:16.878	303.3
15:50:16.890	304.7
15:50:16.903	310.7
15:50:16.911	315.2
15:50:16.923	318.6
15:50:16.935	322.8
15:50:16.944	322.3
15:50:16.956	326.4
15:50:16.968	327.4
15:50:16.976	328.9
15:50:16.989	331.2
15:50:17.001	335.6
15:50:17.013	337.6
15:50:17.021	340.6
15:50:17.034	342.5
15:50:17.046	341.7
15:50:17.054	345.9
15:50:17.066	348.2
15:50:17.079	350.9
15:50:17.087	353.5
15:50:17.099	355.8
15:50:17.111	354.3
15:50:17.124	354.8
15:50:17.132	353.6
15:50:17.144	354.9
15:50:17.157	356.5
15:50:17.165	355.6
15:50:17.177	355.4
15:50:17.189	352.7
15:50:17.197	351.7
15:50:17.210	350.5
15:50:17.222	349.7
15:50:17.230	346.0
15:50:17.243	344.8
15:50:17.255	343.8
15:50:17.267	342.6
15:50:17.275	337.9
15:50:17.288	333.8
15:50:17.300	334.5
15:50:17.308	332.4
15:50:17.320	330.5
15:50:17.333	325.6
15:50:17.341	324.4
15:50:17.353	321.3
15:50:17.365	317.5
15:50:17.374	312.5
15:50:17.386	312.6
15:50:17.398	310.9
15:50:17.406	306.3
15:50:17.419	302.7
15:50:17.431	298.0
15:50:17.443	295.4
15:50:17.451	288.1
15:50:17.464	281.0
15:50:17.476	273.5
15:50:17.485	265.3
15:50:17.497	253.8
15:50:17.509	243.5
15:50:17.521	230.2
15:50:17.530	215.4
15:50:17.542	201.3
15:50:17.554	187.9
15:50:17.562	174.1
15:50:17.575	162.3
15:50:17.587	149.5
15:50:17.595	137.5
15:50:17.607	126.7
15:50:17.620	116.6
15:50:17.628	107.2
15:50:17.640	102.0
15:50:17.652	93.0
15:50:17.661	85.0
15:50:17.673	78.9
15:50:17.685	72.7
15:50:17.698	67.4
15:50:17.706	60.6
15:50:17.718	57.1
15:50:17.730	50.6
15:50:17.738	47.9
15:50:17.751	39.5
15:50:17.763	37.8
15:50:17.775	36.4
15:50:17.783	33.3
15:50:17.796	29.3
15:50:17.808	25.9
15:50:17.816	25.1
15:50:17.829	22.1
15:50:17.841	20.7
15:50:17.849	15.5
15:50:17.862	14.7
15:50:17.874	10.5
15:50:17.882	5.5
15:50:17.894	0.4
15:50:17.906	-4.3
15:50:17.915	-8.9
15:50:17.927	-14.0
15:50:17.939	-20.7
15:50:17.952	-29.2
15:50:17.960	-37.3
15:50:17.972	-46.8
15:50:17.984	-56.0
15:50:17.993	-66.8
15:50:18.005	-74.3
15:50:18.017	-83.9
15:50:18.025	-94.7
15:50:18.037	-101.4
15:50:18.049	-108.7
15:50:18.057	-112.3
15:50:18.070	-116.4
15:50:18.082	-122.3
15:50:18.094	-130.3
15:50:18.102	-136.1
15:50:18.115	-146.0
15:50:18.127	-154.5
15:50:18.135	-162.8
15:50:18.147	-174.2
15:50:18.160	-181.8
15:50:18.168	-193.6
15:50:18.180	-203.2
15:50:18.192	-210.3
15:50:18.205	-212.5
15:50:18.213	-215.6
15:50:18.225	-216.7
15:50:18.238	-215.5
15:50:18.246	-215.1
15:50:18.258	-215.3
15:50:18.270	-216.1
15:50:18.279	-219.1
15:50:18.291	-224.7
15:50:18.303	-229.1
15:50:18.311	-237.6
15:50:18.324	-243.9
15:50:18.336	-249.5
15:50:18.344	-257.4
15:50:18.356	-263.0
15:50:18.369	-267.9
15:50:18.381	-275.3
15:50:18.389	-277.6
15:50:18.402	-277.6
15:50:18.414	-276.4
15:50:18.426	-275.3
15:50:18.434	-274.8
15:50:18.447	-275.0
15:50:18.459	-275.4
15:50:18.467	-276.4
15:50:18.479	-276.0
15:50:18.492	-275.1
15:50:18.504	-274.7
15:50:18.512	-274.3
15:50:18.524	-278.2
15:50:18.537	-277.5
15:50:18.545	-275.9
15:50:18.557	-274.8
15:50:18.569	-271.6
15:50:18.578	-268.8
15:50:18.590	-267.7
15:50:18.602	-265.7
15:50:18.610	-261.0
15:50:18.623	-258.9
15:50:18.635	-253.1
15:50:18.643	-250.1
15:50:18.655	-249.4
15:50:18.668	-245.5
15:50:18.680	-243.8
15:50:18.688	-240.3
15:50:18.700	-237.5
15:50:18.713	-233.6
15:50:18.721	-232.2
15:50:18.733	-226.6
15:50:18.746	-224.7
15:50:18.758	-221.3
15:50:18.766	-217.9
15:50:18.778	-216.3
15:50:18.791	-212.6
15:50:18.799	-210.1
15:50:18.811	-207.4
15:50:18.823	-204.3
15:50:18.832	-202.3
15:50:18.844	-200.1
15:50:18.856	-195.8
15:50:18.864	-194.2
15:50:18.877	-190.6
15:50:18.889	-187.8
15:50:18.897	-186.9
15:50:18.910	-184.9
15:50:18.922	-181.9
15:50:18.934	-180.7
15:50:18.942	-179.3
15:50:18.955	-179.3
15:50:18.967	-178.8
15:50:18.975	-176.6
15:50:18.987	-175.5
15:50:19.000	-173.4
15:50:19.008	-170.4
15:50:19.020	-167.8
15:50:19.032	-167.7
15:50:19.045	-164.0
15:50:19.053	-160.8
15:50:19.065	-156.3
15:50:19.077	-152.8
15:50:19.086	-150.9
15:50:19.098	-146.5
15:50:19.110	-144.6
15:50:19.118	-142.2
15:50:19.131	-138.4
15:50:19.143	-133.3
15:50:19.151	-132.8
15:50:19.164	-129.5
15:50:19.176	-127.3
15:50:19.188	-124.3
15:50:19.196	-120.6
15:50:19.209	-118.8
15:50:19.221	-115.3
15:50:19.229	-111.4
15:50:19.241	-109.7
15:50:19.254	-107.7
15:50:19.262	-103.6
15:50:19.274	-102.0
15:50:19.286	-99.1
15:50:19.294	-97.0
15:50:19.307	-94.6
15:50:19.319	-92.7
15:50:19.327	-91.1
15:50:19.340	-86.7
15:50:19.352	-85.2
15:50:19.364	-81.9
15:50:19.372	-78.9
15:50:19.385	-77.1
15:50:19.397	-76.3
15:50:19.405	-76.2
15:50:19.417	-74.7
15:50:19.430	-72.3
15:50:19.442	-67.8
15:50:19.450	-67.7
15:50:19.462	-63.6
15:50:19.475	-62.1
15:50:19.483	-60.9
15:50:19.495	-57.2
15:50:19.507	-55.2
15:50:19.516	-52.3
15:50:19.528	-49.7
15:50:19.540	-46.4
15:50:19.548	-44.3
15:50:19.561	-37.2
15:50:19.573	-32.1
15:50:19.581	-24.0
15:50:19.593	-17.2
15:50:19.606	-10.7
15:50:19.618	-2.6
15:50:19.626	6.1
15:50:19.638	17.8
15:50:19.651	27.0
15:50:19.659	37.4
15:50:19.671	42.9
15:50:19.684	51.0
15:50:19.696	57.7
15:50:19.704	65.9
15:50:19.716	71.4
15:50:19.729	79.6
15:50:19.737	86.6
15:50:19.749	90.4
15:50:19.761	95.9
15:50:19.770	101.0
15:50:19.782	106.9
15:50:19.794	110.9
15:50:19.802	116.0
15:50:19.815	121.3
15:50:19.827	125.9
15:50:19.835	129.1
15:50:19.848	133.6
15:50:19.860	140.2
15:50:19.872	148.4
15:50:19.880	155.1
15:50:19.893	160.8
15:50:19.905	165.4
15:50:19.913	169.7
15:50:19.925	173.1
15:50:19.938	179.0
15:50:19.946	182.1
15:50:19.958	184.5
15:50:19.971	185.3
15:50:19.979	183.7
15:50:19.991	183.2
15:50:20.003	183.9
15:50:20.016	186.9
15:50:20.024	188.8
15:50:20.036	191.9
15:50:20.048	194.5
15:50:20.056	196.1
15:50:20.069	200.8
15:50:20.081	203.6
15:50:20.089	206.1
15:50:20.102	205.9
15:50:20.114	207.4
15:50:20.126	206.5
15:50:20.134	206.1
15:50:20.147	204.0
15:50:20.159	203.1
15:50:20.167	204.2
15:50:20.179	201.0
15:50:20.192	199.1
15:50:20.200	198.9
15:50:20.212	198.6
15:50:20.224	197.1
15:50:20.233	195.6
15:50:20.245	192.4
15:50:20.257	191.7
15:50:20.265	187.4
15:50:20.278	185.1
15:50:20.290	181.5
15:50:20.302	180.6
15:50:20.310	178.0
15:50:20.323	177.8
15:50:20.335	175.0
15:50:20.343	172.7
15:50:20.355	171.5
15:50:20.368	169.3
15:50:20.380	169.8
15:50:20.388	167.4
15:50:20.401	168.2
15:50:20.413	164.0
15:50:20.425	160.0
15:50:20.433	156.7
15:50:20.446	156.4
15:50:20.458	152.7
15:50:20.466	150.9
15:50:20.478	147.6
15:50:20.490	144.6
15:50:20.499	141.6
15:50:20.511	136.9
15:50:20.523	134.7
15:50:20.531	131.9
15:50:20.544	127.1
15:50:20.556	120.7
15:50:20.564	118.0
15:50:20.577	113.9
15:50:20.589	108.8
15:50:20.601	104.2
15:50:20.609	99.2
15:50:20.622	95.6
15:50:20.634	91.7
15:50:20.642	88.5
15:50:20.654	85.6
15:50:20.667	81.9
15:50:20.679	79.4
15:50:20.687	76.4
15:50:20.699	73.9
15:50:20.712	70.9
15:50:20.720	69.1
15:50:20.732	67.9
15:50:20.744	67.4
15:50:20.753	67.4
15:50:20.765	67.9
15:50:20.777	70.5
15:50:20.785	71.4
15:50:20.798	72.9
15:50:20.810	77.5
15:50:20.818	81.1
15:50:20.830	85.3
15:50:20.843	88.9
15:50:20.855	101.6
15:50:20.863	118.0
15:50:20.875	134.6
15:50:20.888	152.3
15:50:20.896	171.5
15:50:20.908	189.2
15:50:20.920	208.4
15:50:20.929	229.5
15:50:20.941	249.9
15:50:20.953	269.6
15:50:20.966	278.9
15:50:20.974	285.0
15:50:20.986	289.5
15:50:20.998	292.6
15:50:21.007	293.8
15:50:21.019	297.3
15:50:21.031	299.2
15:50:21.039	298.5
15:50:21.052	298.3
15:50:21.064	299.0
15:50:21.072	299.5
15:50:21.084	299.1
15:50:21.097	298.9
15:50:21.109	296.6
15:50:21.117	296.7
15:50:21.129	293.4
15:50:21.142	289.2
15:50:21.150	284.1
15:50:21.162	281.3
15:50:21.174	278.3
15:50:21.183	274.5
15:50:21.195	271.3
15:50:21.207	269.5
15:50:21.215	266.3
15:50:21.228	264.5
15:50:21.240	263.4
15:50:21.248	262.9
15:50:21.260	263.1
15:50:21.273	261.4
15:50:21.285	259.3
15:50:21.293	256.9
15:50:21.305	253.9
15:50:21.318	250.0
15:50:21.326	246.9
15:50:21.338	243.7
15:50:21.350	238.8
15:50:21.363	234.8
15:50:21.371	230.2
15:50:21.383	227.2
15:50:21.395	222.1
15:50:21.404	218.8
15:50:21.416	214.2
15:50:21.428	210.8
15:50:21.436	208.7
15:50:21.449	203.4
15:50:21.461	200.8
15:50:21.469	196.8
15:50:21.481	194.7
15:50:21.494	189.3
15:50:21.502	188.4
15:50:21.514	186.4
15:50:21.527	181.9
15:50:21.539	178.8
15:50:21.547	176.6
15:50:21.559	174.2
15:50:21.572	169.7
15:50:21.580	166.4
15:50:21.592	164.3
15:50:21.604	164.2
15:50:21.617	160.6
15:50:21.625	158.1
15:50:21.637	159.6
15:50:21.649	156.7
15:50:21.658	155.3
15:50:21.670	154.4
15:50:21.682	155.0
15:50:21.690	157.0
15:50:21.703	156.6
15:50:21.715	153.4
15:50:21.723	151.8
15:50:21.735	149.3
15:50:21.748	146.9
15:50:21.756	145.4
15:50:21.768	142.4
15:50:21.780	140.7
15:50:21.793	140.5
15:50:21.801	134.6
15:50:21.813	131.6
15:50:21.825	130.4
15:50:21.834	129.3
15:50:21.846	127.1
15:50:21.858	123.2
15:50:21.866	122.6
15:50:21.879	124.0
15:50:21.891	125.6
15:50:21.899	125.8
15:50:21.911	128.7
15:50:21.924	131.5
15:50:21.936	134.2
15:50:21.944	134.3
15:50:21.956	137.6
15:50:21.969	142.5
15:50:21.977	143.6
15:50:21.989	140.7
15:50:22.002	139.6
15:50:22.010	138.4
15:50:22.022	136.2
15:50:22.035	134.2
15:50:22.047	131.2
15:50:22.055	131.5
15:50:22.067	131.3
15:50:22.080	130.2
15:50:22.088	129.8
15:50:22.100	130.8
15:50:22.112	129.1
15:50:22.121	128.9
15:50:22.133	129.0
15:50:22.145	128.5
15:50:22.153	130.3
15:50:22.166	131.5
15:50:22.178	128.0
15:50:22.186	127.7
15:50:22.198	129.0
15:50:22.211	135.2
15:50:22.223	143.3
15:50:22.231	173.2
15:50:22.244	226.4
15:50:22.256	279.0
15:50:22.264	331.4
15:50:22.277	382.0
15:50:22.289	436.6
15:50:22.301	486.6
15:50:22.309	536.1
15:50:22.322	580.1
15:50:22.334	621.2
15:50:22.346	639.5
15:50:22.354	634.8
15:50:22.367	630.6
15:50:22.379	622.3
15:50:22.387	616.1
15:50:22.399	607.2
15:50:22.412	601.0
15:50:22.420	593.0
15:50:22.432	584.1
15:50:22.444	575.7
15:50:22.453	568.3
15:50:22.464	562.7
15:50:22.476	554.8
15:50:22.485	548.6
15:50:22.497	538.5
15:50:22.509	531.4
15:50:22.521	520.6
15:50:22.530	509.5
15:50:22.542	498.4
15:50:22.554	488.5
15:50:22.562	474.5
15:50:22.575	459.0
15:50:22.587	444.4
15:50:22.599	426.7
15:50:22.607	414.8
15:50:22.620	398.7
15:50:22.632	385.9
15:50:22.640	374.0
15:50:22.653	362.2
15:50:22.665	350.3
15:50:22.673	342.2
15:50:22.685	334.4
15:50:22.698	325.5
15:50:22.707	320.7
15:50:22.719	314.0
15:50:22.731	309.0
15:50:22.740	302.5
15:50:22.752	298.2
15:50:22.764	296.1
15:50:22.776	291.8
15:50:22.785	287.3
15:50:22.797	281.6
15:50:22.809	275.6
15:50:22.817	268.3
15:50:22.830	263.5
15:50:22.842	259.2
15:50:22.850	255.9
15:50:22.862	252.4
15:50:22.875	245.2
15:50:22.887	242.7
15:50:22.895	238.9
15:50:22.907	236.6
15:50:22.920	235.3
15:50:22.928	233.5
15:50:22.940	227.1
15:50:22.952	220.5
15:50:22.961	216.9
15:50:22.973	210.1
15:50:22.985	208.1
15:50:22.993	202.9
15:50:23.006	202.0
15:50:23.018	198.9
15:50:23.030	197.3
15:50:23.038	198.4
15:50:23.051	200.1
15:50:23.063	203.5
15:50:23.071	201.5
15:50:23.083	202.5
15:50:23.096	201.8
15:50:23.104	202.5
15:50:23.116	197.5
15:50:23.128	192.4
15:50:23.137	185.7
15:50:23.149	177.6
15:50:23.162	171.1
15:50:23.169	163.4
15:50:23.182	156.1
15:50:23.193	149.5
15:50:23.206	144.2
15:50:23.214	137.1
15:50:23.226	135.4
15:50:23.238	132.6
15:50:23.246	130.8
15:50:23.259	129.4
15:50:23.271	126.5
15:50:23.283	119.4
15:50:23.292	114.1
15:50:23.304	107.7
15:50:23.316	98.3
15:50:23.324	92.7
15:50:23.337	80.0
15:50:23.349	70.8
15:50:23.357	60.3
15:50:23.370	51.3
15:50:23.383	39.3
15:50:23.390	32.4
15:50:23.403	23.8
15:50:23.415	15.9
15:50:23.423	11.0
15:50:23.435	-0.3
15:50:23.448	-7.6
15:50:23.460	-17.2
15:50:23.468	-25.8
15:50:23.480	-36.2
15:50:23.493	-43.8
15:50:23.501	-51.1
15:50:23.513	-55.6
15:50:23.525	-62.4
15:50:23.538	-72.0
15:50:23.546	-77.3
15:50:23.558	-88.0
15:50:23.570	-96.7
15:50:23.579	-107.3
15:50:23.591	-116.9
15:50:23.603	-128.2
15:50:23.611	-142.7
15:50:23.624	-156.9
15:50:23.636	-171.2
15:50:23.644	-184.8
15:50:23.656	-200.9
15:50:23.669	-209.5
15:50:23.677	-219.6
15:50:23.689	-227.8
15:50:23.702	-236.7
15:50:23.714	-243.0
15:50:23.722	-246.2
15:50:23.734	-252.5
15:50:23.747	-257.2
15:50:23.755	-260.2
15:50:23.767	-263.0
15:50:23.779	-274.2
15:50:23.787	-289.6
15:50:23.800	-306.0
15:50:23.812	-323.8
15:50:23.820	-340.7
15:50:23.833	-358.0
15:50:23.845	-373.7
15:50:23.857	-389.7
15:50:23.865	-406.0
15:50:23.878	-420.6
15:50:23.890	-426.4
15:50:23.898	-432.4
15:50:23.910	-434.9
15:50:23.923	-437.0
15:50:23.931	-442.1
15:50:23.943	-445.1
15:50:23.955	-449.6
15:50:23.968	-452.5
15:50:23.976	-455.6
15:50:23.988	-460.8
15:50:24.000	-469.6
15:50:24.009	-473.9
15:50:24.021	-481.0
15:50:24.033	-487.8
15:50:24.041	-491.4
15:50:24.054	-498.6
15:50:24.066	-503.0
15:50:24.074	-511.8
15:50:24.086	-521.2
15:50:24.099	-529.2
15:50:24.107	-536.0
15:50:24.119	-541.1
15:50:24.131	-546.5
15:50:24.144	-550.5
15:50:24.152	-556.2
15:50:24.164	-558.2
15:50:24.176	-561.0
15:50:24.185	-561.3
15:50:24.197	-560.1
15:50:24.209	-558.8
15:50:24.221	-556.4
15:50:24.230	-556.7
15:50:24.242	-553.0
15:50:24.254	-551.1
15:50:24.262	-546.7
15:50:24.275	-544.2
15:50:24.287	-542.0
15:50:24.299	-539.1
15:50:24.308	-536.5
15:50:24.320	-534.3
15:50:24.332	-529.2
15:50:24.340	-525.8
15:50:24.353	-526.1
15:50:24.365	-522.7
15:50:24.373	-523.2
15:50:24.385	-521.7
15:50:24.398	-520.1
15:50:24.406	-517.0
15:50:24.418	-516.0
15:50:24.431	-512.8
15:50:24.443	-513.8
15:50:24.451	-510.0
15:50:24.463	-504.9
15:50:24.475	-500.5
15:50:24.484	-496.3
15:50:24.496	-493.5
15:50:24.508	-488.3
15:50:24.520	-484.2
15:50:24.529	-477.0
15:50:24.541	-472.5
15:50:24.553	-467.4
15:50:24.561	-463.5
15:50:24.574	-459.2
15:50:24.586	-456.3
15:50:24.594	-450.6
15:50:24.606	-443.7
15:50:24.619	-439.6
15:50:24.627	-433.9
15:50:24.639	-430.9
15:50:24.651	-424.2
15:50:24.660	-419.2
15:50:24.672	-413.3
15:50:24.684	-410.0
15:50:24.696	-403.7
15:50:24.705	-399.5
15:50:24.717	-395.7
15:50:24.729	-390.1
15:50:24.738	-386.6
15:50:24.750	-380.0
15:50:24.762	-378.5
15:50:24.770	-374.1
15:50:24.783	-372.1
15:50:24.795	-367.5
15:50:24.807	-365.8
15:50:24.815	-363.9
15:50:24.828	-362.5
15:50:24.840	-362.2
15:50:24.848	-359.5
15:50:24.860	-359.1
15:50:24.873	-356.9
15:50:24.881	-355.9
15:50:24.893	-353.3
15:50:24.906	-350.3
15:50:24.914	-346.9
15:50:24.926	-340.7
15:50:24.938	-335.8
15:50:24.951	-329.9
15:50:24.959	-326.6
15:50:24.971	-320.9
15:50:24.983	-316.8
15:50:24.992	-315.3
15:50:25.004	-312.1
15:50:25.016	-307.3
15:50:25.024	-303.2
15:50:25.037	-300.6
15:50:25.049	-295.7
15:50:25.057	-293.6
15:50:25.069	-290.7
15:50:25.082	-289.5
15:50:25.090	-287.6
15:50:25.102	-281.8
15:50:25.114	-276.1
15:50:25.127	-273.6
15:50:25.135	-271.7
15:50:25.147	-268.7
15:50:25.159	-266.8
15:50:25.168	-263.2
15:50:25.180	-260.1
15:50:25.192	-255.7
15:50:25.204	-253.1
15:50:25.213	-249.2
15:50:25.225	-246.3
15:50:25.237	-243.4
15:50:25.245	-238.0
15:50:25.258	-235.0
15:50:25.270	-232.4
15:50:25.278	-230.2
15:50:25.290	-224.5
15:50:25.303	-224.0
15:50:25.311	-218.8
15:50:25.323	-217.8
15:50:25.336	-216.2
15:50:25.344	-212.2
15:50:25.356	-211.0
15:50:25.368	-207.9
15:50:25.381	-204.8
15:50:25.389	-200.9
15:50:25.401	-200.3
15:50:25.413	-195.4
15:50:25.422	-194.0
15:50:25.434	-188.5
15:50:25.446	-184.6
15:50:25.458	-184.8
15:50:25.467	-181.7
15:50:25.479	-180.0
15:50:25.491	-178.1
15:50:25.500	-176.4
15:50:25.512	-174.9
15:50:25.524	-172.8
15:50:25.532	-170.0
15:50:25.545	-169.3
15:50:25.557	-167.0
15:50:25.565	-164.1
15:50:25.577	-160.9
15:50:25.590	-158.2
15:50:25.598	-155.3
15:50:25.610	-152.6
15:50:25.622	-148.8
15:50:25.635	-146.1
15:50:25.643	-142.9
15:50:25.655	-139.1
15:50:25.667	-137.7
15:50:25.676	-133.6
15:50:25.688	-132.3
15:50:25.700	-128.8
15:50:25.708	-126.2
15:50:25.721	-123.1
15:50:25.733	-119.1
15:50:25.741	-117.0
15:50:25.753	-113.1
15:50:25.766	-109.5
15:50:25.778	-106.1
15:50:25.786	-102.7
15:50:25.798	-100.1
15:50:25.811	-95.9
15:50:25.819	-92.1
15:50:25.831	-89.1
15:50:25.843	-87.2
15:50:25.852	-82.9
15:50:25.864	-82.7
15:50:25.876	-81.2
15:50:25.888	-79.4
15:50:25.897	-78.5
15:50:25.909	-75.2
15:50:25.921	-74.0
15:50:25.929	-72.3
15:50:25.942	-69.0
15:50:25.954	-66.4
15:50:25.962	-65.4
15:50:25.974	-60.4
15:50:25.987	-56.8
15:50:25.995	-54.3
15:50:26.007	-50.9
15:50:26.020	-47.4
15:50:26.028	-45.5
15:50:26.040	-43.0
15:50:26.052	-39.8
15:50:26.065	-36.3
15:50:26.073	-33.0
15:50:26.085	-25.3
15:50:26.097	-17.3
15:50:26.105	-8.0
15:50:26.118	1.4
15:50:26.130	9.9
15:50:26.142	19.0
15:50:26.151	27.4
15:50:26.163	33.0
15:50:26.175	38.4
15:50:26.183	43.7
15:50:26.196	44.8
15:50:26.208	46.4
15:50:26.216	46.1
15:50:26.228	45.5
15:50:26.241	42.9
15:50:26.249	42.6
15:50:26.261	43.0
15:50:26.273	42.5
15:50:26.282	43.3
15:50:26.294	44.9
15:50:26.306	42.3
15:50:26.318	40.2
15:50:26.327	39.3
15:50:26.339	36.6
15:50:26.351	36.7
15:50:26.360	33.9
15:50:26.372	32.2
15:50:26.384	29.2
15:50:26.392	24.8
15:50:26.404	22.8
15:50:26.417	23.6
15:50:26.429	20.0
15:50:26.437	16.9
15:50:26.449	16.9
15:50:26.462	14.8
15:50:26.470	13.9
15:50:26.482	10.1
15:50:26.494	11.0
15:50:26.507	11.0
15:50:26.515	8.8
15:50:26.527	6.4
15:50:26.535	6.5
15:50:26.548	6.0
15:50:26.560	3.6
15:50:26.572	2.7
15:50:26.581	0.4
15:50:26.593	1.0
15:50:26.605	-3.7
15:50:26.613	-6.3
15:50:26.626	-10.3
15:50:26.638	-12.5
15:50:26.650	-13.2
15:50:26.658	-14.1
15:50:26.671	-15.4
15:50:26.683	-15.9
15:50:26.691	-15.3
15:50:26.704	-16.6
15:50:26.716	-14.8
15:50:26.728	-15.0
15:50:26.736	-13.0
15:50:26.749	-12.4
15:50:26.761	-13.4
15:50:26.769	-12.8
15:50:26.781	-11.2
15:50:26.794	-11.9
15:50:26.802	-13.9
15:50:26.814	-14.5
15:50:26.826	-16.4
15:50:26.835	-16.3
15:50:26.847	-16.9
15:50:26.859	-16.7
15:50:26.871	-16.5
15:50:26.880	-17.8
15:50:26.892	-19.1
15:50:26.904	-19.7
15:50:26.912	-18.0
15:50:26.925	-17.0
15:50:26.937	-12.9
15:50:26.945	-11.5
15:50:26.957	-10.3
15:50:26.970	-9.6
15:50:26.978	-8.3
15:50:26.990	-5.5
15:50:27.002	-4.1
15:50:27.011	-3.0
15:50:27.023	-1.2
15:50:27.035	-1.6
15:50:27.047	-2.2
15:50:27.056	-3.1
15:50:27.068	-2.4
15:50:27.080	-2.6
15:50:27.088	-3.8
15:50:27.101	-4.1
15:50:27.113	-3.2
15:50:27.125	-1.4
15:50:27.133	-0.4
15:50:27.146	1.8
15:50:27.158	0.5
15:50:27.166	2.9
15:50:27.179	2.1
15:50:27.191	3.0
15:50:27.199	4.7
15:50:27.211	6.5
15:50:27.224	6.1
15:50:27.232	7.7
15:50:27.244	7.2
15:50:27.256	6.5
15:50:27.265	8.2
15:50:27.277	6.7
15:50:27.289	7.9
15:50:27.301	9.3
15:50:27.310	7.8
15:50:27.322	7.2
15:50:27.334	7.8
15:50:27.342	5.6
15:50:27.355	4.5
15:50:27.367	5.8
15:50:27.379	6.5
15:50:27.387	9.4
15:50:27.400	9.3
15:50:27.412	9.1
15:50:27.420	12.2
15:50:27.432	12.6
15:50:27.445	15.3
15:50:27.453	17.1
15:50:27.465	19.3
15:50:27.477	19.9
15:50:27.486	21.6
15:50:27.498	22.9
15:50:27.510	26.7
15:50:27.518	28.8
15:50:27.531	30.2
15:50:27.543	32.9
15:50:27.555	33.8
15:50:27.564	34.7
15:50:27.576	38.1
15:50:27.588	39.5
15:50:27.596	41.4
15:50:27.609	45.1
15:50:27.621	47.2
15:50:27.629	55.5
15:50:27.641	68.4
15:50:27.654	80.8
15:50:27.662	94.5
15:50:27.674	111.4
15:50:27.686	122.9
15:50:27.699	136.9
15:50:27.707	149.6
15:50:27.719	158.6
15:50:27.731	169.6
15:50:27.740	174.5
15:50:27.752	175.8
15:50:27.764	177.7
15:50:27.772	178.4
15:50:27.785	177.1
15:50:27.797	179.0
15:50:27.809	182.5
15:50:27.817	190.6
15:50:27.830	205.4
15:50:27.842	218.1
15:50:27.850	233.4
15:50:27.862	244.8
15:50:27.875	257.0
15:50:27.883	266.6
15:50:27.895	277.4
15:50:27.907	285.9
15:50:27.916	293.0
15:50:27.928	296.2
15:50:27.940	292.6
15:50:27.948	290.6
15:50:27.961	288.4
15:50:27.973	287.7
15:50:27.985	285.7
15:50:27.993	285.0
15:50:28.006	284.3
15:50:28.018	282.9
15:50:28.026	282.4
15:50:28.038	279.7
15:50:28.051	278.3
15:50:28.063	276.6
15:50:28.071	274.1
15:50:28.084	271.6
15:50:28.096	270.9
15:50:28.104	270.0
15:50:28.116	267.1
15:50:28.129	264.0
15:50:28.137	262.5
15:50:28.149	260.7
15:50:28.161	256.5
15:50:28.170	252.3
15:50:28.182	249.2
15:50:28.194	247.7
15:50:28.206	243.2
15:50:28.215	242.2
15:50:28.227	237.3
15:50:28.239	236.0
15:50:28.247	231.4
15:50:28.260	228.3
15:50:28.272	225.8
15:50:28.284	223.9
15:50:28.292	220.9
15:50:28.305	214.5
15:50:28.317	211.1
15:50:28.325	203.6
15:50:28.337	199.7
15:50:28.350	192.4
15:50:28.362	186.4
15:50:28.370	180.2
15:50:28.382	175.8
15:50:28.395	170.0
15:50:28.403	163.0
15:50:28.415	156.7
15:50:28.427	147.0
15:50:28.436	140.0
15:50:28.449	130.8
15:50:28.461	122.7
15:50:28.469	113.9
15:50:28.482	104.4
15:50:28.494	94.2
15:50:28.502	83.5
15:50:28.515	72.6
15:50:28.527	65.9
15:50:28.539	59.6
15:50:28.547	50.8
15:50:28.559	44.7
15:50:28.572	40.0
15:50:28.580	35.1
15:50:28.592	31.4
15:50:28.605	28.8
15:50:28.613	24.7
15:50:28.625	20.9
15:50:28.637	16.8
15:50:28.650	12.5
15:50:28.658	8.0
15:50:28.670	7.2
15:50:28.682	2.6
15:50:28.690	-7.7
15:50:28.702	-24.6
15:50:28.714	-42.9
15:50:28.723	-55.9
15:50:28.735	-69.1
15:50:28.747	-83.8
15:50:28.755	-98.0
15:50:28.768	-111.4
15:50:28.780	-126.9
15:50:28.792	-138.0
15:50:28.800	-143.8
15:50:28.813	-142.6
15:50:28.825	-141.3
15:50:28.833	-141.7
15:50:28.845	-143.2
15:50:28.858	-146.5
15:50:28.866	-149.8
15:50:28.878	-152.0
15:50:28.890	-158.6
15:50:28.899	-165.2
15:50:28.911	-172.2
15:50:28.923	-179.2
15:50:28.931	-184.4
15:50:28.944	-192.0
15:50:28.956	-196.7
15:50:28.968	-200.6
15:50:28.976	-204.2
15:50:28.989	-207.1
15:50:29.001	-210.1
15:50:29.009	-212.5
15:50:29.022	-216.8
15:50:29.034	-222.4
15:50:29.046	-226.3
15:50:29.054	-226.9
15:50:29.067	-230.8
15:50:29.079	-232.5
15:50:29.087	-235.9
15:50:29.100	-240.2
15:50:29.112	-237.9
15:50:29.120	-237.3
15:50:29.132	-235.4
15:50:29.145	-231.9
15:50:29.153	-230.0
15:50:29.165	-230.3
15:50:29.177	-229.0
15:50:29.185	-229.1
15:50:29.198	-227.6
15:50:29.210	-224.3
15:50:29.222	-224.2
15:50:29.231	-223.3
15:50:29.243	-223.4
15:50:29.255	-222.2
15:50:29.263	-221.4
15:50:29.276	-220.1
15:50:29.288	-218.7
15:50:29.300	-217.3
15:50:29.309	-215.5
15:50:29.321	-213.5
15:50:29.333	-212.0
15:50:29.341	-211.4
15:50:29.354	-208.3
15:50:29.366	-206.8
15:50:29.374	-206.4
15:50:29.386	-204.4
15:50:29.399	-202.0
15:50:29.407	-201.6
15:50:29.419	-198.5
15:50:29.431	-196.4
15:50:29.440	-195.4
15:50:29.452	-193.4
15:50:29.464	-190.6
15:50:29.476	-189.6
15:50:29.485	-185.0
15:50:29.497	-181.3
15:50:29.509	-180.0
15:50:29.517	-177.3
15:50:29.530	-177.6
15:50:29.542	-176.0
15:50:29.550	-172.3
15:50:29.562	-171.7
15:50:29.575	-169.9
15:50:29.583	-167.1
15:50:29.595	-165.2
15:50:29.607	-165.2
15:50:29.620	-164.5
15:50:29.628	-161.5
15:50:29.640	-155.1
15:50:29.653	-154.2
15:50:29.661	-152.3
15:50:29.673	-149.1
15:50:29.685	-148.4
15:50:29.693	-145.0
15:50:29.706	-142.7
15:50:29.718	-141.7
15:50:29.730	-138.4
15:50:29.739	-138.4
15:50:29.751	-139.9
15:50:29.763	-137.7
15:50:29.771	-137.4
15:50:29.783	-134.0
15:50:29.796	-131.7
15:50:29.804	-130.9
15:50:29.816	-129.3
15:50:29.829	-126.3
15:50:29.837	-123.7
15:50:29.849	-121.0
15:50:29.862	-119.0
15:50:29.870	-117.8
15:50:29.882	-116.6
15:50:29.894	-116.2
15:50:29.907	-116.5
15:50:29.915	-115.1
15:50:29.927	-115.6
15:50:29.940	-111.4
15:50:29.948	-109.0
15:50:29.960	-107.1
15:50:29.972	-105.7
15:50:29.985	-103.4
15:50:29.993	-101.3
15:50:30.005	-100.1
15:50:30.017	-95.9
15:50:30.026	-94.5
15:50:30.038	-92.1
15:50:30.050	-93.2
15:50:30.058	-92.9
15:50:30.071	-91.7
15:50:30.083	-89.2
15:50:30.091	-90.8
15:50:30.103	-89.1
15:50:30.116	-87.6
15:50:30.124	-87.8
15:50:30.136	-86.0
15:50:30.148	-84.4
15:50:30.161	-84.9
15:50:30.169	-83.5
15:50:30.181	-80.8
15:50:30.193	-80.5
15:50:30.202	-76.5
15:50:30.214	-76.3
15:50:30.226	-76.2
15:50:30.234	-73.8
15:50:30.247	-73.6
15:50:30.259	-72.9
15:50:30.271	-71.3
15:50:30.279	-71.3
15:50:30.292	-72.7
15:50:30.304	-72.0
15:50:30.312	-73.8
15:50:30.324	-72.0
15:50:30.337	-71.7
15:50:30.345	-72.0
15:50:30.357	-70.1
15:50:30.369	-69.8
15:50:30.382	-70.2
15:50:30.390	-70.2
15:50:30.402	-70.2
15:50:30.414	-69.9
15:50:30.423	-68.9
15:50:30.435	-69.9
15:50:30.447	-68.2
15:50:30.460	-68.5
15:50:30.468	-70.4
15:50:30.480	-69.7
15:50:30.492	-69.2
15:50:30.501	-67.6
15:50:30.513	-66.2
15:50:30.525	-67.1
15:50:30.533	-66.9
15:50:30.546	-65.5
15:50:30.558	-64.0
15:50:30.570	-63.7
15:50:30.578	-61.7
15:50:30.591	-62.1
15:50:30.603	-59.0
15:50:30.611	-61.3
15:50:30.623	-60.9
15:50:30.636	-59.4
15:50:30.644	-57.0
15:50:30.656	-57.9
15:50:30.668	-59.5
15:50:30.677	-58.6
15:50:30.689	-60.3
15:50:30.701	-60.3
15:50:30.713	-63.0
15:50:30.722	-60.9
15:50:30.734	-60.3
15:50:30.746	-60.3
15:50:30.754	-60.6
15:50:30.767	-60.4
15:50:30.779	-59.4
15:50:30.787	-64.5
15:50:30.799	-66.1
15:50:30.812	-71.3
15:50:30.820	-74.8
15:50:30.832	-80.3
15:50:30.844	-83.8
15:50:30.853	-88.7
15:50:30.865	-93.7
15:50:30.877	-98.4
15:50:30.889	-102.8
15:50:30.898	-101.5
15:50:30.910	-102.7
15:50:30.922	-101.6
15:50:30.931	-101.5
15:50:30.943	-100.2
15:50:30.955	-100.8
15:50:30.967	-100.3
15:50:30.975	-100.4
15:50:30.988	-99.4
15:50:31.000	-99.2
15:50:31.008	-99.4
15:50:31.021	-99.3
15:50:31.033	-100.4
15:50:31.041	-100.5
15:50:31.053	-100.3
15:50:31.066	-99.7
15:50:31.074	-99.0
15:50:31.086	-97.3
15:50:31.098	-95.8
15:50:31.107	-96.4
15:50:31.119	-93.9
15:50:31.131	-92.7
15:50:31.143	-89.9
15:50:31.152	-88.2
15:50:31.164	-88.7
15:50:31.176	-87.8
15:50:31.184	-88.1
15:50:31.197	-89.1
15:50:31.209	-88.9
15:50:31.221	-87.5
15:50:31.229	-89.2
15:50:31.242	-88.3
15:50:31.254	-87.1
15:50:31.262	-87.7
15:50:31.274	-86.5
15:50:31.287	-86.5
15:50:31.295	-84.7
15:50:31.307	-83.2
15:50:31.319	-82.3
15:50:31.328	-80.3
15:50:31.340	-78.5
15:50:31.352	-79.0
15:50:31.360	-80.1
15:50:31.373	-79.6
15:50:31.385	-77.9
15:50:31.397	-77.7
15:50:31.405	-77.1
15:50:31.418	-76.2
15:50:31.430	-75.3
15:50:31.439	-73.9
15:50:31.451	-73.0
15:50:31.463	-70.7
15:50:31.471	-68.5
15:50:31.484	-64.8
15:50:31.496	-64.4
15:50:31.504	-62.6
15:50:31.516	-61.3
15:50:31.529	-60.7
15:50:31.541	-58.1
15:50:31.549	-58.1
15:50:31.561	-56.9
15:50:31.574	-57.3
15:50:31.582	-56.0
15:50:31.594	-57.4
15:50:31.606	-55.8
15:50:31.615	-56.0
15:50:31.627	-54.0
15:50:31.639	-52.8
15:50:31.651	-53.3
15:50:31.660	-51.4
15:50:31.672	-50.4
15:50:31.684	-51.9
15:50:31.692	-54.7
15:50:31.705	-49.8
15:50:31.717	-49.1
15:50:31.725	-47.5
15:50:31.737	-48.5
15:50:31.750	-46.4
15:50:31.758	-45.7
15:50:31.770	-46.2
15:50:31.783	-46.8
15:50:31.791	-43.9
15:50:31.803	-40.3
15:50:31.815	-43.6
15:50:31.827	-42.3
15:50:31.836	-42.0
15:50:31.848	-42.2
15:50:31.860	-42.9
15:50:31.868	-43.5
15:50:31.881	-41.9
15:50:31.893	-41.3
15:50:31.905	-39.2
15:50:31.913	-39.0
15:50:31.926	-38.9
15:50:31.938	-39.3
15:50:31.946	-37.2
15:50:31.959	-34.7
15:50:31.971	-34.5
15:50:31.979	-31.2
15:50:31.991	-32.9
15:50:32.004	-32.7
15:50:32.012	-34.4
15:50:32.024	-36.8
15:50:32.036	-34.9
15:50:32.045	-34.2
15:50:32.057	-35.0
15:50:32.069	-36.4
15:50:32.081	-34.7
15:50:32.090	-36.5
15:50:32.102	-34.0
15:50:32.114	-33.8
15:50:32.122	-31.9
15:50:32.135	-29.3
15:50:32.147	-27.9
15:50:32.155	-27.9
15:50:32.167	-27.8
15:50:32.180	-25.2
15:50:32.192	-25.2
15:50:32.200	-24.8
15:50:32.213	-23.7
15:50:32.225	-22.5
15:50:32.233	-22.5
15:50:32.245	-21.9
15:50:32.258	-22.4
15:50:32.266	-22.8
15:50:32.278	-24.0
15:50:32.290	-24.9
15:50:32.299	-22.7
15:50:32.311	-23.3
15:50:32.323	-24.7
15:50:32.336	-23.4
15:50:32.344	-22.4
15:50:32.356	-22.3
15:50:32.368	-23.2
15:50:32.380	-21.6
15:50:32.389	-18.8
15:50:32.401	-18.0
15:50:32.413	-19.9
15:50:32.422	-18.8
15:50:32.434	-18.7
15:50:32.446	-20.7
15:50:32.454	-18.8
15:50:32.466	-18.1
15:50:32.479	-17.5
15:50:32.491	-17.3
15:50:32.499	-18.1
15:50:32.512	-16.6
15:50:32.524	-16.4
15:50:32.532	-16.8
15:50:32.544	-15.1
15:50:32.557	-14.7
15:50:32.565	-17.0
15:50:32.577	-17.8
15:50:32.589	-18.3
15:50:32.598	-18.5
15:50:32.610	-17.6
15:50:32.622	-18.2
15:50:32.634	-18.2
15:50:32.643	-15.8
15:50:32.655	-19.0
15:50:32.667	-18.8
15:50:32.675	-18.4
15:50:32.688	-18.5
15:50:32.700	-18.7
15:50:32.708	-18.5
15:50:32.721	-18.0
15:50:32.733	-20.2
15:50:32.741	-19.2
15:50:32.753	-19.8
15:50:32.765	-17.7
15:50:32.774	-17.2
15:50:32.786	-17.9
15:50:32.798	-15.8
15:50:32.810	-14.6
15:50:32.819	-15.5
15:50:32.831	-13.9
15:50:32.843	-11.4
15:50:32.851	-11.7
15:50:32.864	-10.7
15:50:32.876	-12.1
15:50:32.888	-10.6
15:50:32.896	-9.1
15:50:32.909	-11.1
15:50:32.921	-11.0
15:50:32.929	-11.8
15:50:32.941	-12.6
15:50:32.954	-12.1
15:50:32.962	-11.8
15:50:32.974	-13.3
15:50:32.987	-10.4
15:50:32.995	-10.0
15:50:33.007	-11.1
15:50:33.019	-9.1
15:50:33.028	-7.8
15:50:33.040	-5.3
15:50:33.052	-5.6
15:50:33.064	-6.4
15:50:33.073	-6.6
15:50:33.085	-6.9
15:50:33.097	-7.3
15:50:33.105	-7.4
15:50:33.118	-6.7
15:50:33.130	-8.4
15:50:33.142	-9.8
15:50:33.150	-11.0
15:50:33.163	-11.0
15:50:33.175	-11.2
15:50:33.183	-11.8
15:50:33.195	-11.1
15:50:33.208	-11.4
15:50:33.216	-11.8
15:50:33.228	-11.7
15:50:33.240	-10.6
15:50:33.249	-9.9
15:50:33.261	-9.5
15:50:33.273	-10.7
15:50:33.281	-10.2
15:50:33.294	-9.9
15:50:33.306	-10.0
15:50:33.318	-11.3
15:50:33.327	-11.1
15:50:33.339	-11.2
15:50:33.351	-10.4
15:50:33.359	-10.3
15:50:33.371	-10.0
15:50:33.384	-10.0
15:50:33.392	-8.7
15:50:33.404	-8.2
15:50:33.416	-7.3
15:50:33.425	-6.0
15:50:33.437	-5.5
15:50:33.449	-6.0
15:50:33.461	-5.0
15:50:33.470	-5.4
15:50:33.482	-2.2
15:50:33.494	-1.7
15:50:33.502	-2.7
15:50:33.515	-2.8
15:50:33.527	-3.5
15:50:33.535	-3.5
15:50:33.548	-3.5
15:50:33.560	-3.2
15:50:33.572	-4.5
15:50:33.580	-3.9
15:50:33.593	-7.0
15:50:33.605	-7.9
15:50:33.613	-7.5
15:50:33.625	-8.4
15:50:33.638	-8.3
15:50:33.646	-9.2
15:50:33.658	-9.6
15:50:33.670	-10.9
15:50:33.679	-11.1
15:50:33.691	-11.9
15:50:33.703	-10.0
15:50:33.711	-8.9
15:50:33.724	-5.2
15:50:33.736	-4.3
15:50:33.748	-2.2
15:50:33.757	-1.0
15:50:33.769	-2.8
15:50:33.781	0.1
15:50:33.789	-1.1
15:50:33.801	-0.3
15:50:33.814	-1.3
15:50:33.826	2.6
15:50:33.834	-2.5
15:50:33.846	-0.7
15:50:33.859	-2.7
15:50:33.867	-3.0
15:50:33.879	-0.5
15:50:33.892	-1.0
15:50:33.900	1.1
15:50:33.912	1.3
15:50:33.924	1.4
15:50:33.933	-1.3
15:50:33.945	-0.7
15:50:33.957	-1.1
15:50:33.966	-0.3
15:50:33.978	0.8
15:50:33.990	0.4
15:50:34.002	-0.6
15:50:34.010	-0.5
15:50:34.023	0.3
15:50:34.035	0.0
15:50:34.043	0.3
15:50:34.055	0.9
15:50:34.068	0.0
15:50:34.076	-1.1
15:50:34.088	-0.7
15:50:34.100	-0.1
15:50:34.113	1.0
15:50:34.121	0.3
15:50:34.133	0.0
15:50:34.146	0.0
15:50:34.154	0.5
15:50:34.166	2.7
15:50:34.178	3.3
15:50:34.186	6.1
15:50:34.199	5.2
15:50:34.211	5.4
15:50:34.219	6.8
15:50:34.232	8.4
15:50:34.244	10.3
15:50:34.257	12.9
15:50:34.265	15.3
15:50:34.277	16.5
15:50:34.289	19.5
15:50:34.297	18.4
15:50:34.310	19.0
15:50:34.322	20.2
15:50:34.334	18.6
15:50:34.343	19.8
15:50:34.355	19.9
15:50:34.367	20.4
15:50:34.375	18.9
15:50:34.388	18.5
15:50:34.400	16.3
15:50:34.412	16.5
15:50:34.420	18.6
15:50:34.433	19.4
15:50:34.445	23.8
15:50:34.453	23.8
15:50:34.465	25.6
15:50:34.478	26.0
15:50:34.486	28.4
15:50:34.498	31.3
15:50:34.510	36.0
15:50:34.519	41.3
15:50:34.531	43.2
15:50:34.543	46.3
15:50:34.555	46.9
15:50:34.564	50.5
15:50:34.576	53.5
15:50:34.588	57.1
15:50:34.596	59.4
15:50:34.609	63.5
15:50:34.621	63.5
15:50:34.629	64.7
15:50:34.641	67.1
15:50:34.654	68.6
15:50:34.662	73.0
15:50:34.674	76.4
15:50:34.686	80.7
15:50:34.695	81.8
15:50:34.707	85.0
15:50:34.719	82.9
15:50:34.731	83.4
15:50:34.740	84.4
15:50:34.752	86.1
15:50:34.764	85.1
15:50:34.772	84.3
15:50:34.785	83.0
15:50:34.797	80.9
15:50:34.809	81.9
15:50:34.818	80.2
15:50:34.830	82.0
15:50:34.842	84.7
15:50:34.850	87.0
15:50:34.863	87.7
15:50:34.875	92.4
15:50:34.883	94.3
15:50:34.895	96.9
15:50:34.908	98.7
15:50:34.916	101.9
15:50:34.928	106.0
15:50:34.940	110.4
15:50:34.949	115.2
15:50:34.961	118.0
15:50:34.973	123.4
15:50:34.985	128.0
15:50:34.994	131.0
15:50:35.006	136.4
15:50:35.018	139.9
15:50:35.026	145.1
15:50:35.039	146.6
15:50:35.051	152.9
15:50:35.063	160.6
15:50:35.071	169.0
15:50:35.084	176.5
15:50:35.096	185.0
15:50:35.104	198.7
15:50:35.117	211.1
15:50:35.129	227.5
15:50:35.137	240.6
15:50:35.149	258.1
15:50:35.161	268.0
15:50:35.170	275.0
15:50:35.182	284.6
15:50:35.194	291.0
15:50:35.202	296.9
15:50:35.215	297.1
15:50:35.227	299.1
15:50:35.239	296.7
15:50:35.248	292.8
15:50:35.260	288.9
15:50:35.272	284.7
15:50:35.280	281.6
15:50:35.293	278.8
15:50:35.305	276.9
15:50:35.313	273.6
15:50:35.325	273.2
15:50:35.338	269.3
15:50:35.346	265.1
15:50:35.358	263.7
15:50:35.370	260.8
15:50:35.383	259.1
15:50:35.391	257.2
15:50:35.403	252.6
15:50:35.415	249.4
15:50:35.424	246.1
15:50:35.436	243.6
15:50:35.448	241.1
15:50:35.456	239.7
15:50:35.469	237.8
15:50:35.481	236.9
15:50:35.493	235.0
15:50:35.501	234.3
15:50:35.514	230.4
15:50:35.526	228.1
15:50:35.534	225.1
15:50:35.546	222.8
15:50:35.559	220.6
15:50:35.567	219.2
15:50:35.579	216.8
15:50:35.592	214.1
15:50:35.600	212.4
15:50:35.612	207.4
15:50:35.624	207.5
15:50:35.632	206.2
15:50:35.645	207.5
15:50:35.657	206.5
15:50:35.669	203.6
15:50:35.677	200.3
15:50:35.690	199.7
15:50:35.702	197.9
15:50:35.710	195.3
15:50:35.722	197.0
15:50:35.735	197.5
15:50:35.747	200.5
15:50:35.755	201.5
15:50:35.768	203.3
15:50:35.780	207.3
15:50:35.788	210.6
15:50:35.800	211.6
15:50:35.813	213.5
15:50:35.821	216.1
15:50:35.833	215.9
15:50:35.845	215.2
15:50:35.854	211.7
15:50:35.866	212.5
15:50:35.878	212.4
15:50:35.886	212.4
15:50:35.899	215.6
15:50:35.911	219.7
15:50:35.923	221.2
15:50:35.931	225.6
15:50:35.944	231.0
15:50:35.956	235.2
15:50:35.964	241.7
15:50:35.976	243.1
15:50:35.989	245.0
15:50:35.997	247.6
15:50:36.009	246.7
15:50:36.021	245.1
15:50:36.034	248.6
15:50:36.046	247.2
15:50:36.054	247.1
15:50:36.067	247.6
15:50:36.079	245.6
15:50:36.087	246.7
15:50:36.099	245.2
15:50:36.112	243.4
15:50:36.120	240.4
15:50:36.132	239.3
15:50:36.144	235.7
15:50:36.153	234.1
15:50:36.165	231.0
15:50:36.177	227.3
15:50:36.185	224.3
15:50:36.198	220.0
15:50:36.210	217.7
15:50:36.222	214.5
15:50:36.231	212.3
15:50:36.243	207.9
15:50:36.255	204.1
15:50:36.263	200.4
15:50:36.276	195.8
15:50:36.288	191.7
15:50:36.296	188.2
15:50:36.308	183.0
15:50:36.321	177.4
15:50:36.333	173.5
15:50:36.341	169.5
15:50:36.353	167.0
15:50:36.366	162.1
15:50:36.374	158.4
15:50:36.386	155.3
15:50:36.398	152.0
15:50:36.407	149.3
15:50:36.419	145.8
15:50:36.431	142.0
15:50:36.439	137.1
15:50:36.452	133.9
15:50:36.464	129.3
15:50:36.476	125.6
15:50:36.485	120.1
15:50:36.497	115.1
15:50:36.509	109.9
15:50:36.517	103.8
15:50:36.530	99.7
15:50:36.542	96.9
15:50:36.550	93.0
15:50:36.562	89.7
15:50:36.575	84.7
15:50:36.583	81.6
15:50:36.595	78.6
15:50:36.607	76.5
15:50:36.616	73.8
15:50:36.629	72.2
15:50:36.640	68.8
15:50:36.652	66.3
15:50:36.661	62.2
15:50:36.673	58.0
15:50:36.685	55.9
15:50:36.693	50.3
15:50:36.706	46.4
15:50:36.718	42.3
15:50:36.730	38.5
15:50:36.738	32.2
15:50:36.751	26.1
15:50:36.763	18.9
15:50:36.771	15.7
15:50:36.784	10.0
15:50:36.796	4.0
15:50:36.804	1.4
15:50:36.816	-2.4
15:50:36.829	-5.9
15:50:36.837	-9.3
15:50:36.849	-12.2
15:50:36.861	-15.7
15:50:36.870	-19.9
15:50:36.882	-26.5
15:50:36.894	-30.3
15:50:36.906	-37.7
15:50:36.915	-45.3
15:50:36.927	-54.4
15:50:36.939	-62.6
15:50:36.947	-70.5
15:50:36.960	-78.0
15:50:36.972	-83.8
15:50:36.984	-90.3
15:50:36.992	-96.4
15:50:37.005	-100.2
15:50:37.017	-103.5
15:50:37.025	-106.3
15:50:37.037	-108.3
15:50:37.050	-114.1
15:50:37.058	-119.4
15:50:37.070	-127.9
15:50:37.083	-135.8
15:50:37.091	-142.8
15:50:37.103	-149.0
15:50:37.115	-158.5
15:50:37.123	-164.6
15:50:37.136	-169.1
15:50:37.148	-175.4
15:50:37.160	-177.6
15:50:37.168	-179.5
15:50:37.181	-180.5
15:50:37.193	-180.7
15:50:37.201	-180.0
15:50:37.214	-180.9
15:50:37.226	-180.5
15:50:37.234	-180.8
15:50:37.246	-185.2
15:50:37.259	-184.4
15:50:37.267	-186.0
15:50:37.279	-188.1
15:50:37.291	-188.7
15:50:37.304	-189.4
15:50:37.312	-189.1
15:50:37.324	-189.3
15:50:37.336	-190.2
15:50:37.345	-190.9
15:50:37.357	-188.7
15:50:37.369	-189.3
15:50:37.377	-190.5
15:50:37.390	-190.0
15:50:37.402	-189.2
15:50:37.414	-190.6
15:50:37.422	-192.4
15:50:37.435	-191.9
15:50:37.447	-190.6
15:50:37.455	-190.7
15:50:37.467	-190.6
15:50:37.480	-191.6
15:50:37.488	-191.0
15:50:37.500	-192.2
15:50:37.512	-192.2
15:50:37.521	-190.1
15:50:37.533	-188.5
15:50:37.545	-188.8
15:50:37.553	-189.3
15:50:37.566	-187.6
15:50:37.578	-188.9
15:50:37.591	-186.0
15:50:37.598	-184.5
15:50:37.611	-181.7
15:50:37.623	-180.4
15:50:37.631	-180.1
15:50:37.644	-178.1
15:50:37.656	-177.2
15:50:37.668	-176.1
15:50:37.676	-173.9
15:50:37.689	-167.9
15:50:37.701	-166.3
15:50:37.709	-165.0
15:50:37.722	-163.8
15:50:37.734	-160.2
15:50:37.742	-156.4
15:50:37.754	-153.9
15:50:37.767	-149.7
15:50:37.775	-146.5
15:50:37.787	-143.7
15:50:37.800	-143.5
15:50:37.808	-142.3
15:50:37.820	-139.3
15:50:37.832	-135.0
15:50:37.845	-134.5
15:50:37.853	-131.6
15:50:37.865	-130.3
15:50:37.877	-128.4
15:50:37.886	-125.4
15:50:37.898	-125.0
15:50:37.910	-122.9
15:50:37.918	-119.9
15:50:37.931	-117.3
15:50:37.943	-118.7
15:50:37.955	-115.9
15:50:37.963	-116.0
15:50:37.976	-113.2
15:50:37.988	-112.4
15:50:38.000	-111.6
15:50:38.008	-107.9
15:50:38.020	-106.7
15:50:38.032	-104.0
15:50:38.040	-103.3
15:50:38.053	-100.9
15:50:38.061	-99.5
15:50:38.073	-96.3
15:50:38.085	-96.2
15:50:38.098	-93.7
15:50:38.106	-94.0
15:50:38.118	-93.3
15:50:38.130	-92.4
15:50:38.139	-92.8
15:50:38.151	-90.9
15:50:38.163	-90.0
15:50:38.171	-88.5
15:50:38.184	-88.4
15:50:38.196	-87.0
15:50:38.204	-85.5
15:50:38.216	-82.2
15:50:38.229	-80.8
15:50:38.241	-78.7
15:50:38.253	-76.6
15:50:38.262	-77.1
15:50:38.274	-73.2
15:50:38.286	-73.0
15:50:38.294	-69.3
15:50:38.307	-67.7
15:50:38.319	-66.9
15:50:38.327	-65.0
15:50:38.339	-64.1
15:50:38.352	-60.9
15:50:38.360	-57.5
15:50:38.372	-50.9
15:50:38.385	-49.5
15:50:38.397	-48.0
15:50:38.405	-47.4
15:50:38.417	-45.7
15:50:38.430	-42.8
15:50:38.438	-39.8
15:50:38.450	-37.9
15:50:38.463	-37.2
15:50:38.471	-35.9
15:50:38.483	-37.9
15:50:38.495	-38.2
15:50:38.503	-35.2
15:50:38.516	-34.8
15:50:38.528	-32.9
15:50:38.536	-31.9
15:50:38.548	-31.7
15:50:38.561	-29.1
15:50:38.573	-24.7
15:50:38.582	-25.0
15:50:38.593	-23.5
15:50:38.606	-21.3
15:50:38.614	-19.7
15:50:38.626	-18.4
15:50:38.639	-18.0
15:50:38.651	-15.9
15:50:38.659	-14.6
15:50:38.671	-13.1
15:50:38.684	-14.5
15:50:38.692	-13.3
15:50:38.704	-11.3
15:50:38.716	-8.0
15:50:38.724	-6.9
15:50:38.737	-2.8
15:50:38.749	0.1
15:50:38.757	1.1
15:50:38.770	4.0
15:50:38.782	5.0
15:50:38.790	4.4
15:50:38.802	6.3
15:50:38.815	5.6
15:50:38.827	4.7
15:50:38.835	5.5
15:50:38.847	3.3
15:50:38.860	4.4
15:50:38.868	4.3
15:50:38.880	4.0
15:50:38.892	5.1
15:50:38.905	6.6
15:50:38.913	6.0
15:50:38.925	9.8
15:50:38.937	9.5
15:50:38.946	11.9
15:50:38.958	13.6
15:50:38.970	13.6
15:50:38.978	15.7
15:50:38.991	15.7
15:50:39.003	15.7
15:50:39.011	16.2
15:50:39.023	17.3
15:50:39.036	15.8
15:50:39.044	16.1
15:50:39.056	15.0
15:50:39.068	14.3
15:50:39.081	14.2
15:50:39.089	14.4
15:50:39.101	14.8
15:50:39.114	14.8
15:50:39.122	16.3
15:50:39.134	17.1
15:50:39.146	16.7
15:50:39.155	19.4
15:50:39.167	19.0
15:50:39.179	20.9
15:50:39.187	22.4
15:50:39.200	22.9
15:50:39.212	24.5
15:50:39.224	26.3
15:50:39.232	26.9
15:50:39.245	28.7
15:50:39.257	32.0
15:50:39.265	31.7
15:50:39.277	34.4
15:50:39.290	34.5
15:50:39.298	35.8
15:50:39.310	37.3
15:50:39.323	38.3
15:50:39.335	39.5
15:50:39.343	38.8
15:50:39.355	37.3
15:50:39.368	38.3
15:50:39.376	40.7
15:50:39.388	43.2
15:50:39.400	48.4
15:50:39.408	51.9
15:50:39.421	54.7
15:50:39.433	59.2
15:50:39.441	61.6
15:50:39.454	68.8
15:50:39.466	76.3
15:50:39.474	83.3
15:50:39.486	90.2
15:50:39.499	96.9
15:50:39.511	99.4
15:50:39.519	103.0
15:50:39.531	107.8
15:50:39.544	110.9
15:50:39.552	115.4
15:50:39.564	117.2
15:50:39.576	118.5
15:50:39.589	118.4
15:50:39.597	118.7
15:50:39.609	117.9
15:50:39.621	118.4
15:50:39.630	121.1
15:50:39.642	120.6
15:50:39.654	124.9
15:50:39.662	129.3
15:50:39.675	132.9
15:50:39.687	133.3
15:50:39.696	135.9
15:50:39.708	138.5
15:50:39.720	140.9
15:50:39.728	144.5
15:50:39.741	145.0
15:50:39.753	147.5
15:50:39.765	147.4
15:50:39.773	145.5
15:50:39.786	142.7
15:50:39.798	145.1
15:50:39.806	148.0
15:50:39.818	149.1
15:50:39.831	149.3
15:50:39.839	148.7
15:50:39.851	151.8
15:50:39.863	154.8
15:50:39.876	156.1
15:50:39.884	155.3
15:50:39.896	157.9
15:50:39.909	158.4
15:50:39.917	155.1
15:50:39.929	153.3
15:50:39.942	153.0
15:50:39.954	153.9
15:50:39.962	150.9
15:50:39.974	148.1
15:50:39.986	145.2
15:50:39.995	144.9
15:50:40.007	144.5
15:50:40.019	144.5
15:50:40.028	143.5
15:50:40.040	142.8
15:50:40.052	141.0
15:50:40.064	141.0
15:50:40.073	139.7
15:50:40.085	140.5
15:50:40.097	139.5
15:50:40.105	138.9
15:50:40.118	136.9
15:50:40.130	135.8
15:50:40.138	135.7
15:50:40.150	133.1
15:50:40.163	133.0
15:50:40.175	129.4
15:50:40.183	127.5
15:50:40.195	125.2
15:50:40.208	122.1
15:50:40.216	119.0
15:50:40.228	117.4
15:50:40.240	112.8
15:50:40.249	109.0
15:50:40.261	106.6
15:50:40.273	104.6
15:50:40.281	101.6
15:50:40.294	100.5
15:50:40.306	96.3
15:50:40.318	94.9
15:50:40.326	94.3
15:50:40.339	91.7
15:50:40.351	90.6
15:50:40.359	86.8
15:50:40.371	85.0
15:50:40.384	81.9
15:50:40.392	80.8
15:50:40.404	76.7
15:50:40.416	74.7
15:50:40.425	71.6
15:50:40.437	68.2
15:50:40.449	62.5
15:50:40.457	58.7
15:50:40.470	59.2
15:50:40.482	55.2
15:50:40.494	51.8
15:50:40.503	49.3
15:50:40.515	47.8
15:50:40.527	44.4
15:50:40.535	40.0
15:50:40.548	37.0
15:50:40.560	36.2
15:50:40.572	33.8
15:50:40.580	33.4
15:50:40.593	32.3
15:50:40.605	30.6
15:50:40.613	27.2
15:50:40.625	24.5
15:50:40.638	23.3
15:50:40.646	23.2
15:50:40.658	21.0
15:50:40.670	20.2
15:50:40.679	17.9
15:50:40.691	12.5
15:50:40.703	10.1
15:50:40.711	7.1
15:50:40.724	4.2
15:50:40.736	1.3
15:50:40.748	-0.5
15:50:40.756	-1.1
15:50:40.769	-3.0
15:50:40.781	-3.5
15:50:40.789	-4.9
15:50:40.802	-6.4
15:50:40.814	-8.4
15:50:40.826	-10.5
15:50:40.834	-10.0
15:50:40.846	-11.0
15:50:40.859	-15.3
15:50:40.867	-18.7
15:50:40.879	-19.9
15:50:40.891	-23.7
15:50:40.900	-24.3
15:50:40.912	-28.0
15:50:40.924	-29.3
15:50:40.932	-30.7
15:50:40.945	-34.6
15:50:40.957	-37.0
15:50:40.965	-38.5
15:50:40.978	-41.2
15:50:40.990	-55.7
15:50:41.002	-68.3
15:50:41.010	-81.4
15:50:41.023	-90.7
15:50:41.035	-103.0
15:50:41.043	-115.2
15:50:41.055	-124.6
15:50:41.068	-137.1
15:50:41.076	-145.8
15:50:41.088	-155.0
15:50:41.100	-155.1
15:50:41.109	-155.4
15:50:41.121	-156.9
15:50:41.133	-159.7
15:50:41.145	-159.8
15:50:41.154	-159.9
15:50:41.166	-162.3
15:50:41.178	-163.2
15:50:41.186	-166.9
15:50:41.199	-169.3
15:50:41.211	-168.1
15:50:41.219	-168.4
15:50:41.231	-168.4
15:50:41.244	-167.7
15:50:41.256	-167.7
15:50:41.264	-170.3
15:50:41.276	-168.9
15:50:41.289	-167.5
15:50:41.297	-166.5
15:50:41.309	-167.2
15:50:41.321	-168.4
15:50:41.330	-167.8
15:50:41.342	-165.2
15:50:41.354	-163.8
15:50:41.363	-162.6
15:50:41.375	-158.8
15:50:41.387	-158.5
15:50:41.395	-157.4
15:50:41.408	-154.1
15:50:41.420	-153.0
15:50:41.432	-151.5
15:50:41.440	-150.8
15:50:41.453	-150.8
15:50:41.465	-149.6
15:50:41.473	-146.5
15:50:41.485	-146.8
15:50:41.498	-143.9
15:50:41.510	-141.5
15:50:41.518	-140.3
15:50:41.530	-136.6
15:50:41.543	-133.3
15:50:41.551	-130.1
15:50:41.563	-126.4
15:50:41.575	-125.4
15:50:41.584	-123.7
15:50:41.596	-119.1
15:50:41.608	-118.0
15:50:41.616	-115.8
15:50:41.629	-115.2
15:50:41.641	-114.1
15:50:41.649	-113.1
15:50:41.661	-110.6
15:50:41.674	-111.5
15:50:41.686	-108.4
15:50:41.694	-108.3
15:50:41.706	-107.3
15:50:41.719	-106.6
15:50:41.727	-106.6
15:50:41.739	-104.7
15:50:41.751	-104.1
15:50:41.760	-103.5
15:50:41.772	-105.1
15:50:41.784	-103.6
15:50:41.796	-99.8
15:50:41.805	-98.1
15:50:41.817	-96.7
15:50:41.829	-93.1
15:50:41.837	-91.1
15:50:41.850	-88.9
15:50:41.862	-86.1
15:50:41.870	-84.2
15:50:41.882	-80.1
15:50:41.895	-77.3
15:50:41.903	-79.8
15:50:41.915	-77.9
15:50:41.928	-77.5
15:50:41.940	-78.5
15:50:41.948	-78.4
15:50:41.960	-77.8
15:50:41.973	-76.5
15:50:41.981	-75.6
15:50:41.993	-75.0
15:50:42.006	-75.1
15:50:42.013	-72.4
15:50:42.026	-71.9
15:50:42.038	-70.8
15:50:42.046	-68.1
15:50:42.059	-65.8
15:50:42.071	-64.2
15:50:42.083	-64.5
15:50:42.091	-61.6
15:50:42.104	-59.0
15:50:42.116	-56.5
15:50:42.124	-56.1
15:50:42.136	-55.1
15:50:42.149	-51.5
15:50:42.161	-52.6
15:50:42.169	-50.7
15:50:42.181	-49.1
15:50:42.194	-45.8
15:50:42.202	-44.8
15:50:42.214	-45.1
15:50:42.226	-42.4
15:50:42.239	-40.6
15:50:42.247	-39.4
15:50:42.259	-38.9
15:50:42.271	-33.9
15:50:42.280	-32.3
15:50:42.292	-30.3
15:50:42.304	-29.2
15:50:42.312	-28.0
15:50:42.325	-25.7
15:50:42.337	-23.2
15:50:42.345	-20.1
15:50:42.357	-15.9
15:50:42.370	-13.8
15:50:42.378	-13.0
15:50:42.390	-9.7
15:50:42.402	-10.5
15:50:42.415	-7.2
15:50:42.423	-4.8
15:50:42.435	-2.3
15:50:42.448	-2.3
15:50:42.456	-1.2
15:50:42.468	-2.4
15:50:42.480	0.2
15:50:42.493	0.1
15:50:42.501	0.9
15:50:42.513	5.7
15:50:42.525	4.9
15:50:42.533	6.1
15:50:42.546	6.1
15:50:42.558	8.1
15:50:42.566	7.5
15:50:42.579	8.9
15:50:42.591	6.0
15:50:42.599	7.1
15:50:42.611	6.5
15:50:42.624	5.2
15:50:42.632	5.3
15:50:42.644	5.6
15:50:42.656	7.8
15:50:42.669	6.7
15:50:42.677	8.4
15:50:42.689	9.6
15:50:42.701	10.5
15:50:42.710	9.7
15:50:42.722	9.0
15:50:42.734	10.2
15:50:42.746	10.4
15:50:42.755	10.6
15:50:42.767	10.0
15:50:42.779	12.0
15:50:42.787	14.4
15:50:42.800	15.1
15:50:42.812	18.9
15:50:42.820	26.0
15:50:42.832	30.8
15:50:42.845	33.0
15:50:42.853	37.4
15:50:42.865	41.7
15:50:42.877	45.8
15:50:42.886	49.6
15:50:42.898	50.9
15:50:42.910	54.7
15:50:42.923	59.1
15:50:42.931	60.3
15:50:42.943	62.5
15:50:42.955	65.7
15:50:42.963	69.7
15:50:42.976	73.9
15:50:42.988	76.1
15:50:42.996	78.5
15:50:43.009	82.0
15:50:43.021	84.2
15:50:43.029	82.7
15:50:43.041	83.2
15:50:43.054	84.2
15:50:43.066	86.5
15:50:43.074	87.3
15:50:43.086	86.0
15:50:43.099	85.3
15:50:43.107	84.7
15:50:43.119	82.9
15:50:43.131	81.3
15:50:43.140	80.1
15:50:43.152	78.6
15:50:43.164	76.9
15:50:43.176	74.0
15:50:43.185	71.8
15:50:43.197	70.4
15:50:43.209	70.1
15:50:43.217	67.9
15:50:43.230	72.4
15:50:43.242	91.8
15:50:43.250	114.3
15:50:43.262	134.9
15:50:43.275	153.9
15:50:43.283	172.4
15:50:43.295	190.2
15:50:43.307	208.9
15:50:43.316	225.1
15:50:43.328	241.7
15:50:43.340	251.9
15:50:43.353	246.1
15:50:43.361	236.5
15:50:43.373	228.2
15:50:43.385	220.4
15:50:43.393	214.4
15:50:43.406	207.2
15:50:43.418	198.6
15:50:43.430	191.8
15:50:43.438	188.0
15:50:43.451	181.0
15:50:43.463	174.6
15:50:43.471	170.6
15:50:43.484	164.6
15:50:43.496	160.0
15:50:43.504	151.8
15:50:43.516	146.7
15:50:43.529	141.4
15:50:43.537	135.6
15:50:43.549	127.8
15:50:43.561	124.1
15:50:43.570	119.7
15:50:43.582	113.6
15:50:43.594	108.0
15:50:43.606	101.4
15:50:43.615	97.3
15:50:43.627	92.0
15:50:43.639	87.1
15:50:43.647	81.4
15:50:43.660	75.8
15:50:43.672	69.5
15:50:43.680	66.6
15:50:43.692	64.7
15:50:43.705	63.9
15:50:43.717	66.6
15:50:43.725	68.7
15:50:43.737	69.8
15:50:43.750	72.3
15:50:43.758	76.3
15:50:43.770	81.7
15:50:43.782	87.8
15:50:43.791	92.7
15:50:43.803	97.4
15:50:43.815	102.4
15:50:43.823	104.5
15:50:43.836	108.5
15:50:43.848	111.8
15:50:43.860	114.7
15:50:43.868	117.6
15:50:43.881	117.4
15:50:43.893	117.4
15:50:43.905	116.3
15:50:43.913	117.5
15:50:43.926	114.6
15:50:43.938	115.2
15:50:43.946	113.1
15:50:43.960	114.0
15:50:43.971	113.3
15:50:43.979	111.6
15:50:43.991	110.4
15:50:44.005	108.4
15:50:44.017	108.3
15:50:44.025	105.5
15:50:44.037	105.9
15:50:44.050	101.6
15:50:44.058	101.4
15:50:44.070	99.0
15:50:44.078	97.1
15:50:44.091	95.6
15:50:44.103	95.4
15:50:44.115	93.8
15:50:44.123	90.4
15:50:44.136	88.1
15:50:44.148	84.9
15:50:44.159	85.7
15:50:44.168	83.5
15:50:44.180	78.8
15:50:44.192	76.8
15:50:44.200	74.0
15:50:44.213	71.1
15:50:44.225	71.6
15:50:44.233	69.8
15:50:44.245	67.9
15:50:44.258	69.4
15:50:44.266	66.1
15:50:44.278	66.2
15:50:44.290	67.2
15:50:44.299	65.1
15:50:44.311	64.1
15:50:44.323	63.9
15:50:44.336	63.1
15:50:44.344	64.6
15:50:44.356	66.6
15:50:44.368	65.0
15:50:44.377	64.2
15:50:44.389	62.2
15:50:44.401	62.0
15:50:44.413	65.3
15:50:44.422	67.7
15:50:44.434	67.5
15:50:44.446	67.6
15:50:44.454	65.3
15:50:44.467	65.1
15:50:44.479	67.1
15:50:44.487	69.8
15:50:44.499	70.8
15:50:44.512	71.5
15:50:44.520	66.6
15:50:44.532	65.4
15:50:44.545	63.9
15:50:44.553	63.0
15:50:44.565	64.3
15:50:44.577	62.7
15:50:44.589	58.7
15:50:44.598	57.4
15:50:44.610	54.6
15:50:44.622	53.8
15:50:44.630	55.0
15:50:44.643	52.3
15:50:44.655	52.5
15:50:44.667	50.1
15:50:44.675	48.1
15:50:44.688	48.3
15:50:44.700	48.3
15:50:44.708	48.0
15:50:44.721	51.0
15:50:44.733	50.5
15:50:44.741	49.5
15:50:44.754	49.3
15:50:44.766	48.4
15:50:44.774	48.2
15:50:44.786	46.8
15:50:44.799	48.1
15:50:44.807	47.8
15:50:44.819	48.1
15:50:44.832	45.0
15:50:44.844	43.1
15:50:44.852	42.3
15:50:44.864	42.2
15:50:44.877	43.0
15:50:44.885	41.3
15:50:44.897	43.6
15:50:44.909	39.5
15:50:44.918	40.6
15:50:44.930	38.1
15:50:44.942	39.0
15:50:44.950	38.9
15:50:44.963	39.9
15:50:44.975	39.6
15:50:44.987	39.5
15:50:44.995	40.5
15:50:45.008	38.9
15:50:45.020	39.0
15:50:45.028	38.1
15:50:45.040	38.5
15:50:45.053	35.2
15:50:45.061	36.8
15:50:45.073	36.0
15:50:45.086	33.7
15:50:45.098	32.1
15:50:45.106	33.0
15:50:45.118	32.1
15:50:45.131	31.5
15:50:45.139	29.2
15:50:45.151	27.8
15:50:45.163	28.0
15:50:45.172	25.5
15:50:45.184	22.3
15:50:45.196	24.8
15:50:45.204	23.0
15:50:45.217	21.0
15:50:45.229	21.2
15:50:45.237	19.0
15:50:45.249	20.8
15:50:45.262	20.0
15:50:45.274	21.4
15:50:45.282	19.9
15:50:45.294	22.1
15:50:45.307	21.5
15:50:45.315	23.0
15:50:45.327	24.1
15:50:45.339	26.9
15:50:45.352	32.2
15:50:45.360	33.9
15:50:45.372	37.8
15:50:45.384	39.8
15:50:45.393	42.4
15:50:45.405	42.9
15:50:45.417	46.2
15:50:45.425	53.4
15:50:45.438	59.3
15:50:45.450	63.6
15:50:45.458	68.9
15:50:45.470	74.9
15:50:45.483	80.9
15:50:45.491	86.5
15:50:45.503	93.8
15:50:45.516	103.2
15:50:45.528	108.7
15:50:45.536	110.8
15:50:45.548	116.1
15:50:45.561	120.1
15:50:45.569	122.9
15:50:45.581	127.5
15:50:45.593	128.9
15:50:45.602	130.5
15:50:45.614	132.7
15:50:45.626	133.6
15:50:45.638	137.2
15:50:45.646	138.0
15:50:45.659	140.3
15:50:45.671	143.5
15:50:45.679	149.6
15:50:45.692	154.3
15:50:45.704	161.1
15:50:45.712	172.0
15:50:45.724	182.1
15:50:45.737	192.9
15:50:45.745	200.7
15:50:45.757	214.6
15:50:45.769	224.5
15:50:45.782	235.6
15:50:45.790	245.5
15:50:45.802	256.6
15:50:45.814	266.5
15:50:45.827	274.4
15:50:45.835	280.9
15:50:45.847	287.1
15:50:45.859	293.0
15:50:45.868	297.6
15:50:45.880	302.1
15:50:45.892	304.2
15:50:45.900	304.5
15:50:45.913	303.0
15:50:45.925	304.4
15:50:45.937	305.0
15:50:45.945	306.9
15:50:45.958	307.8
15:50:45.970	311.1
15:50:45.978	311.9
15:50:45.990	313.8
15:50:46.003	317.6
15:50:46.011	318.9
15:50:46.023	319.9
15:50:46.036	319.1
15:50:46.044	318.4
15:50:46.056	318.4
15:50:46.068	318.3
15:50:46.081	318.1
15:50:46.089	315.9
15:50:46.101	314.6
15:50:46.113	312.9
15:50:46.122	312.9
15:50:46.134	312.4
15:50:46.146	312.5
15:50:46.154	311.7
15:50:46.167	309.7
15:50:46.179	307.6
15:50:46.187	303.3
15:50:46.199	303.6
15:50:46.212	300.4
15:50:46.220	298.4
15:50:46.232	296.1
15:50:46.244	293.1
15:50:46.257	289.8
15:50:46.265	285.2
15:50:46.277	281.4
15:50:46.289	278.5
15:50:46.298	274.5
15:50:46.310	268.1
15:50:46.322	265.0
15:50:46.334	258.3
15:50:46.343	251.4
15:50:46.355	243.0
15:50:46.367	234.5
15:50:46.375	226.9
15:50:46.388	217.0
15:50:46.400	205.2
15:50:46.408	193.9
15:50:46.420	182.1
15:50:46.433	166.7
15:50:46.441	152.5
15:50:46.453	136.7
15:50:46.465	124.7
15:50:46.474	111.3
15:50:46.486	96.4
15:50:46.498	84.4
15:50:46.510	73.2
15:50:46.519	63.0
15:50:46.531	50.3
15:50:46.543	43.6
15:50:46.551	36.8
15:50:46.564	31.1
15:50:46.576	22.4
15:50:46.588	15.4
15:50:46.597	10.2
15:50:46.609	4.3
15:50:46.621	-0.6
15:50:46.629	-5.5
15:50:46.642	-6.3
15:50:46.654	-12.6
15:50:46.662	-18.6
15:50:46.674	-22.8
15:50:46.687	-24.6
15:50:46.695	-26.7
15:50:46.707	-31.6
15:50:46.719	-35.3
15:50:46.728	-37.9
15:50:46.740	-41.3
15:50:46.752	-45.3
15:50:46.764	-45.5
15:50:46.773	-47.3
15:50:46.785	-50.5
15:50:46.797	-52.3
15:50:46.805	-56.9
15:50:46.818	-58.3
15:50:46.830	-61.3
15:50:46.838	-65.1
15:50:46.850	-69.5
15:50:46.863	-73.6
15:50:46.871	-84.3
15:50:46.883	-94.6
15:50:46.895	-102.0
15:50:46.908	-112.9
15:50:46.916	-121.4
15:50:46.928	-131.0
15:50:46.940	-138.7
15:50:46.949	-146.5
15:50:46.961	-152.8
15:50:46.973	-159.7
15:50:46.981	-159.5
15:50:46.994	-160.1
15:50:47.006	-164.0
15:50:47.018	-168.0
15:50:47.027	-170.8
15:50:47.039	-173.2
15:50:47.051	-175.7
15:50:47.059	-179.8
15:50:47.072	-183.7
15:50:47.084	-188.7
15:50:47.092	-197.1
15:50:47.104	-202.9
15:50:47.117	-208.8
15:50:47.125	-212.4
15:50:47.137	-214.6
15:50:47.149	-218.8
15:50:47.158	-222.7
15:50:47.170	-226.9
15:50:47.182	-227.9
15:50:47.194	-229.8
15:50:47.203	-230.8
15:50:47.215	-233.2
15:50:47.227	-234.1
15:50:47.235	-236.0
15:50:47.248	-239.6
15:50:47.260	-241.9
15:50:47.272	-245.5
15:50:47.281	-247.2
15:50:47.293	-251.0
15:50:47.305	-257.9
15:50:47.313	-264.3
15:50:47.326	-271.4
15:50:47.338	-277.1
15:50:47.346	-283.4
15:50:47.359	-288.9
15:50:47.371	-294.1
15:50:47.379	-298.8
15:50:47.391	-303.3
15:50:47.403	-308.0
15:50:47.412	-308.5
15:50:47.424	-309.7
15:50:47.436	-307.8
15:50:47.448	-305.5
15:50:47.457	-303.0
15:50:47.469	-300.2
15:50:47.481	-300.0
15:50:47.489	-299.7
15:50:47.502	-298.1
15:50:47.514	-297.5
15:50:47.522	-295.9
15:50:47.534	-294.7
15:50:47.547	-294.7
15:50:47.559	-295.9
15:50:47.567	-299.0
15:50:47.580	-299.9
15:50:47.592	-298.4
15:50:47.600	-296.1
15:50:47.612	-295.2
15:50:47.625	-291.4
15:50:47.633	-289.2
15:50:47.645	-285.2
15:50:47.657	-283.2
15:50:47.665	-281.9
15:50:47.678	-276.3
15:50:47.690	-273.8
15:50:47.702	-269.4
15:50:47.711	-267.3
15:50:47.723	-264.1
15:50:47.735	-264.7
15:50:47.743	-263.4
15:50:47.756	-260.5
15:50:47.768	-257.6
15:50:47.780	-254.1
15:50:47.788	-252.8
15:50:47.801	-250.0
15:50:47.813	-247.9
15:50:47.821	-243.7
15:50:47.833	-241.0
15:50:47.846	-237.9
15:50:47.858	-234.2
15:50:47.866	-234.4
15:50:47.878	-231.8
15:50:47.891	-227.2
15:50:47.899	-222.8
15:50:47.911	-219.7
15:50:47.923	-217.1
15:50:47.932	-214.4
15:50:47.944	-212.3
15:50:47.956	-209.5
15:50:47.964	-207.7
15:50:47.977	-204.3
15:50:47.989	-202.1
15:50:48.001	-199.3
15:50:48.009	-197.7
15:50:48.022	-194.9
15:50:48.034	-192.5
15:50:48.042	-190.7
15:50:48.054	-190.2
15:50:48.067	-185.4
15:50:48.075	-182.2
15:50:48.087	-178.8
15:50:48.099	-175.4
15:50:48.108	-174.5
15:50:48.120	-172.2
15:50:48.132	-171.3
15:50:48.140	-168.9
15:50:48.153	-167.5
15:50:48.165	-162.8
15:50:48.177	-162.9
15:50:48.186	-161.6
15:50:48.198	-159.8
15:50:48.211	-156.1
15:50:48.218	-153.7
15:50:48.231	-151.2
15:50:48.243	-147.4
15:50:48.255	-145.0
15:50:48.264	-141.2
15:50:48.276	-139.7
15:50:48.288	-136.1
15:50:48.296	-135.2
15:50:48.309	-134.4
15:50:48.321	-134.1
15:50:48.329	-133.8
15:50:48.342	-131.8
15:50:48.354	-131.5
15:50:48.362	-128.7
15:50:48.374	-127.3
15:50:48.387	-125.2
15:50:48.395	-124.5
15:50:48.407	-119.7
15:50:48.419	-118.3
15:50:48.432	-116.4
15:50:48.440	-114.0
15:50:48.452	-113.0
15:50:48.464	-109.9
15:50:48.473	-109.9
15:50:48.485	-108.0
15:50:48.498	-107.4
15:50:48.509	-105.2
15:50:48.518	-107.6
15:50:48.530	-105.2
15:50:48.542	-104.8
15:50:48.550	-103.4
15:50:48.563	-102.6
15:50:48.575	-102.2
15:50:48.583	-98.6
15:50:48.595	-99.4
15:50:48.608	-98.4
15:50:48.616	-98.7
15:50:48.628	-94.8
15:50:48.640	-92.6
15:50:48.649	-90.1
15:50:48.661	-88.1
15:50:48.673	-83.2
15:50:48.686	-80.4
15:50:48.694	-81.6
15:50:48.706	-77.0
15:50:48.718	-74.5
15:50:48.726	-69.3
15:50:48.739	-65.6
15:50:48.751	-63.4
15:50:48.759	-60.4
15:50:48.772	-57.7
15:50:48.784	-57.8
15:50:48.792	-56.5
15:50:48.804	-53.4
15:50:48.817	-53.0
15:50:48.829	-51.9
15:50:48.837	-52.2
15:50:48.849	-53.6
15:50:48.862	-52.3
15:50:48.870	-51.3
15:50:48.882	-49.0
15:50:48.894	-46.0
15:50:48.903	-42.9
15:50:48.915	-39.4
15:50:48.927	-37.8
15:50:48.939	-34.3
15:50:48.948	-33.0
15:50:48.960	-29.6
15:50:48.972	-27.5
15:50:48.980	-25.3
15:50:48.993	-22.4
15:50:49.005	-20.1
15:50:49.013	-19.1
15:50:49.025	-16.5
15:50:49.038	-12.8
15:50:49.046	-9.6
15:50:49.058	-6.9
15:50:49.070	-3.3
15:50:49.079	0.0
15:50:49.091	0.9
15:50:49.103	1.0
15:50:49.115	2.3
15:50:49.124	5.2
15:50:49.136	5.5
15:50:49.148	7.8
15:50:49.156	7.6
15:50:49.169	9.5
15:50:49.181	10.0
15:50:49.194	9.8
15:50:49.202	10.2
15:50:49.214	11.2
15:50:49.226	11.3
15:50:49.234	11.7
15:50:49.246	10.7
15:50:49.259	7.3
15:50:49.267	6.6
15:50:49.279	7.2
15:50:49.292	7.1
15:50:49.300	6.7
15:50:49.312	8.0
15:50:49.324	9.9
15:50:49.332	10.7
15:50:49.345	10.9
15:50:49.357	12.9
15:50:49.369	15.0
15:50:49.378	17.6
15:50:49.390	18.6
15:50:49.402	18.8
15:50:49.410	22.2
15:50:49.423	24.5
15:50:49.435	26.4
15:50:49.443	32.0
15:50:49.455	38.4
15:50:49.468	43.9
15:50:49.480	49.4
15:50:49.488	55.2
15:50:49.500	64.6
15:50:49.513	75.9
15:50:49.521	84.5
15:50:49.533	94.7
15:50:49.546	102.4
15:50:49.554	108.6
15:50:49.566	113.2
15:50:49.578	121.3
15:50:49.586	129.0
15:50:49.599	135.4
15:50:49.611	140.4
15:50:49.623	145.5
15:50:49.632	151.5
15:50:49.644	156.0
15:50:49.656	161.9
15:50:49.665	169.6
15:50:49.677	172.9
15:50:49.689	175.3
15:50:49.697	177.6
15:50:49.709	179.8
15:50:49.722	180.4
15:50:49.730	180.8
15:50:49.742	180.4
15:50:49.754	179.1
15:50:49.767	178.9
15:50:49.779	175.1
15:50:49.787	179.0
15:50:49.799	179.0
15:50:49.812	181.1
15:50:49.820	184.6
15:50:49.832	186.5
15:50:49.844	190.9
15:50:49.853	195.7
15:50:49.865	204.0
15:50:49.877	210.0
15:50:49.885	218.3
15:50:49.898	220.7
15:50:49.910	227.2
15:50:49.922	232.5
15:50:49.930	234.5
15:50:49.943	237.6
15:50:49.955	236.9
15:50:49.963	237.3
15:50:49.976	234.7
15:50:49.988	234.3
15:50:49.996	231.3
15:50:50.008	232.6
15:50:50.020	230.4
15:50:50.029	228.7
15:50:50.041	228.5
15:50:50.053	226.3
15:50:50.062	227.3
15:50:50.074	225.9
15:50:50.086	225.2
15:50:50.098	223.4
15:50:50.107	221.9
15:50:50.119	218.0
15:50:50.131	215.2
15:50:50.139	212.8
15:50:50.152	211.2
15:50:50.164	210.1
15:50:50.176	206.0
15:50:50.184	204.1
15:50:50.197	201.2
15:50:50.209	199.3
15:50:50.217	197.3
15:50:50.230	197.6
15:50:50.242	195.4
15:50:50.250	195.9
15:50:50.262	193.6
15:50:50.274	191.6
15:50:50.283	190.5
15:50:50.295	187.5
15:50:50.307	186.5
15:50:50.315	183.9
15:50:50.328	182.5
15:50:50.340	179.1
15:50:50.352	178.1
15:50:50.360	172.8
15:50:50.373	170.1
15:50:50.385	168.6
15:50:50.393	166.3
15:50:50.405	166.0
15:50:50.418	162.4
15:50:50.430	158.7
15:50:50.438	156.0
15:50:50.451	155.3
15:50:50.463	154.3
15:50:50.471	151.6
15:50:50.483	151.3
15:50:50.496	149.5
15:50:50.504	150.5
15:50:50.516	147.5
15:50:50.528	146.9
15:50:50.536	148.0
15:50:50.549	143.7
15:50:50.561	140.1
15:50:50.569	134.9
15:50:50.582	132.1
15:50:50.594	127.0
15:50:50.606	120.5
15:50:50.614	114.1
15:50:50.627	109.7
15:50:50.639	104.0
15:50:50.647	98.3
15:50:50.659	94.6
15:50:50.672	90.2
15:50:50.680	86.8
15:50:50.692	84.7
15:50:50.704	82.1
15:50:50.713	81.2
15:50:50.725	76.5
15:50:50.737	74.5
15:50:50.749	72.0
15:50:50.758	66.1
15:50:50.770	63.4
15:50:50.782	61.0
15:50:50.790	57.7
15:50:50.803	54.8
15:50:50.815	51.7
15:50:50.823	50.8
15:50:50.835	49.3
15:50:50.848	46.6
15:50:50.860	43.9
15:50:50.868	43.4
15:50:50.880	42.6
15:50:50.893	39.6
15:50:50.901	39.1
15:50:50.913	36.7
15:50:50.925	34.4
15:50:50.934	29.6
15:50:50.946	29.5
15:50:50.958	25.7
15:50:50.966	27.2
15:50:50.979	22.4
15:50:50.991	18.3
15:50:50.999	15.0
15:50:51.011	9.9
15:50:51.024	6.5
15:50:51.036	1.0
15:50:51.044	-2.2
15:50:51.057	-10.0
15:50:51.069	-16.1
15:50:51.077	-23.8
15:50:51.089	-28.2
15:50:51.102	-34.0
15:50:51.114	-41.3
15:50:51.122	-52.8
15:50:51.134	-65.7
15:50:51.147	-76.6
15:50:51.155	-88.2
15:50:51.167	-98.9
15:50:51.179	-107.4
15:50:51.188	-117.9
15:50:51.200	-126.5
15:50:51.212	-136.4
15:50:51.220	-142.5
15:50:51.233	-147.9
15:50:51.245	-153.0
15:50:51.253	-158.4
15:50:51.265	-162.9
15:50:51.278	-170.5
15:50:51.290	-178.6
15:50:51.298	-186.1
15:50:51.311	-191.7
15:50:51.323	-197.1
15:50:51.331	-204.1
15:50:51.344	-207.8
15:50:51.356	-213.3
15:50:51.364	-214.0
15:50:51.376	-217.7
15:50:51.389	-216.5
15:50:51.401	-216.4
15:50:51.409	-214.6
15:50:51.421	-215.6
15:50:51.434	-216.7
15:50:51.442	-218.8
15:50:51.454	-218.4
15:50:51.467	-216.1
15:50:51.475	-218.2
15:50:51.487	-217.2
15:50:51.499	-218.7
15:50:51.507	-217.5
15:50:51.520	-221.9
15:50:51.532	-220.8
15:50:51.544	-218.0
15:50:51.553	-216.9
15:50:51.565	-216.1
15:50:51.577	-214.5
15:50:51.585	-210.9
15:50:51.598	-210.2
15:50:51.610	-207.3
15:50:51.618	-207.3
15:50:51.630	-201.7
15:50:51.643	-200.3
15:50:51.651	-199.5
15:50:51.663	-196.7
15:50:51.675	-193.7
15:50:51.688	-192.3
15:50:51.700	-191.2
15:50:51.708	-188.7
15:50:51.720	-186.7
15:50:51.733	-183.3
15:50:51.741	-183.1
15:50:51.753	-180.3
15:50:51.765	-177.7
15:50:51.774	-177.1
15:50:51.786	-175.7
15:50:51.798	-172.0
15:50:51.806	-169.8
15:50:51.819	-169.0
15:50:51.831	-168.0
15:50:51.843	-166.7
15:50:51.851	-162.6
15:50:51.864	-160.3
15:50:51.876	-159.6
15:50:51.884	-154.4
15:50:51.896	-151.6
15:50:51.909	-149.4
15:50:51.917	-147.3
15:50:51.929	-144.2
15:50:51.941	-140.3
15:50:51.950	-135.9
15:50:51.962	-134.0
15:50:51.974	-133.9
15:50:51.982	-129.1
15:50:51.995	-126.2
15:50:52.007	-123.6
15:50:52.019	-122.1
15:50:52.028	-121.0
15:50:52.040	-118.9
15:50:52.052	-117.3
15:50:52.060	-115.6
15:50:52.073	-116.2
15:50:52.085	-112.2
15:50:52.097	-111.6
15:50:52.105	-110.4
15:50:52.118	-107.9
15:50:52.130	-104.3
15:50:52.138	-100.7
15:50:52.150	-98.4
15:50:52.163	-95.3
15:50:52.171	-93.5
15:50:52.183	-86.8
15:50:52.195	-84.6
15:50:52.204	-80.1
15:50:52.216	-75.1
15:50:52.228	-70.5
15:50:52.236	-67.3
15:50:52.249	-62.3
15:50:52.261	-56.0
15:50:52.273	-51.3
15:50:52.281	-47.7
15:50:52.294	-43.8
15:50:52.306	-36.4
15:50:52.314	-29.6
15:50:52.326	-25.0
15:50:52.339	-19.4
15:50:52.351	-14.1
15:50:52.359	-10.3
15:50:52.371	-7.3
15:50:52.384	-1.6
15:50:52.392	6.2
15:50:52.404	11.0
15:50:52.416	16.6
15:50:52.425	21.8
15:50:52.437	26.8
15:50:52.449	35.7
15:50:52.457	43.2
15:50:52.470	54.0
15:50:52.482	62.8
15:50:52.490	69.3
15:50:52.503	75.9
15:50:52.515	84.5
15:50:52.527	90.1
15:50:52.535	94.8
15:50:52.548	101.6
15:50:52.560	103.2
15:50:52.568	110.8
15:50:52.580	117.3
15:50:52.593	127.2
15:50:52.601	136.2
15:50:52.613	145.7
15:50:52.625	155.5
15:50:52.634	165.4
15:50:52.646	176.1
15:50:52.658	183.9
15:50:52.670	195.8
15:50:52.679	202.4
15:50:52.691	207.8
15:50:52.703	218.8
15:50:52.711	236.5
15:50:52.724	252.7
15:50:52.736	264.6
15:50:52.744	276.0
15:50:52.756	287.8
15:50:52.769	303.5
15:50:52.781	314.2
15:50:52.789	326.6
15:50:52.801	335.9
15:50:52.814	342.3
15:50:52.822	338.2
15:50:52.834	337.0
15:50:52.846	338.2
15:50:52.855	338.4
15:50:52.867	335.8
15:50:52.879	333.2
15:50:52.887	331.9
15:50:52.900	327.8
15:50:52.912	328.9
15:50:52.920	322.9
15:50:52.933	323.2
15:50:52.945	318.1
15:50:52.957	314.5
15:50:52.965	309.8
15:50:52.978	308.5
15:50:52.990	306.3
15:50:52.998	299.3
15:50:53.010	295.8
15:50:53.023	289.4
15:50:53.035	284.1
15:50:53.043	276.9
15:50:53.055	270.9
15:50:53.068	262.2
15:50:53.076	256.0
15:50:53.088	249.1
15:50:53.100	240.1
15:50:53.109	233.1
15:50:53.121	223.2
15:50:53.133	210.6
15:50:53.141	199.9
15:50:53.154	188.8
15:50:53.166	177.8
15:50:53.174	166.8
15:50:53.186	154.0
15:50:53.199	139.6
15:50:53.211	126.8
15:50:53.219	112.4
15:50:53.231	99.4
15:50:53.244	89.7
15:50:53.252	79.0
15:50:53.264	70.1
15:50:53.276	59.3
15:50:53.285	50.5
15:50:53.297	43.3
15:50:53.309	37.4
15:50:53.321	29.4
15:50:53.330	22.1
15:50:53.342	14.4
15:50:53.354	3.1
15:50:53.362	-7.0
15:50:53.375	-21.0
15:50:53.387	-31.9
15:50:53.395	-43.9
15:50:53.407	-55.3
15:50:53.420	-73.0
15:50:53.428	-91.9
15:50:53.440	-110.6
15:50:53.453	-124.6
15:50:53.465	-139.6
15:50:53.473	-152.9
15:50:53.485	-165.1
15:50:53.498	-176.8
15:50:53.506	-188.2
15:50:53.518	-199.2
15:50:53.530	-203.8
15:50:53.538	-206.7
15:50:53.551	-204.8
15:50:53.563	-207.3
15:50:53.571	-206.9
15:50:53.584	-206.8
15:50:53.596	-203.5
15:50:53.608	-204.1
15:50:53.616	-201.2
15:50:53.629	-200.7
15:50:53.641	-200.9
15:50:53.653	-200.7
15:50:53.661	-202.5
15:50:53.674	-202.5
15:50:53.686	-200.1
15:50:53.694	-200.6
15:50:53.706	-202.6
15:50:53.719	-201.3
15:50:53.727	-201.8
15:50:53.739	-200.0
15:50:53.751	-198.8
15:50:53.764	-198.2
15:50:53.772	-196.7
15:50:53.784	-196.6
15:50:53.797	-197.0
15:50:53.805	-196.4
15:50:53.817	-192.8
15:50:53.829	-188.7
15:50:53.837	-185.8
15:50:53.850	-181.3
15:50:53.862	-176.9
15:50:53.870	-170.9
15:50:53.883	-165.8
15:50:53.896	-160.0
15:50:53.904	-153.6
15:50:53.916	-146.9
15:50:53.929	-141.9
15:50:53.941	-138.1
15:50:53.949	-133.2
15:50:53.961	-131.1
15:50:53.974	-128.4
15:50:53.982	-126.2
15:50:53.994	-122.0
15:50:54.006	-118.6
15:50:54.019	-117.9
15:50:54.027	-116.2
15:50:54.039	-115.1
15:50:54.051	-112.3
15:50:54.060	-111.8
15:50:54.072	-108.6
15:50:54.084	-107.2
15:50:54.091	-103.7
15:50:54.104	-103.5
15:50:54.116	-103.1
15:50:54.124	-100.4
15:50:54.137	-97.7
15:50:54.149	-94.8
15:50:54.157	-93.4
15:50:54.169	-91.1
15:50:54.182	-93.0
15:50:54.194	-92.3
15:50:54.202	-94.0
15:50:54.214	-93.1
15:50:54.227	-91.3
15:50:54.235	-91.4
15:50:54.247	-92.2
15:50:54.259	-94.8
15:50:54.272	-93.7
15:50:54.280	-92.4
15:50:54.292	-89.1
15:50:54.304	-87.3
15:50:54.313	-85.8
15:50:54.325	-84.7
15:50:54.337	-85.3
15:50:54.345	-85.2
15:50:54.358	-85.2
15:50:54.370	-82.3
15:50:54.378	-84.4
15:50:54.390	-84.8
15:50:54.403	-86.8
15:50:54.411	-86.6
15:50:54.423	-86.4
15:50:54.435	-85.1
15:50:54.448	-82.7
15:50:54.456	-80.2
15:50:54.468	-77.5
15:50:54.480	-78.1
15:50:54.489	-77.7
15:50:54.501	-74.9
15:50:54.513	-72.5
15:50:54.521	-71.4
15:50:54.534	-68.9
15:50:54.546	-70.3
15:50:54.554	-70.1
15:50:54.567	-70.3
15:50:54.579	-72.2
15:50:54.591	-68.9
15:50:54.599	-68.3
15:50:54.612	-68.7
15:50:54.624	-69.1
15:50:54.632	-67.2
15:50:54.644	-69.1
15:50:54.657	-68.0
15:50:54.665	-69.0
15:50:54.677	-66.2
15:50:54.689	-64.0
15:50:54.702	-64.6
15:50:54.710	-61.0
15:50:54.722	-61.7
15:50:54.734	-59.3
15:50:54.743	-61.0
15:50:54.755	-57.0
15:50:54.767	-55.0
15:50:54.776	-53.6
15:50:54.788	-54.7
15:50:54.800	-53.5
15:50:54.808	-52.4
15:50:54.821	-54.0
15:50:54.833	-54.2
15:50:54.841	-55.0
15:50:54.853	-53.3
15:50:54.866	-53.8
15:50:54.878	-55.2
15:50:54.886	-53.8
15:50:54.898	-52.6
15:50:54.911	-52.5
15:50:54.919	-52.4
15:50:54.931	-49.1
15:50:54.943	-46.0
15:50:54.956	-44.5
15:50:54.964	-43.9
15:50:54.976	-44.0
15:50:54.989	-41.4
15:50:54.997	-40.5
15:50:55.009	-40.3
15:50:55.021	-41.1
15:50:55.030	-42.7
15:50:55.042	-44.3
15:50:55.054	-46.4
15:50:55.062	-47.1
15:50:55.075	-47.2
15:50:55.087	-47.3
15:50:55.095	-47.4
15:50:55.107	-48.2
15:50:55.120	-48.7
15:50:55.132	-45.9
15:50:55.140	-43.4
15:50:55.152	-42.4
15:50:55.165	-40.5
15:50:55.173	-40.8
15:50:55.185	-38.7
15:50:55.198	-39.0
15:50:55.206	-40.1
15:50:55.218	-40.1
15:50:55.230	-38.2
15:50:55.242	-39.2
15:50:55.251	-40.6
15:50:55.263	-41.4
15:50:55.275	-41.5
15:50:55.283	-39.4
15:50:55.296	-40.3
15:50:55.308	-38.6
15:50:55.316	-35.4
15:50:55.328	-32.5
15:50:55.341	-32.4
15:50:55.349	-29.9
15:50:55.361	-28.4
15:50:55.373	-24.8
15:50:55.386	-22.5
15:50:55.394	-21.5
15:50:55.406	-17.3
15:50:55.419	-15.4
15:50:55.427	-13.3
15:50:55.439	-12.3
15:50:55.451	-8.5
15:50:55.460	-6.2
15:50:55.472	-2.3
15:50:55.484	1.4
15:50:55.492	4.4
15:50:55.504	8.2
15:50:55.517	14.3
15:50:55.529	24.1
15:50:55.537	32.3
15:50:55.550	43.2
15:50:55.562	51.3
15:50:55.570	61.7
15:50:55.582	71.8
15:50:55.595	79.3
15:50:55.603	90.0
15:50:55.615	105.0
15:50:55.627	115.6
15:50:55.640	125.4
15:50:55.648	135.9
15:50:55.660	145.4
15:50:55.672	159.1
15:50:55.685	170.5
15:50:55.693	183.3
15:50:55.705	197.0
15:50:55.717	208.8
15:50:55.726	217.6
15:50:55.738	225.3
15:50:55.750	232.3
15:50:55.758	241.2
15:50:55.771	250.7
15:50:55.783	255.7
15:50:55.791	259.4
15:50:55.803	262.9
15:50:55.816	264.3
15:50:55.824	265.9
15:50:55.836	267.6
15:50:55.849	270.7
15:50:55.861	273.9
15:50:55.869	276.5
15:50:55.881	278.0
15:50:55.894	280.1
15:50:55.902	284.3
15:50:55.914	288.3
15:50:55.926	291.3
15:50:55.939	293.3
15:50:55.947	294.6
15:50:55.959	294.0
15:50:55.971	295.4
15:50:55.979	295.1
15:50:55.993	297.6
15:50:56.005	296.7
15:50:56.013	294.3
15:50:56.026	291.9
15:50:56.038	292.6
15:50:56.046	293.1
15:50:56.058	294.8
15:50:56.071	298.9
15:50:56.079	301.9
15:50:56.091	306.3
15:50:56.103	304.3
15:50:56.116	309.0
15:50:56.124	313.2
15:50:56.136	315.8
15:50:56.148	320.0
15:50:56.157	325.3
15:50:56.169	328.9
15:50:56.181	331.2
15:50:56.193	333.0
15:50:56.202	332.2
15:50:56.214	337.4
15:50:56.226	340.0
15:50:56.234	342.2
15:50:56.247	345.8
15:50:56.259	347.9
15:50:56.267	348.6
15:50:56.279	349.5
15:50:56.292	351.8
15:50:56.300	353.0
15:50:56.312	358.4
15:50:56.324	360.5
15:50:56.333	365.8
15:50:56.345	370.2
15:50:56.357	374.2
15:50:56.369	377.8
15:50:56.378	384.2
15:50:56.390	391.7
15:50:56.402	396.0
15:50:56.410	404.4
15:50:56.423	408.0
15:50:56.435	415.2
15:50:56.443	416.7
15:50:56.456	422.0
15:50:56.468	430.9
15:50:56.476	440.2
15:50:56.488	447.6
15:50:56.501	453.0
15:50:56.513	460.0
15:50:56.521	463.9
15:50:56.533	469.9
15:50:56.546	472.0
15:50:56.554	477.2
15:50:56.566	480.7
15:50:56.578	478.1
15:50:56.586	476.0
15:50:56.599	473.1
15:50:56.611	472.2
15:50:56.623	471.2
15:50:56.632	470.6
15:50:56.644	468.8
15:50:56.656	465.5
15:50:56.664	463.1
15:50:56.677	461.8
15:50:56.689	457.8
15:50:56.697	449.7
15:50:56.709	441.1
15:50:56.722	428.8
15:50:56.730	414.4
15:50:56.742	398.5
15:50:56.754	382.0
15:50:56.763	368.3
15:50:56.775	348.9
15:50:56.787	328.5
15:50:56.799	309.1
15:50:56.808	286.3
15:50:56.820	265.0
15:50:56.832	246.1
15:50:56.840	225.9
15:50:56.853	205.4
15:50:56.865	183.8
15:50:56.877	161.6
15:50:56.885	141.0
15:50:56.898	120.6
15:50:56.910	104.1
15:50:56.918	92.3
15:50:56.930	78.9
15:50:56.943	66.0
15:50:56.951	54.2
15:50:56.963	44.7
15:50:56.976	38.0
15:50:56.984	29.4
15:50:56.996	24.1
15:50:57.008	15.4
15:50:57.016	8.4
15:50:57.029	1.1
15:50:57.041	-4.8
15:50:57.053	-8.6
15:50:57.062	-13.1
15:50:57.074	-18.6
15:50:57.086	-25.6
15:50:57.094	-32.1
15:50:57.107	-39.3
15:50:57.119	-43.6
15:50:57.127	-49.5
15:50:57.139	-60.5
15:50:57.152	-72.6
15:50:57.164	-87.5
15:50:57.172	-101.1
15:50:57.185	-114.6
15:50:57.197	-126.3
15:50:57.205	-135.5
15:50:57.217	-147.7
15:50:57.230	-157.9
15:50:57.238	-167.7
15:50:57.250	-171.2
15:50:57.262	-172.8
15:50:57.270	-173.0
15:50:57.283	-172.3
15:50:57.295	-173.8
15:50:57.307	-175.8
15:50:57.316	-179.5
15:50:57.327	-182.3
15:50:57.339	-189.7
15:50:57.347	-195.9
15:50:57.360	-202.4
15:50:57.372	-209.9
15:50:57.380	-219.7
15:50:57.393	-228.2
15:50:57.405	-240.6
15:50:57.413	-250.7
15:50:57.426	-263.3
15:50:57.438	-277.9
15:50:57.450	-287.3
15:50:57.458	-298.4
15:50:57.471	-307.8
15:50:57.483	-317.2
15:50:57.491	-323.6
15:50:57.503	-331.2
15:50:57.516	-335.2
15:50:57.524	-340.4
15:50:57.536	-341.9
15:50:57.549	-339.5
15:50:57.561	-335.7
15:50:57.569	-334.5
15:50:57.581	-332.1
15:50:57.593	-331.0
15:50:57.606	-333.1
15:50:57.614	-336.2
15:50:57.626	-335.2
15:50:57.638	-335.9
15:50:57.647	-337.5
15:50:57.659	-338.6
15:50:57.671	-340.7
15:50:57.679	-340.8
15:50:57.692	-342.9
15:50:57.704	-342.8
15:50:57.712	-340.7
15:50:57.724	-338.0
15:50:57.737	-334.9
15:50:57.745	-332.9
15:50:57.757	-332.1
15:50:57.770	-331.5
15:50:57.782	-333.1
15:50:57.790	-332.4
15:50:57.802	-333.7
15:50:57.815	-333.6
15:50:57.823	-335.3
15:50:57.835	-334.2
15:50:57.847	-336.7
15:50:57.860	-337.8
15:50:57.868	-336.3
15:50:57.880	-335.4
15:50:57.892	-333.3
15:50:57.901	-334.2
15:50:57.913	-329.0
15:50:57.925	-327.7
15:50:57.933	-323.4
15:50:57.946	-321.2
15:50:57.958	-319.1
15:50:57.966	-316.2
15:50:57.978	-314.4
15:50:57.991	-310.3
15:50:57.999	-308.5
15:50:58.011	-304.5
15:50:58.023	-304.2
15:50:58.036	-300.9
15:50:58.044	-299.6
15:50:58.056	-299.6
15:50:58.068	-295.1
15:50:58.077	-290.6
15:50:58.089	-286.4
15:50:58.101	-283.5
15:50:58.114	-279.6
15:50:58.122	-274.7
15:50:58.134	-270.8
15:50:58.146	-267.4
15:50:58.154	-263.4
15:50:58.167	-255.6
15:50:58.179	-254.6
15:50:58.187	-250.9
15:50:58.199	-249.0
15:50:58.212	-246.5
15:50:58.220	-243.7
15:50:58.232	-240.3
15:50:58.245	-237.8
15:50:58.253	-234.0
15:50:58.265	-229.1
15:50:58.277	-228.8
15:50:58.290	-224.0
15:50:58.298	-221.9
15:50:58.310	-218.7
15:50:58.322	-216.2
15:50:58.331	-212.7
15:50:58.343	-211.8
15:50:58.355	-206.2
15:50:58.363	-204.6
15:50:58.376	-203.1
15:50:58.388	-198.9
15:50:58.396	-197.4
15:50:58.408	-196.0
15:50:58.421	-193.4
15:50:58.433	-190.9
15:50:58.441	-188.2
15:50:58.453	-185.5
15:50:58.466	-186.0
15:50:58.474	-184.5
15:50:58.486	-184.1
15:50:58.498	-184.9
15:50:58.507	-182.8
15:50:58.519	-179.7
15:50:58.531	-177.7
15:50:58.543	-175.5
15:50:58.552	-174.2
15:50:58.565	-173.3
15:50:58.577	-170.2
15:50:58.585	-168.2
15:50:58.598	-165.3
15:50:58.610	-159.2
15:50:58.618	-157.8
15:50:58.630	-155.3
15:50:58.643	-152.7
15:50:58.651	-149.2
15:50:58.663	-147.7
15:50:58.675	-142.5
15:50:58.684	-140.9
15:50:58.696	-138.9
15:50:58.708	-136.9
15:50:58.721	-136.6
15:50:58.729	-133.0
15:50:58.741	-131.6
15:50:58.753	-128.3
15:50:58.761	-127.5
15:50:58.774	-123.5
15:50:58.786	-122.7
15:50:58.798	-121.2
15:50:58.807	-118.5
15:50:58.819	-115.3
15:50:58.831	-113.4
15:50:58.839	-110.8
15:50:58.852	-107.0
15:50:58.864	-105.3
15:50:58.872	-102.3
15:50:58.884	-100.1
15:50:58.897	-98.5
15:50:58.905	-94.9
15:50:58.917	-91.1
15:50:58.929	-89.7
15:50:58.938	-87.3
15:50:58.950	-85.8
15:50:58.962	-85.0
15:50:58.974	-81.4
15:50:58.983	-78.1
15:50:58.995	-76.3
15:50:59.007	-73.7
15:50:59.015	-71.3
15:50:59.028	-70.5
15:50:59.040	-67.7
15:50:59.048	-64.6
15:50:59.060	-61.3
15:50:59.073	-58.2
15:50:59.085	-57.4
15:50:59.093	-55.6
15:50:59.105	-52.7
15:50:59.118	-47.5
15:50:59.126	-44.4
15:50:59.138	-40.8
15:50:59.150	-39.6
15:50:59.159	-38.3
15:50:59.171	-35.5
15:50:59.183	-32.0
15:50:59.191	-28.0
15:50:59.203	-25.7
15:50:59.215	-22.9
15:50:59.227	-23.6
15:50:59.236	-21.8
15:50:59.248	-18.5
15:50:59.260	-14.6
15:50:59.268	-11.5
15:50:59.281	-9.2
15:50:59.293	-8.7
15:50:59.301	-5.4
15:50:59.313	0.2
15:50:59.326	6.7
15:50:59.334	12.5
15:50:59.346	20.0
15:50:59.359	25.9
15:50:59.371	29.8
15:50:59.379	35.3
15:50:59.391	41.8
15:50:59.404	48.2
15:50:59.412	54.0
15:50:59.424	56.1
15:50:59.436	57.7
15:50:59.444	62.4
15:50:59.457	65.3
15:50:59.469	66.8
15:50:59.482	72.3
15:50:59.490	76.3
15:50:59.502	81.7
15:50:59.514	91.2
15:50:59.522	95.1
15:50:59.535	102.2
15:50:59.547	106.2
15:50:59.559	109.6
15:50:59.567	111.7
15:50:59.581	115.8
15:50:59.593	119.1
15:50:59.601	126.1
15:50:59.613	129.7
15:50:59.626	129.7
15:50:59.634	134.5
15:50:59.646	137.8
15:50:59.658	143.8
15:50:59.667	150.7
15:50:59.679	156.4
15:50:59.691	162.3
15:50:59.703	167.8
15:50:59.712	170.0
15:50:59.724	173.0
15:50:59.736	176.1
15:50:59.744	179.9
15:50:59.757	184.6
15:50:59.769	187.9
15:50:59.781	188.6
15:50:59.789	192.1
15:50:59.802	195.8
15:50:59.814	199.1
15:50:59.822	202.0
15:50:59.835	206.8
15:50:59.847	213.5
15:50:59.855	219.1
15:50:59.867	224.5
15:50:59.879	229.5
15:50:59.888	236.6
15:50:59.900	240.3
15:50:59.912	243.2
15:50:59.921	247.1
15:50:59.933	251.5
15:50:59.945	253.3
15:50:59.957	252.7
15:50:59.966	251.4
15:50:59.978	251.1
15:50:59.990	253.0
15:50:59.998	252.6
15:51:00.011	253.6
15:51:00.023	254.1
15:51:00.035	255.9
15:51:00.043	255.0
15:51:00.056	257.2
15:51:00.068	259.3
15:51:00.076	260.1
15:51:00.088	259.2
15:51:00.101	257.6
15:51:00.108	258.5
15:51:00.120	260.8
15:51:00.133	261.7
15:51:00.141	260.6
15:51:00.153	263.0
15:51:00.165	263.3
15:51:00.174	265.0
15:51:00.186	268.7
15:51:00.198	267.9
15:51:00.210	268.0
15:51:00.219	267.7
15:51:00.231	266.2
15:51:00.243	267.8
15:51:00.251	269.6
15:51:00.264	272.1
15:51:00.276	276.2
15:51:00.284	278.3
15:51:00.296	280.7
15:51:00.309	287.2
15:51:00.317	292.6
15:51:00.329	297.6
15:51:00.341	301.5
15:51:00.354	305.2
15:51:00.362	307.6
15:51:00.374	308.8
15:51:00.388	307.2
15:51:00.396	307.4
15:51:00.408	304.8
15:51:00.420	301.3
15:51:00.428	298.5
15:51:00.441	296.7
15:51:00.453	295.7
15:51:00.465	292.9
15:51:00.473	291.4
15:51:00.486	286.2
15:51:00.498	280.3
15:51:00.506	276.5
15:51:00.519	273.6
15:51:00.531	272.9
15:51:00.539	269.7
15:51:00.551	263.9
15:51:00.564	256.7
15:51:00.572	252.1
15:51:00.584	246.7
15:51:00.596	244.0
15:51:00.605	240.5
15:51:00.617	235.7
15:51:00.628	228.3
15:51:00.641	219.5
15:51:00.649	210.0
15:51:00.661	204.9
15:51:00.673	200.7
15:51:00.682	192.1
15:51:00.694	184.7
15:51:00.706	175.7
15:51:00.718	168.7
15:51:00.727	158.6
15:51:00.739	152.1
15:51:00.751	143.7
15:51:00.759	136.8
15:51:00.772	128.8
15:51:00.784	119.1
15:51:00.792	112.8
15:51:00.804	107.0
15:51:00.817	100.8
15:51:00.825	93.0
15:51:00.837	87.2
15:51:00.849	81.0
15:51:00.858	76.2
15:51:00.870	71.8
15:51:00.882	64.7
15:51:00.894	59.9
15:51:00.903	53.9
15:51:00.915	47.8
15:51:00.927	44.2
15:51:00.935	40.8
15:51:00.948	36.6
15:51:00.960	33.2
15:51:00.968	29.1
15:51:00.980	25.8
15:51:00.993	23.0
15:51:01.005	20.9
15:51:01.013	18.3
15:51:01.026	13.7
15:51:01.038	10.3
15:51:01.046	4.9
15:51:01.058	2.2
15:51:01.071	-3.9
15:51:01.079	-10.3
15:51:01.091	-15.0
15:51:01.103	-21.5
15:51:01.112	-30.2
15:51:01.124	-36.6
15:51:01.136	-41.9
15:51:01.148	-51.1
15:51:01.157	-58.4
15:51:01.169	-67.7
15:51:01.181	-76.2
15:51:01.189	-80.4
15:51:01.202	-89.0
15:51:01.214	-96.4
15:51:01.222	-101.7
15:51:01.234	-105.9
15:51:01.247	-110.3
15:51:01.255	-112.8
15:51:01.267	-113.7
15:51:01.279	-117.0
15:51:01.292	-119.4
15:51:01.300	-123.4
15:51:01.312	-125.8
15:51:01.324	-131.4
15:51:01.333	-139.2
15:51:01.345	-150.5
15:51:01.357	-162.0
15:51:01.365	-173.5
15:51:01.378	-185.3
15:51:01.390	-195.3
15:51:01.402	-203.9
15:51:01.411	-213.4
15:51:01.424	-223.0
15:51:01.436	-227.8
15:51:01.444	-230.6
15:51:01.457	-232.8
15:51:01.469	-234.8
15:51:01.481	-239.4
15:51:01.489	-242.9
15:51:01.501	-247.0
15:51:01.514	-251.2
15:51:01.522	-255.9
15:51:01.534	-259.3
15:51:01.546	-263.3
15:51:01.555	-263.4
15:51:01.567	-264.7
15:51:01.579	-266.1
15:51:01.588	-265.5
15:51:01.600	-263.4
15:51:01.612	-261.8
15:51:01.624	-259.6
15:51:01.633	-256.2
15:51:01.645	-252.0
15:51:01.657	-246.8
15:51:01.666	-248.4
15:51:01.678	-244.6
15:51:01.690	-244.2
15:51:01.702	-241.1
15:51:01.710	-240.3
15:51:01.723	-236.0
15:51:01.735	-233.9
15:51:01.743	-233.0
15:51:01.755	-233.1
15:51:01.768	-233.1
15:51:01.776	-229.3
15:51:01.788	-228.6
15:51:01.800	-224.6
15:51:01.809	-222.5
15:51:01.821	-220.6
15:51:01.833	-219.5
15:51:01.841	-219.1
15:51:01.854	-216.3
15:51:01.866	-213.1
15:51:01.878	-210.1
15:51:01.886	-209.3
15:51:01.899	-206.2
15:51:01.911	-203.9
15:51:01.919	-202.0
15:51:01.931	-197.1
15:51:01.944	-193.9
15:51:01.956	-190.9
15:51:01.964	-186.5
15:51:01.977	-183.6
15:51:01.989	-181.2
15:51:01.997	-178.4
15:51:02.009	-178.6
15:51:02.021	-175.2
15:51:02.030	-172.0
15:51:02.042	-171.5
15:51:02.054	-170.1
15:51:02.062	-165.9
15:51:02.074	-164.7
15:51:02.087	-161.5
15:51:02.095	-159.2
15:51:02.107	-156.7
15:51:02.119	-153.6
15:51:02.132	-153.5
15:51:02.140	-150.8
15:51:02.152	-149.2
15:51:02.164	-146.9
15:51:02.173	-144.5
15:51:02.185	-143.1
15:51:02.197	-141.7
15:51:02.205	-141.2
15:51:02.218	-137.9
15:51:02.230	-134.5
15:51:02.238	-129.5
15:51:02.250	-128.4
15:51:02.263	-126.5
15:51:02.275	-124.8
15:51:02.283	-122.7
15:51:02.295	-116.8
15:51:02.308	-114.4
15:51:02.316	-109.3
15:51:02.328	-108.6
15:51:02.340	-105.3
15:51:02.349	-105.6
15:51:02.361	-102.5
15:51:02.373	-99.9
15:51:02.385	-97.1
15:51:02.394	-94.4
15:51:02.406	-94.8
15:51:02.418	-92.3
15:51:02.426	-92.3
15:51:02.439	-89.8
15:51:02.451	-90.5
15:51:02.459	-87.4
15:51:02.471	-84.3
15:51:02.484	-80.4
15:51:02.492	-78.6
15:51:02.504	-77.3
15:51:02.516	-74.9
15:51:02.525	-73.0
15:51:02.537	-69.0
15:51:02.549	-66.3
15:51:02.562	-62.6
15:51:02.570	-60.5
15:51:02.582	-60.0
15:51:02.594	-58.6
15:51:02.603	-55.7
15:51:02.615	-52.3
15:51:02.627	-50.4
15:51:02.639	-49.9
15:51:02.648	-49.6
15:51:02.660	-48.2
15:51:02.672	-46.2
15:51:02.681	-45.5
15:51:02.693	-41.4
15:51:02.705	-40.0
15:51:02.713	-37.7
15:51:02.726	-36.7
15:51:02.738	-34.7
15:51:02.746	-30.3
15:51:02.758	-28.3
15:51:02.771	-24.5
15:51:02.779	-23.6
15:51:02.791	-19.3
15:51:02.803	-18.1
15:51:02.816	-16.1
15:51:02.824	-14.3
15:51:02.836	-12.1
15:51:02.848	-9.2
15:51:02.857	-7.3
15:51:02.869	-2.3
15:51:02.881	-0.4
15:51:02.889	2.3
15:51:02.902	2.5
15:51:02.914	4.5
15:51:02.926	8.5
15:51:02.934	12.6
15:51:02.947	15.0
15:51:02.959	16.4
15:51:02.967	18.0
15:51:02.979	19.1
15:51:02.992	20.3
15:51:03.000	23.3
15:51:03.012	27.3
15:51:03.024	29.1
15:51:03.033	30.3
15:51:03.045	30.4
15:51:03.057	31.9
15:51:03.069	31.7
15:51:03.078	32.6
15:51:03.090	32.2
15:51:03.102	32.8
15:51:03.110	33.3
15:51:03.123	33.2
15:51:03.135	33.1
15:51:03.143	32.8
15:51:03.156	33.4
15:51:03.168	32.9
15:51:03.176	34.6
15:51:03.188	33.3
15:51:03.201	33.8
15:51:03.213	32.5
15:51:03.221	29.4
15:51:03.233	27.5
15:51:03.246	26.0
15:51:03.254	24.9
15:51:03.266	21.5
15:51:03.279	18.5
15:51:03.287	15.2
15:51:03.299	12.5
15:51:03.311	8.4
15:51:03.324	5.4
15:51:03.332	5.3
15:51:03.344	2.0
15:51:03.356	-1.7
15:51:03.364	-6.3
15:51:03.377	-7.1
15:51:03.389	-10.3
15:51:03.397	-12.9
15:51:03.410	-11.6
15:51:03.422	-13.0
15:51:03.430	-13.7
15:51:03.442	-16.8
15:51:03.455	-18.8
15:51:03.463	-19.5
15:51:03.475	-18.7
15:51:03.487	-23.2
15:51:03.500	-23.4
15:51:03.508	-22.9
15:51:03.520	-25.6
15:51:03.533	-26.5
15:51:03.541	-27.5
15:51:03.553	-27.1
15:51:03.565	-27.7
15:51:03.578	-26.7
15:51:03.586	-29.7
15:51:03.598	-29.3
15:51:03.610	-28.9
15:51:03.619	-32.2
15:51:03.631	-33.8
15:51:03.643	-35.3
15:51:03.651	-36.1
15:51:03.664	-38.3
15:51:03.676	-41.1
15:51:03.688	-49.2
15:51:03.696	-53.6
15:51:03.709	-61.1
15:51:03.721	-69.6
15:51:03.729	-75.9
15:51:03.742	-82.2
15:51:03.754	-87.7
15:51:03.762	-95.4
15:51:03.774	-101.5
15:51:03.787	-105.3
15:51:03.799	-104.6
15:51:03.807	-105.9
15:51:03.819	-104.5
15:51:03.832	-102.2
15:51:03.840	-100.3
15:51:03.852	-99.0
15:51:03.864	-97.5
15:51:03.877	-94.4
15:51:03.885	-92.9
15:51:03.897	-88.4
15:51:03.909	-85.9
15:51:03.918	-82.3
15:51:03.930	-77.4
15:51:03.942	-74.2
15:51:03.950	-71.0
15:51:03.963	-67.9
15:51:03.975	-66.2
15:51:03.983	-61.1
15:51:03.995	-56.3
15:51:04.008	-54.5
15:51:04.016	-52.2
15:51:04.028	-51.5
15:51:04.041	-49.9
15:51:04.053	-47.7
15:51:04.061	-43.3
15:51:04.073	-41.9
15:51:04.086	-40.1
15:51:04.094	-39.5
15:51:04.106	-38.4
15:51:04.118	-36.9
15:51:04.127	-34.9
15:51:04.139	-32.1
15:51:04.151	-32.7
15:51:04.159	-32.6
15:51:04.172	-34.3
15:51:04.184	-33.2
15:51:04.196	-31.8
15:51:04.204	-32.0
15:51:04.217	-31.0
15:51:04.229	-30.0
15:51:04.237	-26.2
15:51:04.249	-20.3
15:51:04.262	-16.4
15:51:04.270	-9.4
15:51:04.282	-4.8
15:51:04.295	-0.5
15:51:04.307	5.6
15:51:04.315	8.4
15:51:04.327	10.6
15:51:04.339	14.2
15:51:04.348	14.2
15:51:04.360	13.2
15:51:04.372	14.6
15:51:04.380	11.6
15:51:04.393	11.9
15:51:04.405	11.7
15:51:04.413	10.0
15:51:04.425	12.2
15:51:04.438	13.1
15:51:04.446	13.3
15:51:04.458	14.3
15:51:04.471	12.9
15:51:04.483	12.8
15:51:04.491	14.4
15:51:04.503	13.7
15:51:04.516	15.0
15:51:04.524	16.2
15:51:04.536	14.9
15:51:04.548	15.4
15:51:04.561	13.2
15:51:04.569	12.1
15:51:04.581	12.0
15:51:04.593	12.5
15:51:04.602	11.5
15:51:04.614	11.7
15:51:04.626	10.9
15:51:04.634	10.4
15:51:04.647	9.4
15:51:04.659	9.6
15:51:04.667	10.2
15:51:04.679	11.1
15:51:04.692	11.8
15:51:04.700	12.1
15:51:04.712	11.8
15:51:04.724	9.6
15:51:04.737	9.6
15:51:04.745	8.1
15:51:04.757	10.8
15:51:04.769	10.4
15:51:04.778	11.1
15:51:04.790	9.9
15:51:04.802	9.8
15:51:04.810	8.3
15:51:04.823	7.1
15:51:04.835	10.0
15:51:04.847	9.1
15:51:04.855	10.4
15:51:04.868	9.1
15:51:04.880	9.2
15:51:04.888	8.5
15:51:04.900	7.5
15:51:04.913	7.9
15:51:04.921	7.5
15:51:04.933	8.1
15:51:04.945	7.5
15:51:04.954	8.4
15:51:04.966	5.7
15:51:04.978	5.7
15:51:04.991	5.6
15:51:04.999	5.1
15:51:05.011	4.9
15:51:05.023	3.6
15:51:05.032	3.8
15:51:05.044	3.6
15:51:05.056	1.2
15:51:05.064	-2.1
15:51:05.077	-0.6
15:51:05.089	-1.3
15:51:05.097	-1.1
15:51:05.109	-1.2
15:51:05.122	-1.4
15:51:05.134	-0.8
15:51:05.142	-0.5
15:51:05.154	-1.1
15:51:05.167	-1.8
15:51:05.175	-2.4
15:51:05.187	-5.4
15:51:05.199	-9.0
15:51:05.208	-14.2
15:51:05.220	-16.1
15:51:05.232	-18.6
15:51:05.245	-20.6
15:51:05.253	-23.4
15:51:05.265	-26.4
15:51:05.277	-26.6
15:51:05.285	-26.7
15:51:05.298	-27.4
15:51:05.310	-27.1
15:51:05.318	-26.0
15:51:05.331	-28.1
15:51:05.343	-27.1
15:51:05.351	-27.7
15:51:05.363	-27.9
15:51:05.376	-26.8
15:51:05.384	-27.4
15:51:05.396	-25.6
15:51:05.408	-23.8
15:51:05.421	-22.1
15:51:05.429	-21.4
15:51:05.441	-18.2
15:51:05.453	-16.0
15:51:05.462	-13.0
15:51:05.474	-8.4
15:51:05.486	-2.6
15:51:05.498	11.5
15:51:05.507	20.7
15:51:05.519	31.0
15:51:05.531	41.5
15:51:05.539	51.7
15:51:05.552	63.6
15:51:05.564	72.2
15:51:05.572	81.3
15:51:05.584	91.0
15:51:05.597	99.6
15:51:05.605	99.5
15:51:05.617	104.9
15:51:05.629	107.3
15:51:05.642	110.9
15:51:05.650	115.7
15:51:05.662	117.7
15:51:05.675	121.7
15:51:05.683	124.2
15:51:05.695	126.3
15:51:05.707	127.2
15:51:05.720	133.2
15:51:05.728	134.5
15:51:05.740	139.9
15:51:05.752	141.4
15:51:05.761	146.0
15:51:05.773	147.4
15:51:05.785	151.7
15:51:05.797	155.0
15:51:05.806	155.8
15:51:05.818	160.9
15:51:05.830	161.1
15:51:05.838	165.0
15:51:05.851	166.8
15:51:05.863	174.0
15:51:05.871	175.9
15:51:05.883	182.2
15:51:05.896	188.0
15:51:05.904	192.3
15:51:05.916	200.6
15:51:05.928	205.7
15:51:05.937	213.2
15:51:05.949	217.9
15:51:05.961	222.5
15:51:05.973	224.8
15:51:05.982	229.2
15:51:05.994	230.5
15:51:06.006	230.1
15:51:06.014	231.8
15:51:06.027	231.5
15:51:06.039	231.6
15:51:06.047	231.2
15:51:06.060	231.4
15:51:06.072	232.0
15:51:06.080	232.4
15:51:06.092	233.5
15:51:06.104	237.8
15:51:06.117	242.7
15:51:06.125	246.5
15:51:06.137	250.3
15:51:06.150	252.8
15:51:06.158	254.8
15:51:06.170	256.4
15:51:06.182	258.1
15:51:06.190	259.0
15:51:06.203	257.4
15:51:06.215	256.8
15:51:06.228	255.4
15:51:06.236	255.3
15:51:06.248	252.3
15:51:06.260	250.9
15:51:06.268	247.5
15:51:06.281	246.0
15:51:06.293	243.5
15:51:06.301	240.7
15:51:06.314	240.2
15:51:06.326	235.0
15:51:06.334	231.7
15:51:06.346	226.3
15:51:06.359	223.6
15:51:06.367	222.2
15:51:06.379	221.0
15:51:06.391	219.5
15:51:06.404	217.4
15:51:06.412	215.5
15:51:06.424	211.6
15:51:06.436	211.5
15:51:06.445	208.4
15:51:06.457	209.6
15:51:06.469	208.4
15:51:06.481	208.2
15:51:06.490	206.9
15:51:06.502	202.0
15:51:06.514	201.3
15:51:06.522	198.9
15:51:06.535	198.4
15:51:06.547	195.9
15:51:06.555	195.6
15:51:06.568	192.4
15:51:06.580	193.4
15:51:06.588	187.9
15:51:06.600	185.2
15:51:06.613	186.4
15:51:06.621	182.0
15:51:06.633	181.5
15:51:06.646	178.7
15:51:06.658	177.5
15:51:06.666	174.5
15:51:06.678	173.7
15:51:06.691	168.3
15:51:06.699	165.9
15:51:06.711	164.7
15:51:06.723	164.9
15:51:06.731	164.4
15:51:06.744	161.8
15:51:06.756	160.1
15:51:06.768	158.6
15:51:06.777	157.1
15:51:06.789	154.2
15:51:06.801	152.6
15:51:06.809	149.6
15:51:06.822	145.5
15:51:06.834	139.1
15:51:06.842	135.2
15:51:06.854	130.1
15:51:06.867	126.2
15:51:06.875	122.1
15:51:06.887	114.9
15:51:06.899	109.2
15:51:06.912	104.6
15:51:06.920	100.9
15:51:06.932	95.5
15:51:06.944	89.8
15:51:06.953	85.9
15:51:06.965	82.3
15:51:06.977	77.6
15:51:06.985	72.8
15:51:06.998	72.3
15:51:07.010	69.6
15:51:07.018	66.6
15:51:07.031	61.8
15:51:07.043	60.8
15:51:07.055	59.3
15:51:07.063	54.7
15:51:07.076	51.6
15:51:07.088	49.4
15:51:07.096	48.1
15:51:07.108	45.0
15:51:07.121	42.5
15:51:07.129	39.6
15:51:07.141	40.6
15:51:07.153	36.9
15:51:07.166	31.7
15:51:07.174	31.7
15:51:07.186	27.8
15:51:07.199	26.0
15:51:07.207	21.5
15:51:07.219	20.4
15:51:07.232	17.0
15:51:07.240	12.7
15:51:07.252	9.5
15:51:07.264	6.6
15:51:07.272	5.8
15:51:07.285	0.7
15:51:07.297	0.9
15:51:07.305	-4.3
15:51:07.317	-6.6
15:51:07.330	-13.1
15:51:07.342	-19.3
15:51:07.350	-21.8
15:51:07.362	-28.0
15:51:07.375	-33.3
15:51:07.383	-37.7
15:51:07.395	-40.1
15:51:07.408	-48.7
15:51:07.420	-52.1
15:51:07.428	-61.1
15:51:07.440	-67.0
15:51:07.453	-72.2
15:51:07.461	-82.1
15:51:07.473	-90.8
15:51:07.485	-100.2
15:51:07.498	-112.2
15:51:07.506	-127.0
15:51:07.518	-138.3
15:51:07.530	-153.1
15:51:07.539	-162.8
15:51:07.551	-174.8
15:51:07.563	-185.9
15:51:07.571	-194.8
15:51:07.583	-204.0
15:51:07.595	-211.6
15:51:07.603	-217.5
15:51:07.616	-220.1
15:51:07.628	-223.2
15:51:07.640	-223.1
15:51:07.648	-224.9
15:51:07.661	-227.7
15:51:07.673	-227.9
15:51:07.681	-227.1
15:51:07.693	-228.1
15:51:07.706	-226.5
15:51:07.718	-226.8
15:51:07.726	-228.0
15:51:07.738	-225.9
15:51:07.751	-227.3
15:51:07.759	-227.6
15:51:07.771	-225.8
15:51:07.783	-226.2
15:51:07.792	-228.6
15:51:07.804	-228.3
15:51:07.816	-232.8
15:51:07.825	-234.7
15:51:07.837	-235.4
15:51:07.849	-237.5
15:51:07.857	-238.4
15:51:07.870	-238.7
15:51:07.882	-239.8
15:51:07.894	-240.1
15:51:07.903	-240.7
15:51:07.915	-240.4
15:51:07.927	-239.2
15:51:07.935	-237.3
15:51:07.948	-237.2
15:51:07.960	-237.3
15:51:07.968	-236.4
15:51:07.980	-235.3
15:51:07.993	-234.6
15:51:08.001	-234.1
15:51:08.013	-231.3
15:51:08.025	-230.3
15:51:08.038	-228.4
15:51:08.046	-227.0
15:51:08.058	-224.1
15:51:08.071	-220.1
15:51:08.079	-217.8
15:51:08.091	-216.5
15:51:08.103	-213.6
15:51:08.112	-210.7
15:51:08.124	-208.4
15:51:08.136	-204.7
15:51:08.148	-200.9
15:51:08.157	-196.9
15:51:08.169	-193.7
15:51:08.181	-192.3
15:51:08.189	-189.8
15:51:08.202	-187.0
15:51:08.214	-182.1
15:51:08.222	-179.3
15:51:08.234	-177.3
15:51:08.247	-173.5
15:51:08.255	-172.6
15:51:08.267	-171.9
15:51:08.280	-169.6
15:51:08.288	-168.0
15:51:08.300	-164.1
15:51:08.312	-163.4
15:51:08.325	-165.0
15:51:08.333	-162.4
15:51:08.345	-159.9
15:51:08.357	-160.7
15:51:08.366	-158.0
15:51:08.378	-155.5
15:51:08.390	-153.2
15:51:08.403	-152.0
15:51:08.411	-151.7
15:51:08.423	-147.6
15:51:08.435	-144.1
15:51:08.443	-143.0
15:51:08.456	-140.7
15:51:08.468	-138.0
15:51:08.476	-133.3
15:51:08.489	-129.7
15:51:08.501	-127.7
15:51:08.509	-124.5
15:51:08.521	-120.6
15:51:08.534	-118.7
15:51:08.542	-117.8
15:51:08.554	-116.7
15:51:08.567	-115.6
15:51:08.579	-114.8
15:51:08.587	-114.7
15:51:08.599	-114.1
15:51:08.612	-111.8
15:51:08.620	-110.1
15:51:08.632	-110.7
15:51:08.644	-108.1
15:51:08.653	-105.4
15:51:08.665	-103.0
15:51:08.677	-101.1
15:51:08.689	-100.0
15:51:08.698	-97.5
15:51:08.710	-97.5
15:51:08.722	-96.7
15:51:08.730	-94.0
15:51:08.743	-91.3
15:51:08.755	-91.4
15:51:08.763	-90.9
15:51:08.775	-89.4
15:51:08.788	-86.9
15:51:08.796	-82.9
15:51:08.808	-81.1
15:51:08.820	-75.3
15:51:08.833	-74.7
15:51:08.841	-74.3
15:51:08.853	-72.2
15:51:08.865	-68.6
15:51:08.874	-65.0
15:51:08.886	-61.6
15:51:08.898	-58.1
15:51:08.907	-55.0
15:51:08.919	-51.6
15:51:08.931	-52.3
15:51:08.939	-50.4
15:51:08.952	-47.5
15:51:08.964	-46.1
15:51:08.976	-44.2
15:51:08.984	-42.4
15:51:08.997	-41.0
15:51:09.009	-39.1
15:51:09.017	-36.9
15:51:09.029	-36.2
15:51:09.041	-32.6
15:51:09.049	-30.0
15:51:09.061	-26.4
15:51:09.074	-22.2
15:51:09.086	-20.2
15:51:09.094	-18.2
15:51:09.107	-15.9
15:51:09.119	-12.3
15:51:09.128	-11.4
15:51:09.140	-8.6
15:51:09.152	-8.6
15:51:09.160	-6.2
15:51:09.173	-7.1
15:51:09.185	-9.1
15:51:09.193	-8.5
15:51:09.205	-9.0
15:51:09.218	-8.2
15:51:09.226	-10.9
15:51:09.238	-7.9
15:51:09.251	-8.5
15:51:09.263	-7.0
15:51:09.271	-8.7
15:51:09.283	-7.6
15:51:09.296	-6.9
15:51:09.304	-7.2
15:51:09.316	-4.6
15:51:09.328	-5.3
15:51:09.341	-4.0
15:51:09.349	-5.2
15:51:09.361	-4.5
15:51:09.374	-5.7
15:51:09.382	-3.9
15:51:09.394	-4.7
15:51:09.406	-2.0
15:51:09.414	-2.1
15:51:09.427	-2.5
15:51:09.439	-0.3
15:51:09.447	-1.0
15:51:09.460	-2.0
15:51:09.472	-3.1
15:51:09.480	2.3
15:51:09.492	4.7
15:51:09.505	6.2
15:51:09.517	5.9
15:51:09.525	9.2
15:51:09.537	10.1
15:51:09.550	10.8
15:51:09.561	13.4
15:51:09.569	17.3
15:51:09.582	21.9
15:51:09.594	20.4
15:51:09.602	21.8
15:51:09.614	26.2
15:51:09.626	28.2
15:51:09.639	33.3
15:51:09.647	40.6
15:51:09.659	46.0
15:51:09.671	51.0
15:51:09.680	54.5
15:51:09.692	58.7
15:51:09.704	64.9
15:51:09.712	69.6
15:51:09.725	72.8
15:51:09.737	78.5
15:51:09.745	80.8
15:51:09.758	83.9
15:51:09.771	85.7
15:51:09.779	89.3
15:51:09.791	92.0
15:51:09.804	99.4
15:51:09.816	110.2
15:51:09.824	123.2
15:51:09.836	137.9
15:51:09.849	150.6
15:51:09.857	163.1
15:51:09.869	174.0
15:51:09.881	186.3
15:51:09.889	196.2
15:51:09.901	206.7
15:51:09.914	211.2
15:51:09.922	212.4
15:51:09.934	212.1
15:51:09.946	208.9
15:51:09.959	207.9
15:51:09.967	206.5
15:51:09.979	206.3
15:51:09.991	208.1
15:51:10.000	209.4
15:51:10.012	211.0
15:51:10.024	214.5
15:51:10.032	218.9
15:51:10.045	223.2
15:51:10.057	229.4
15:51:10.069	233.8
15:51:10.078	237.5
15:51:10.090	239.1
15:51:10.102	239.6
15:51:10.110	241.8
15:51:10.123	243.9
15:51:10.135	242.5
15:51:10.143	241.4
15:51:10.155	239.3
15:51:10.168	235.2
15:51:10.176	234.9
15:51:10.188	233.0
15:51:10.200	232.4
15:51:10.209	231.3
15:51:10.221	229.7
15:51:10.233	226.2
15:51:10.245	224.7
15:51:10.254	220.5
15:51:10.266	217.5
15:51:10.278	220.0
15:51:10.286	216.1
15:51:10.299	216.0
15:51:10.311	214.1
15:51:10.323	213.3
15:51:10.331	211.5
15:51:10.344	211.5
15:51:10.356	211.8
15:51:10.364	210.0
15:51:10.376	210.6
15:51:10.389	207.6
15:51:10.397	206.7
15:51:10.409	205.1
15:51:10.421	203.2
15:51:10.430	202.8
15:51:10.442	203.0
15:51:10.454	203.2
15:51:10.462	202.2
15:51:10.475	204.9
15:51:10.487	202.7
15:51:10.499	202.6
15:51:10.507	203.1
15:51:10.520	203.7
15:51:10.532	204.9
15:51:10.540	203.8
15:51:10.553	203.3
15:51:10.565	202.4
15:51:10.573	201.4
15:51:10.585	200.9
15:51:10.598	202.4
15:51:10.610	203.4
15:51:10.618	204.8
15:51:10.630	202.0
15:51:10.643	200.0
15:51:10.651	199.1
15:51:10.663	197.3
15:51:10.675	196.6
15:51:10.684	194.5
15:51:10.696	192.9
15:51:10.708	189.7
15:51:10.716	185.8
15:51:10.729	181.0
15:51:10.741	178.0
15:51:10.753	173.2
15:51:10.761	170.6
15:51:10.774	166.0
15:51:10.786	160.9
15:51:10.794	158.4
15:51:10.806	153.8
15:51:10.819	149.7
15:51:10.827	144.8
15:51:10.839	140.9
15:51:10.852	137.2
15:51:10.860	131.8
15:51:10.872	122.3
15:51:10.884	119.3
15:51:10.897	114.1
15:51:10.905	106.5
15:51:10.917	101.8
15:51:10.929	97.7
15:51:10.938	92.0
15:51:10.950	86.5
15:51:10.962	82.5
15:51:10.970	80.9
15:51:10.983	80.1
15:51:10.995	74.3
15:51:11.007	68.7
15:51:11.015	65.8
15:51:11.028	61.9
15:51:11.040	58.6
15:51:11.048	56.4
15:51:11.060	53.6
15:51:11.073	52.0
15:51:11.081	48.4
15:51:11.093	46.4
15:51:11.106	44.1
15:51:11.114	44.7
15:51:11.126	45.3
15:51:11.138	45.3
15:51:11.146	45.8
15:51:11.159	46.4
15:51:11.171	48.5
15:51:11.183	47.7
15:51:11.191	52.8
15:51:11.204	54.9
15:51:11.216	61.3
15:51:11.224	66.4
15:51:11.237	71.1
15:51:11.249	77.6
15:51:11.261	91.0
15:51:11.269	108.0
15:51:11.282	124.0
15:51:11.294	144.1
15:51:11.306	161.6
15:51:11.314	180.4
15:51:11.327	197.3
15:51:11.339	217.7
15:51:11.347	235.2
15:51:11.359	253.3
15:51:11.372	263.0
15:51:11.380	268.6
15:51:11.392	274.9
15:51:11.404	278.2
15:51:11.413	279.8
15:51:11.425	282.9
15:51:11.437	281.2
15:51:11.445	275.3
15:51:11.458	274.6
15:51:11.470	270.3
15:51:11.482	268.5
15:51:11.490	264.3
15:51:11.503	260.4
15:51:11.515	254.9
15:51:11.523	249.2
15:51:11.535	244.6
15:51:11.548	243.1
15:51:11.560	244.8
15:51:11.568	242.0
15:51:11.580	240.1
15:51:11.593	235.7
15:51:11.601	234.0
15:51:11.613	230.7
15:51:11.625	228.0
15:51:11.634	227.2
15:51:11.646	223.0
15:51:11.658	220.5
15:51:11.666	215.2
15:51:11.679	211.5
15:51:11.691	207.8
15:51:11.699	203.6
15:51:11.712	200.0
15:51:11.724	196.6
15:51:11.736	194.2
15:51:11.744	189.5
15:51:11.757	185.9
15:51:11.769	180.7
15:51:11.777	178.1
15:51:11.789	175.5
15:51:11.802	172.8
15:51:11.810	171.0
15:51:11.822	166.7
15:51:11.834	164.6
15:51:11.843	161.4
15:51:11.855	158.8
15:51:11.867	158.9
15:51:11.879	160.4
15:51:11.888	158.5
15:51:11.900	158.0
15:51:11.912	154.6
15:51:11.920	152.7
15:51:11.933	154.1
15:51:11.945	152.1
15:51:11.953	150.7
15:51:11.965	149.6
15:51:11.978	146.5
15:51:11.990	143.4
15:51:11.998	141.3
15:51:12.011	137.6
15:51:12.023	137.2
15:51:12.031	133.3
15:51:12.044	129.7
15:51:12.056	126.5
15:51:12.065	123.6
15:51:12.077	122.0
15:51:12.089	117.1
15:51:12.097	113.5
15:51:12.109	108.2
15:51:12.122	104.0
15:51:12.130	97.7
15:51:12.142	94.8
15:51:12.154	88.6
15:51:12.167	84.7
15:51:12.175	77.1
15:51:12.187	68.1
15:51:12.199	65.0
15:51:12.208	58.7
15:51:12.220	53.9
15:51:12.232	48.6
15:51:12.245	43.8
15:51:12.253	39.8
15:51:12.265	35.7
15:51:12.277	33.0
15:51:12.285	30.5
15:51:12.298	29.9
15:51:12.310	26.9
15:51:12.318	25.0
15:51:12.331	24.0
15:51:12.343	25.5
15:51:12.351	26.2
15:51:12.363	25.3
15:51:12.376	24.9
15:51:12.384	23.8
15:51:12.396	26.7
15:51:12.408	28.1
15:51:12.421	28.1
15:51:12.429	29.1
15:51:12.441	30.0
15:51:12.453	26.5
15:51:12.462	26.3
15:51:12.474	25.5
15:51:12.486	25.6
15:51:12.494	25.6
15:51:12.507	25.9
15:51:12.519	26.8
15:51:12.531	29.1
15:51:12.539	29.1
15:51:12.552	29.8
15:51:12.564	31.4
15:51:12.572	33.4
15:51:12.584	34.2
15:51:12.597	38.6
15:51:12.605	38.0
15:51:12.617	36.8
15:51:12.629	37.8
15:51:12.638	38.8
15:51:12.650	39.2
15:51:12.662	40.9
15:51:12.675	42.6
15:51:12.683	42.4
15:51:12.695	43.5
15:51:12.707	41.5
15:51:12.715	42.0
15:51:12.728	41.4
15:51:12.740	41.1
15:51:12.748	40.6
15:51:12.760	42.2
15:51:12.773	39.2
15:51:12.781	38.9
15:51:12.793	36.5
15:51:12.806	34.6
15:51:12.818	33.1
15:51:12.826	31.7
15:51:12.838	33.5
15:51:12.851	30.9
15:51:12.859	29.9
15:51:12.871	27.0
15:51:12.883	26.5
15:51:12.892	24.5
15:51:12.904	22.7
15:51:12.916	24.4
15:51:12.929	23.9
15:51:12.937	25.9
15:51:12.949	23.4
15:51:12.961	26.8
15:51:12.969	25.2
15:51:12.982	23.9
15:51:12.994	22.9
15:51:13.002	22.7
15:51:13.014	24.5
15:51:13.027	23.6
15:51:13.035	24.9
15:51:13.047	23.1
15:51:13.060	25.4
15:51:13.068	23.4
15:51:13.080	26.1
15:51:13.092	27.2
15:51:13.104	29.4
15:51:13.113	29.1
15:51:13.125	26.9
15:51:13.137	25.8
15:51:13.145	24.2
15:51:13.158	26.1
15:51:13.170	24.3
15:51:13.182	24.5
15:51:13.190	20.5
15:51:13.203	21.7
15:51:13.215	20.3
15:51:13.223	20.0
15:51:13.235	20.2
15:51:13.248	20.4
15:51:13.256	19.7
15:51:13.268	16.1
15:51:13.281	16.8
15:51:13.289	13.1
15:51:13.301	13.3
15:51:13.313	8.6
15:51:13.322	6.5
15:51:13.334	5.2
15:51:13.346	3.8
15:51:13.358	1.6
15:51:13.367	0.7
15:51:13.379	0.4
15:51:13.391	-2.1
15:51:13.399	-1.0
15:51:13.412	-4.4
15:51:13.424	-5.8
15:51:13.432	-6.7
15:51:13.444	-9.4
15:51:13.457	-12.1
15:51:13.469	-16.3
15:51:13.481	-19.5
15:51:13.490	-24.2
15:51:13.501	-29.8
15:51:13.513	-38.8
15:51:13.522	-45.2
15:51:13.534	-49.1
15:51:13.546	-53.8
15:51:13.554	-60.5
15:51:13.567	-64.2
15:51:13.579	-67.6
15:51:13.587	-73.3
15:51:13.599	-76.1
15:51:13.612	-78.9
15:51:13.620	-78.2
15:51:13.632	-78.5
15:51:13.644	-81.7
15:51:13.657	-84.2
15:51:13.665	-85.4
15:51:13.677	-86.9
15:51:13.689	-88.6
15:51:13.698	-87.2
15:51:13.710	-87.4
15:51:13.722	-89.5
15:51:13.731	-91.1
15:51:13.743	-92.6
15:51:13.755	-92.2
15:51:13.763	-94.8
15:51:13.775	-95.0
15:51:13.788	-95.1
15:51:13.800	-95.3
15:51:13.808	-96.4
15:51:13.821	-97.2
15:51:13.833	-95.5
15:51:13.841	-95.4
15:51:13.853	-94.4
15:51:13.866	-94.0
15:51:13.874	-94.0
15:51:13.886	-94.4
15:51:13.898	-94.1
15:51:13.911	-92.4
15:51:13.919	-92.2
15:51:13.931	-92.8
15:51:13.943	-92.7
15:51:13.952	-93.2
15:51:13.964	-91.8
15:51:13.976	-94.8
15:51:13.984	-94.7
15:51:13.997	-93.8
15:51:14.009	-94.6
15:51:14.017	-92.8
15:51:14.029	-93.1
15:51:14.042	-91.6
15:51:14.051	-90.3
15:51:14.063	-88.2
15:51:14.075	-89.4
15:51:14.088	-86.0
15:51:14.096	-82.9
15:51:14.108	-80.5
15:51:14.120	-78.5
15:51:14.129	-80.4
15:51:14.141	-78.2
15:51:14.153	-79.2
15:51:14.165	-77.1
15:51:14.173	-77.4
15:51:14.185	-75.7
15:51:14.197	-76.1
15:51:14.206	-75.8
15:51:14.218	-73.9
15:51:14.230	-74.5
15:51:14.238	-72.4
15:51:14.251	-72.9
15:51:14.263	-72.6
15:51:14.271	-72.0
15:51:14.284	-71.5
15:51:14.296	-72.5
15:51:14.304	-69.4
15:51:14.316	-69.3
15:51:14.329	-72.1
15:51:14.341	-70.4
15:51:14.349	-71.6
15:51:14.361	-71.5
15:51:14.374	-70.1
15:51:14.382	-72.0
15:51:14.394	-71.5
15:51:14.406	-69.5
15:51:14.415	-70.2
15:51:14.427	-68.5
15:51:14.439	-65.4
15:51:14.451	-65.6
15:51:14.460	-62.5
15:51:14.472	-61.1
15:51:14.484	-57.7
15:51:14.492	-55.4
15:51:14.505	-53.5
15:51:14.517	-50.5
15:51:14.525	-50.1
15:51:14.537	-48.4
15:51:14.550	-47.5
15:51:14.558	-42.8
15:51:14.570	-42.3
15:51:14.582	-40.2
15:51:14.595	-40.1
15:51:14.603	-38.5
15:51:14.615	-38.0
15:51:14.628	-39.5
15:51:14.636	-37.4
15:51:14.648	-40.2
15:51:14.660	-38.2
15:51:14.668	-39.6
15:51:14.681	-40.1
15:51:14.693	-40.5
15:51:14.701	-40.2
15:51:14.714	-39.8
15:51:14.726	-38.0
15:51:14.738	-34.9
15:51:14.746	-33.0
15:51:14.759	-27.8
15:51:14.771	-26.0
15:51:14.779	-23.6
15:51:14.791	-21.1
15:51:14.804	-19.5
15:51:14.812	-18.1
15:51:14.824	-18.1
15:51:14.836	-18.5
15:51:14.849	-17.2
15:51:14.857	-16.3
15:51:14.869	-17.5
15:51:14.881	-18.5
15:51:14.890	-19.2
15:51:14.902	-18.9
15:51:14.914	-18.1
15:51:14.922	-17.2
15:51:14.935	-16.8
15:51:14.947	-15.0
15:51:14.955	-13.9
15:51:14.967	-14.6
15:51:14.980	-12.9
15:51:14.988	-11.8
15:51:15.000	-9.4
15:51:15.012	-6.8
15:51:15.025	-4.1
15:51:15.033	-1.8
15:51:15.045	-0.8
15:51:15.058	0.3
15:51:15.066	-1.8
15:51:15.078	3.0
15:51:15.090	7.1
15:51:15.103	7.2
15:51:15.111	9.5
15:51:15.123	9.3
15:51:15.136	9.4
15:51:15.144	8.2
15:51:15.156	10.9
15:51:15.168	10.3
15:51:15.176	14.8
15:51:15.189	14.3
15:51:15.201	14.4
15:51:15.209	17.7
15:51:15.221	16.8
15:51:15.234	19.3
15:51:15.242	19.3
15:51:15.254	20.6
15:51:15.267	19.0
15:51:15.279	23.6
15:51:15.287	24.6
15:51:15.299	27.7
15:51:15.312	27.4
15:51:15.320	26.6
15:51:15.332	26.9
15:51:15.344	28.0
15:51:15.353	30.1
15:51:15.365	33.9
15:51:15.377	39.2
15:51:15.390	39.9
15:51:15.398	40.5
15:51:15.410	41.4
15:51:15.422	43.0
15:51:15.434	47.5
15:51:15.443	50.7
15:51:15.455	52.4
15:51:15.467	56.2
15:51:15.476	58.6
15:51:15.488	61.2
15:51:15.500	66.2
15:51:15.508	67.8
15:51:15.521	71.0
15:51:15.533	74.1
15:51:15.541	75.1
15:51:15.553	77.1
15:51:15.566	76.8
15:51:15.578	76.4
15:51:15.586	77.7
15:51:15.599	77.1
15:51:15.611	74.7
15:51:15.619	79.8
15:51:15.631	80.8
15:51:15.644	83.5
15:51:15.652	84.1
15:51:15.664	86.0
15:51:15.676	90.7
15:51:15.685	93.5
15:51:15.697	94.2
15:51:15.709	94.3
15:51:15.721	98.1
15:51:15.730	98.1
15:51:15.742	97.7
15:51:15.754	99.3
15:51:15.762	102.1
15:51:15.775	103.7
15:51:15.787	103.0
15:51:15.795	103.8
15:51:15.807	103.2
15:51:15.820	109.7
15:51:15.832	110.1
15:51:15.840	109.8
15:51:15.853	110.4
15:51:15.865	109.1
15:51:15.873	109.7
15:51:15.885	109.7
15:51:15.897	109.1
15:51:15.906	106.8
15:51:15.918	106.7
15:51:15.930	101.7
15:51:15.938	100.0
15:51:15.951	98.0
15:51:15.963	96.2
15:51:15.971	94.1
15:51:15.983	90.3
15:51:15.996	88.2
15:51:16.008	86.3
15:51:16.017	86.1
15:51:16.029	82.6
15:51:16.041	83.4
15:51:16.049	80.5
15:51:16.062	78.4
15:51:16.074	76.5
15:51:16.086	73.9
15:51:16.094	72.6
15:51:16.107	68.7
15:51:16.119	62.9
15:51:16.127	58.3
15:51:16.139	54.2
15:51:16.152	47.3
15:51:16.160	43.2
15:51:16.172	36.6
15:51:16.184	29.4
15:51:16.193	24.0
15:51:16.205	17.1
15:51:16.217	11.1
15:51:16.226	6.8
15:51:16.238	1.1
15:51:16.250	-2.9
15:51:16.263	-6.5
15:51:16.271	-11.8
15:51:16.283	-15.6
15:51:16.295	-17.9
15:51:16.303	-21.7
15:51:16.316	-24.6
15:51:16.328	-27.7
15:51:16.336	-29.3
15:51:16.348	-31.5
15:51:16.361	-34.3
15:51:16.373	-39.4
15:51:16.381	-44.1
15:51:16.393	-47.0
15:51:16.406	-49.5
15:51:16.414	-51.6
15:51:16.426	-53.0
15:51:16.438	-57.7
15:51:16.447	-58.8
15:51:16.459	-61.0
15:51:16.471	-65.6
15:51:16.479	-65.8
15:51:16.492	-65.8
15:51:16.504	-68.7
15:51:16.516	-72.4
15:51:16.524	-77.4
15:51:16.537	-81.0
15:51:16.549	-82.5
15:51:16.557	-85.7
15:51:16.569	-87.7
15:51:16.582	-86.6
15:51:16.590	-89.7
15:51:16.602	-89.9
15:51:16.615	-89.8
15:51:16.623	-90.2
15:51:16.635	-96.1
15:51:16.647	-107.7
15:51:16.660	-115.1
15:51:16.668	-125.5
15:51:16.680	-134.6
15:51:16.692	-143.9
15:51:16.701	-154.0
15:51:16.713	-164.6
15:51:16.725	-172.8
15:51:16.733	-182.3
15:51:16.746	-185.1
15:51:16.758	-185.3
15:51:16.770	-189.8
15:51:16.778	-196.9
15:51:16.791	-207.4
15:51:16.803	-215.3
15:51:16.811	-225.5
15:51:16.823	-236.5
15:51:16.836	-248.0
15:51:16.844	-258.2
15:51:16.856	-266.7
15:51:16.868	-275.0
15:51:16.877	-281.0
15:51:16.889	-285.2
15:51:16.901	-284.5
15:51:16.909	-286.8
15:51:16.922	-287.3
15:51:16.934	-286.2
15:51:16.946	-288.1
15:51:16.954	-289.8
15:51:16.967	-295.3
15:51:16.979	-298.6
15:51:16.987	-302.4
15:51:16.999	-303.3
15:51:17.012	-305.7
15:51:17.024	-308.9
15:51:17.032	-311.4
15:51:17.045	-315.0
15:51:17.057	-315.9
15:51:17.065	-316.5
15:51:17.077	-314.2
15:51:17.089	-314.4
15:51:17.098	-313.9
15:51:17.110	-313.9
15:51:17.122	-315.3
15:51:17.134	-315.0
15:51:17.143	-314.7
15:51:17.155	-314.9
15:51:17.167	-316.0
15:51:17.175	-315.5
15:51:17.188	-314.6
15:51:17.200	-313.6
15:51:17.208	-312.8
15:51:17.221	-310.6
15:51:17.233	-309.2
15:51:17.245	-304.4
15:51:17.253	-301.1
15:51:17.266	-298.8
15:51:17.278	-295.0
15:51:17.286	-290.6
15:51:17.298	-289.3
15:51:17.311	-287.4
15:51:17.323	-283.4
15:51:17.331	-282.6
15:51:17.343	-279.9
15:51:17.356	-280.6
15:51:17.364	-280.1
15:51:17.376	-279.0
15:51:17.388	-276.3
15:51:17.397	-274.5
15:51:17.409	-271.0
15:51:17.421	-266.9
15:51:17.429	-265.6
15:51:17.442	-261.0
15:51:17.454	-257.6
15:51:17.462	-254.3
15:51:17.474	-250.1
15:51:17.487	-244.4
15:51:17.499	-242.0
15:51:17.507	-237.7
15:51:17.519	-235.2
15:51:17.532	-232.9
15:51:17.540	-228.0
15:51:17.552	-226.0
15:51:17.564	-221.9
15:51:17.573	-217.0
15:51:17.585	-213.4
15:51:17.597	-212.4
15:51:17.605	-208.4
15:51:17.618	-207.2
15:51:17.630	-204.1
15:51:17.642	-198.7
15:51:17.650	-197.5
15:51:17.663	-192.3
15:51:17.675	-189.6
15:51:17.683	-189.4
15:51:17.696	-187.0
15:51:17.708	-182.3
15:51:17.716	-179.4
15:51:17.728	-176.8
15:51:17.741	-174.8
15:51:17.753	-173.3
15:51:17.761	-169.0
15:51:17.773	-168.7
15:51:17.786	-166.8
15:51:17.794	-166.0
15:51:17.806	-165.9
15:51:17.818	-165.3
15:51:17.827	-163.8
15:51:17.839	-162.9
15:51:17.851	-159.1
15:51:17.859	-157.4
15:51:17.872	-155.9
15:51:17.884	-154.9
15:51:17.892	-154.5
15:51:17.904	-150.5
15:51:17.917	-145.3
15:51:17.929	-142.7
15:51:17.937	-140.9
15:51:17.949	-137.9
15:51:17.962	-136.1
15:51:17.970	-135.1
15:51:17.982	-133.1
15:51:17.994	-130.0
15:51:18.007	-127.7
15:51:18.015	-124.0
15:51:18.027	-122.4
15:51:18.039	-119.6
15:51:18.048	-115.4
15:51:18.060	-112.6
15:51:18.072	-111.4
15:51:18.080	-106.5
15:51:18.093	-104.4
15:51:18.105	-101.1
15:51:18.113	-94.3
15:51:18.126	-90.6
15:51:18.138	-87.7
15:51:18.146	-83.8
15:51:18.159	-80.6
15:51:18.171	-76.2
15:51:18.183	-70.7
15:51:18.191	-70.1
15:51:18.204	-65.8
15:51:18.216	-62.7
15:51:18.224	-61.8
15:51:18.236	-58.5
15:51:18.249	-55.7
15:51:18.257	-52.8
15:51:18.269	-52.1
15:51:18.281	-49.0
15:51:18.294	-47.4
15:51:18.302	-43.4
15:51:18.314	-38.4
15:51:18.327	-30.4
15:51:18.335	-25.4
15:51:18.347	-22.2
15:51:18.359	-16.7
15:51:18.368	-9.0
15:51:18.380	1.4
15:51:18.392	6.3
15:51:18.400	12.9
15:51:18.413	20.0
15:51:18.425	24.8
15:51:18.437	26.7
15:51:18.445	30.8
15:51:18.458	35.5
15:51:18.470	38.3
15:51:18.478	37.5
15:51:18.490	37.9
15:51:18.503	39.2
15:51:18.511	41.9
15:51:18.523	42.1
15:51:18.536	42.2
15:51:18.544	40.5
15:51:18.556	40.2
15:51:18.568	39.2
15:51:18.581	39.5
15:51:18.589	39.7
15:51:18.601	39.1
15:51:18.613	37.2
15:51:18.622	34.1
15:51:18.634	32.5
15:51:18.646	30.6
15:51:18.654	29.5
15:51:18.667	27.8
15:51:18.679	26.2
15:51:18.691	25.3
15:51:18.699	23.7
15:51:18.712	20.9
15:51:18.724	20.4
15:51:18.732	18.3
15:51:18.744	18.1
15:51:18.757	15.0
15:51:18.765	15.2
15:51:18.777	11.8
15:51:18.789	10.7
15:51:18.798	8.2
15:51:18.810	5.2
15:51:18.822	4.8
15:51:18.830	2.7
15:51:18.843	1.1
15:51:18.855	-1.0
15:51:18.867	-0.4
15:51:18.875	-3.6
15:51:18.888	-4.5
15:51:18.900	-6.6
15:51:18.908	-8.5
15:51:18.921	-7.7
15:51:18.933	-9.6
15:51:18.945	-10.4
15:51:18.953	-9.5
15:51:18.966	-9.0
15:51:18.978	-10.2
15:51:18.986	-11.2
15:51:18.998	-10.9
15:51:19.011	-11.5
15:51:19.019	-8.9
15:51:19.031	-10.0
15:51:19.043	-12.8
15:51:19.052	-13.5
15:51:19.064	-16.3
15:51:19.076	-19.3
15:51:19.084	-21.9
15:51:19.097	-21.1
15:51:19.109	-21.5
15:51:19.121	-24.0
15:51:19.129	-27.0
15:51:19.142	-26.7
15:51:19.154	-25.8
15:51:19.162	-27.1
15:51:19.174	-26.9
15:51:19.187	-28.8
15:51:19.195	-30.9
15:51:19.207	-37.6
15:51:19.219	-43.7
15:51:19.232	-47.2
15:51:19.240	-55.2
15:51:19.252	-61.6
15:51:19.265	-68.4
15:51:19.273	-74.0
15:51:19.285	-77.1
15:51:19.297	-81.4
15:51:19.306	-84.8
15:51:19.318	-86.6
15:51:19.330	-89.0
15:51:19.342	-89.4
15:51:19.351	-88.8
15:51:19.363	-88.9
15:51:19.375	-89.6
15:51:19.383	-90.2
15:51:19.396	-96.9
15:51:19.408	-99.3
15:51:19.420	-99.8
15:51:19.428	-99.0
15:51:19.441	-99.7
15:51:19.453	-101.9
15:51:19.461	-101.5
15:51:19.473	-103.4
15:51:19.486	-104.3
15:51:19.494	-106.7
15:51:19.506	-107.2
15:51:19.518	-107.7
15:51:19.527	-111.3
15:51:19.539	-114.7
15:51:19.551	-114.3
15:51:19.564	-116.3
15:51:19.572	-119.7
15:51:19.584	-122.3
15:51:19.596	-124.0
15:51:19.605	-124.2
15:51:19.617	-123.7
15:51:19.629	-122.6
15:51:19.637	-122.9
15:51:19.650	-123.0
15:51:19.662	-124.1
15:51:19.674	-123.4
15:51:19.682	-122.5
15:51:19.695	-121.2
15:51:19.707	-120.8
15:51:19.715	-119.7
15:51:19.727	-117.5
15:51:19.740	-118.3
15:51:19.748	-117.8
15:51:19.760	-115.8
15:51:19.772	-115.2
15:51:19.781	-114.1
15:51:19.793	-112.5
15:51:19.805	-112.3
15:51:19.813	-111.3
15:51:19.826	-111.4
15:51:19.838	-112.3
15:51:19.850	-112.3
15:51:19.858	-109.8
15:51:19.871	-110.5
15:51:19.882	-107.7
15:51:19.890	-107.9
15:51:19.903	-109.1
15:51:19.915	-110.9
15:51:19.927	-111.8
15:51:19.936	-112.5
15:51:19.948	-112.9
15:51:19.960	-114.5
15:51:19.968	-116.2
15:51:19.981	-114.3
15:51:19.993	-116.0
15:51:20.001	-116.9
15:51:20.013	-116.7
15:51:20.026	-114.7
15:51:20.034	-114.5
15:51:20.046	-114.1
15:51:20.058	-113.8
15:51:20.067	-110.0
15:51:20.079	-109.6
15:51:20.091	-111.1
15:51:20.103	-110.0
15:51:20.112	-107.6
15:51:20.124	-106.0
15:51:20.136	-105.8
15:51:20.144	-103.7
15:51:20.157	-102.1
15:51:20.169	-99.5
15:51:20.177	-99.4
15:51:20.189	-97.8
15:51:20.202	-94.5
15:51:20.214	-96.4
15:51:20.222	-95.2
15:51:20.234	-94.1
15:51:20.247	-91.4
15:51:20.255	-90.8
15:51:20.267	-90.5
15:51:20.280	-89.9
15:51:20.288	-91.4
15:51:20.300	-89.1
15:51:20.312	-89.8
15:51:20.320	-86.0
15:51:20.333	-86.7
15:51:20.345	-86.7
15:51:20.357	-85.7
15:51:20.366	-84.9
15:51:20.378	-83.0
15:51:20.390	-84.2
15:51:20.398	-82.1
15:51:20.411	-81.8
15:51:20.423	-80.1
15:51:20.431	-80.6
15:51:20.443	-79.3
15:51:20.456	-79.4
15:51:20.464	-79.4
15:51:20.476	-77.9
15:51:20.488	-78.1
15:51:20.501	-76.0
15:51:20.509	-75.0
15:51:20.521	-72.3
15:51:20.533	-72.6
15:51:20.542	-69.6
15:51:20.554	-68.9
15:51:20.567	-67.8
15:51:20.575	-65.1
15:51:20.588	-63.5
15:51:20.600	-61.1
15:51:20.612	-59.6
15:51:20.620	-56.8
15:51:20.633	-58.1
15:51:20.645	-55.5
15:51:20.653	-55.5
15:51:20.665	-54.8
15:51:20.678	-51.7
15:51:20.686	-51.4
15:51:20.698	-52.4
15:51:20.710	-53.0
15:51:20.719	-53.4
15:51:20.731	-54.7
15:51:20.743	-51.3
15:51:20.751	-52.1
15:51:20.764	-50.5
15:51:20.776	-47.9
15:51:20.788	-49.6
15:51:20.796	-49.6
15:51:20.809	-47.2
15:51:20.821	-44.6
15:51:20.829	-41.7
15:51:20.842	-38.0
15:51:20.854	-39.7
15:51:20.866	-39.0
15:51:20.874	-38.8
15:51:20.887	-37.9
15:51:20.899	-36.6
15:51:20.907	-38.0
15:51:20.919	-39.3
15:51:20.932	-39.7
15:51:20.940	-41.8
15:51:20.952	-43.8
15:51:20.964	-42.0
15:51:20.973	-42.6
15:51:20.985	-42.5
15:51:20.997	-45.8
15:51:21.005	-46.2
15:51:21.018	-43.2
15:51:21.030	-42.7
15:51:21.042	-41.9
15:51:21.050	-41.8
15:51:21.063	-40.2
15:51:21.075	-41.4
15:51:21.083	-38.8
15:51:21.095	-40.5
15:51:21.108	-36.3
15:51:21.116	-33.8
15:51:21.128	-33.6
15:51:21.140	-32.5
15:51:21.153	-32.8
15:51:21.161	-29.0
15:51:21.173	-28.6
15:51:21.185	-27.3
15:51:21.194	-28.5
15:51:21.206	-26.0
15:51:21.218	-27.3
15:51:21.226	-28.9
15:51:21.239	-30.0
15:51:21.251	-28.5
15:51:21.259	-28.8
15:51:21.271	-29.9
15:51:21.284	-29.0
15:51:21.296	-29.0
15:51:21.304	-26.7
15:51:21.317	-26.7
15:51:21.329	-26.5
15:51:21.341	-25.2
15:51:21.349	-24.0
15:51:21.362	-22.8
15:51:21.374	-20.4
15:51:21.382	-20.6
15:51:21.394	-21.1
15:51:21.407	-21.5
15:51:21.415	-22.7
15:51:21.427	-22.8
15:51:21.439	-20.7
15:51:21.448	-19.4
15:51:21.460	-20.2
15:51:21.472	-20.1
15:51:21.484	-23.1
15:51:21.493	-22.1
15:51:21.505	-23.4
15:51:21.517	-23.7
15:51:21.525	-22.7
15:51:21.537	-22.4
15:51:21.549	-25.5
15:51:21.557	-27.4
15:51:21.570	-27.2
15:51:21.582	-28.9
15:51:21.594	-26.9
15:51:21.602	-25.6
15:51:21.616	-24.1
15:51:21.628	-23.2
15:51:21.636	-24.5
15:51:21.648	-25.7
15:51:21.661	-23.9
15:51:21.669	-21.8
15:51:21.681	-18.3
15:51:21.693	-17.4
15:51:21.702	-17.7
15:51:21.714	-17.7
15:51:21.726	-16.2
15:51:21.734	-16.2
15:51:21.747	-14.3
15:51:21.759	-13.6
15:51:21.771	-13.4
15:51:21.780	-12.8
15:51:21.792	-16.9
15:51:21.804	-15.6
15:51:21.812	-13.7
15:51:21.825	-13.7
15:51:21.837	-15.3
15:51:21.849	-15.7
15:51:21.857	-15.8
15:51:21.870	-14.0
15:51:21.882	-14.0
15:51:21.890	-14.5
15:51:21.902	-10.1
15:51:21.915	-11.9
15:51:21.923	-12.7
15:51:21.935	-10.8
15:51:21.947	-10.2
15:51:21.956	-9.8
15:51:21.968	-10.7
15:51:21.980	-10.1
15:51:21.988	-9.5
15:51:22.001	-6.4
15:51:22.013	-8.1
15:51:22.025	-5.5
15:51:22.033	-5.1
15:51:22.046	-5.9
15:51:22.058	-3.9
15:51:22.066	-2.9
15:51:22.078	-1.7
15:51:22.090	-1.3
15:51:22.098	0.8
15:51:22.110	-1.7
15:51:22.123	0.3
15:51:22.135	-0.1
15:51:22.143	0.4
15:51:22.155	-0.1
15:51:22.168	-0.5
15:51:22.176	2.6
15:51:22.188	6.8
15:51:22.200	6.8
15:51:22.209	7.8
15:51:22.221	12.7
15:51:22.233	13.9
15:51:22.241	15.9
15:51:22.254	18.8
15:51:22.266	21.7
15:51:22.278	24.5
15:51:22.286	25.8
15:51:22.299	26.1
15:51:22.311	30.4
15:51:22.319	32.1
15:51:22.332	31.5
15:51:22.344	33.3
15:51:22.352	34.2
15:51:22.364	36.2
15:51:22.377	38.6
15:51:22.385	39.0
15:51:22.397	41.1
15:51:22.409	41.9
15:51:22.422	46.6
15:51:22.430	50.8
15:51:22.442	55.6
15:51:22.454	60.4
15:51:22.463	65.7
15:51:22.475	70.4
15:51:22.487	75.1
15:51:22.495	83.0
15:51:22.508	87.9
15:51:22.520	93.8
15:51:22.532	94.8
15:51:22.540	99.9
15:51:22.553	100.9
15:51:22.565	103.5
15:51:22.573	105.3
15:51:22.585	107.6
15:51:22.598	108.2
15:51:22.606	107.8
15:51:22.618	107.0
15:51:22.631	108.9
15:51:22.639	110.0
15:51:22.651	111.3
15:51:22.663	115.1
15:51:22.671	115.0
15:51:22.684	116.3
15:51:22.696	116.2
15:51:22.708	116.7
15:51:22.716	117.5
15:51:22.729	121.5
15:51:22.742	123.2
15:51:22.750	128.1
15:51:22.762	134.1
15:51:22.775	149.2
15:51:22.787	163.3
15:51:22.795	180.0
15:51:22.807	195.1
15:51:22.820	212.1
15:51:22.828	225.6
15:51:22.840	237.2
15:51:22.853	247.2
15:51:22.861	256.6
15:51:22.873	261.1
15:51:22.885	257.2
15:51:22.893	254.4
15:51:22.905	248.9
15:51:22.917	247.4
15:51:22.925	240.5
15:51:22.938	239.0
15:51:22.950	236.5
15:51:22.962	238.2
15:51:22.971	235.5
15:51:22.983	232.1
15:51:22.995	229.2
15:51:23.003	227.5
15:51:23.016	228.4
15:51:23.028	223.3
15:51:23.040	223.4
15:51:23.048	220.9
15:51:23.061	218.9
15:51:23.073	213.9
15:51:23.085	210.9
15:51:23.094	209.5
15:51:23.106	209.6
15:51:23.118	207.8
15:51:23.126	202.4
15:51:23.139	201.8
15:51:23.151	198.6
15:51:23.159	196.8
15:51:23.171	196.1
15:51:23.184	196.0
15:51:23.192	193.6
15:51:23.204	190.8
15:51:23.217	187.3
15:51:23.225	185.7
15:51:23.237	183.4
15:51:23.249	181.5
15:51:23.261	180.5
15:51:23.270	178.0
15:51:23.282	175.7
15:51:23.294	172.1
15:51:23.303	170.9
15:51:23.315	171.7
15:51:23.327	171.1
15:51:23.335	169.3
15:51:23.348	170.6
15:51:23.360	168.8
15:51:23.368	167.2
15:51:23.380	167.1
15:51:23.393	164.6
15:51:23.405	163.0
15:51:23.413	160.9
15:51:23.425	157.6
15:51:23.438	154.5
15:51:23.446	153.4
15:51:23.458	152.4
15:51:23.470	151.4
15:51:23.479	150.8
15:51:23.491	148.4
15:51:23.503	148.3
15:51:23.516	146.5
15:51:23.524	145.5
15:51:23.536	145.1
15:51:23.548	143.4
15:51:23.556	143.3
15:51:23.569	139.1
15:51:23.581	137.5
15:51:23.589	135.4
15:51:23.602	136.1
15:51:23.614	134.6
15:51:23.622	134.9
15:51:23.634	131.6
15:51:23.647	129.6
15:51:23.655	128.8
15:51:23.667	126.7
15:51:23.679	126.7
15:51:23.692	126.4
15:51:23.700	126.4
15:51:23.712	124.7
15:51:23.724	122.1
15:51:23.733	119.1
15:51:23.745	120.9
15:51:23.757	122.3
15:51:23.769	122.3
15:51:23.778	122.5
15:51:23.790	123.1
15:51:23.802	123.7
15:51:23.810	123.2
15:51:23.823	123.7
15:51:23.835	123.9
15:51:23.843	125.7
15:51:23.855	125.9
15:51:23.868	125.1
15:51:23.876	126.4
15:51:23.888	126.0
15:51:23.900	125.9
15:51:23.909	125.4
15:51:23.921	129.3
15:51:23.933	128.5
15:51:23.945	131.4
15:51:23.954	129.8
15:51:23.966	128.2
15:51:23.978	125.4
15:51:23.986	124.5
15:51:23.999	123.2
15:51:24.011	121.8
15:51:24.019	122.7
15:51:24.031	117.6
15:51:24.044	115.3
15:51:24.056	112.3
15:51:24.064	111.7
15:51:24.077	110.7
15:51:24.089	109.6
15:51:24.097	105.2
15:51:24.109	102.6
15:51:24.122	101.4
15:51:24.130	97.0
15:51:24.142	94.1
15:51:24.154	90.8
15:51:24.163	85.9
15:51:24.175	84.2
15:51:24.187	82.5
15:51:24.199	81.4
15:51:24.208	80.2
15:51:24.220	78.0
15:51:24.232	75.3
15:51:24.240	73.0
15:51:24.253	71.2
15:51:24.265	70.7
15:51:24.273	69.7
15:51:24.285	67.2
15:51:24.298	66.1
15:51:24.306	64.8
15:51:24.318	63.5
15:51:24.330	63.2
15:51:24.343	63.6
15:51:24.351	61.3
15:51:24.363	61.2
15:51:24.375	60.9
15:51:24.384	59.0
15:51:24.396	56.8
15:51:24.408	52.8
15:51:24.417	48.5
15:51:24.429	45.6
15:51:24.441	44.8
15:51:24.453	40.3
15:51:24.461	39.1
15:51:24.474	36.6
15:51:24.486	31.1
15:51:24.494	30.3
15:51:24.506	27.2
15:51:24.519	26.2
15:51:24.527	24.1
15:51:24.539	23.0
15:51:24.552	18.4
15:51:24.560	16.4
15:51:24.572	16.2
15:51:24.584	13.4
15:51:24.592	12.8
15:51:24.605	8.5
15:51:24.617	5.7
15:51:24.629	3.2
15:51:24.637	1.1
15:51:24.650	-2.2
15:51:24.662	-4.2
15:51:24.670	-8.4
15:51:24.683	-14.9
15:51:24.695	-18.3
15:51:24.707	-21.4
15:51:24.715	-22.4
15:51:24.728	-22.8
15:51:24.740	-25.5
15:51:24.748	-27.6
15:51:24.760	-26.6
15:51:24.773	-27.1
15:51:24.781	-24.7
15:51:24.793	-24.3
15:51:24.805	-24.2
15:51:24.814	-26.7
15:51:24.826	-29.0
15:51:24.838	-31.3
15:51:24.846	-32.9
15:51:24.859	-37.3
15:51:24.871	-48.9
15:51:24.883	-58.9
15:51:24.891	-73.0
15:51:24.904	-83.9
15:51:24.916	-95.1
15:51:24.924	-104.6
15:51:24.936	-112.8
15:51:24.949	-122.3
15:51:24.961	-131.1
15:51:24.969	-136.1
15:51:24.982	-137.4
15:51:24.994	-140.0
15:51:25.006	-138.8
15:51:25.014	-141.5
15:51:25.027	-143.8
15:51:25.039	-145.6
15:51:25.047	-148.5
15:51:25.059	-149.6
15:51:25.072	-151.5
15:51:25.080	-151.8
15:51:25.092	-153.8
15:51:25.104	-157.0
15:51:25.113	-160.0
15:51:25.125	-160.5
15:51:25.137	-162.0
15:51:25.145	-163.2
15:51:25.158	-164.3
15:51:25.170	-166.8
15:51:25.182	-167.2
15:51:25.190	-170.1
15:51:25.203	-170.2
15:51:25.215	-169.5
15:51:25.223	-167.6
15:51:25.235	-166.4
15:51:25.248	-164.4
15:51:25.256	-161.2
15:51:25.268	-158.6
15:51:25.280	-156.1
15:51:25.289	-156.1
15:51:25.301	-154.0
15:51:25.313	-153.0
15:51:25.325	-152.3
15:51:25.334	-152.2
15:51:25.346	-151.1
15:51:25.358	-149.0
15:51:25.366	-148.5
15:51:25.379	-148.9
15:51:25.391	-147.3
15:51:25.399	-144.5
15:51:25.412	-142.3
15:51:25.424	-141.0
15:51:25.436	-136.6
15:51:25.444	-135.3
15:51:25.457	-132.9
15:51:25.469	-132.6
15:51:25.477	-131.3
15:51:25.489	-127.9
15:51:25.502	-127.1
15:51:25.510	-124.8
15:51:25.522	-123.9
15:51:25.535	-121.1
15:51:25.543	-120.3
15:51:25.555	-115.6
15:51:25.567	-114.5
15:51:25.576	-112.6
15:51:25.588	-110.5
15:51:25.600	-109.5
15:51:25.612	-105.9
15:51:25.621	-104.8
15:51:25.633	-104.1
15:51:25.645	-103.8
15:51:25.653	-102.5
15:51:25.666	-102.4
15:51:25.678	-101.8
15:51:25.690	-98.7
15:51:25.698	-97.8
15:51:25.711	-95.3
15:51:25.723	-94.5
15:51:25.731	-91.6
15:51:25.744	-88.8
15:51:25.756	-86.3
15:51:25.764	-83.4
15:51:25.776	-81.6
15:51:25.789	-78.8
15:51:25.797	-78.1
15:51:25.809	-75.7
15:51:25.821	-74.5
15:51:25.830	-73.9
15:51:25.842	-71.7
15:51:25.855	-68.2
15:51:25.867	-65.0
15:51:25.875	-63.6
15:51:25.887	-61.8
15:51:25.900	-59.1
15:51:25.908	-57.8
15:51:25.920	-55.3
15:51:25.932	-55.2
15:51:25.941	-52.7
15:51:25.953	-54.6
15:51:25.965	-51.1
15:51:25.977	-51.8
15:51:25.986	-51.3
15:51:25.998	-50.6
15:51:26.010	-50.7
15:51:26.018	-46.6
15:51:26.031	-45.8
15:51:26.043	-41.2
15:51:26.051	-39.5
15:51:26.063	-35.2
15:51:26.076	-37.7
15:51:26.084	-35.0
15:51:26.096	-32.7
15:51:26.108	-31.5
15:51:26.121	-29.9
15:51:26.129	-30.3
15:51:26.141	-26.8
15:51:26.154	-25.4
15:51:26.162	-22.9
15:51:26.174	-20.9
15:51:26.186	-16.8
15:51:26.194	-15.5
15:51:26.207	-12.4
15:51:26.219	-9.6
15:51:26.227	-6.7
15:51:26.239	-4.1
15:51:26.252	-2.6
15:51:26.264	0.9
15:51:26.272	3.4
15:51:26.285	5.2
15:51:26.297	7.7
15:51:26.305	15.3
15:51:26.317	18.6
15:51:26.330	23.4
15:51:26.338	29.5
15:51:26.350	33.4
15:51:26.362	37.3
15:51:26.375	40.2
15:51:26.383	42.7
15:51:26.395	47.1
15:51:26.408	49.8
15:51:26.416	50.5
15:51:26.428	53.2
15:51:26.440	55.4
15:51:26.448	58.3
15:51:26.461	67.8
15:51:26.473	74.7
15:51:26.481	82.2
15:51:26.494	90.7
15:51:26.506	99.0
15:51:26.514	107.6
15:51:26.526	115.1
15:51:26.539	123.8
15:51:26.551	130.8
15:51:26.559	138.2
15:51:26.571	139.5
15:51:26.584	145.1
15:51:26.592	150.1
15:51:26.604	157.7
15:51:26.616	162.0
15:51:26.629	167.6
15:51:26.637	173.3
15:51:26.649	178.3
15:51:26.661	184.2
15:51:26.670	188.3
15:51:26.682	194.9
15:51:26.694	196.1
15:51:26.702	197.4
15:51:26.715	195.6
15:51:26.727	196.8
15:51:26.735	196.1
15:51:26.747	197.4
15:51:26.760	197.3
15:51:26.768	197.2
15:51:26.780	197.2
15:51:26.793	194.8
15:51:26.805	194.7
15:51:26.813	193.6
15:51:26.825	194.1
15:51:26.838	193.5
15:51:26.846	193.1
15:51:26.858	190.8
15:51:26.870	188.9
15:51:26.878	189.5
15:51:26.891	187.1
15:51:26.903	186.0
15:51:26.915	181.9
15:51:26.923	180.9
15:51:26.936	180.7
15:51:26.948	180.9
15:51:26.960	179.4
15:51:26.968	179.3
15:51:26.981	182.9
15:51:26.993	181.7
15:51:27.001	184.0
15:51:27.014	184.5
15:51:27.026	188.3
15:51:27.034	189.6
15:51:27.046	190.6
15:51:27.058	190.5
15:51:27.066	193.6
15:51:27.078	193.4
15:51:27.091	190.2
15:51:27.103	189.8
15:51:27.111	188.6
15:51:27.123	188.7
15:51:27.136	189.8
15:51:27.144	191.2
15:51:27.156	192.5
15:51:27.169	191.8
15:51:27.177	190.7
15:51:27.189	193.4
15:51:27.201	194.1
15:51:27.209	194.6
15:51:27.222	197.7
15:51:27.234	199.9
15:51:27.246	200.8
15:51:27.254	200.1
15:51:27.267	199.2
15:51:27.279	200.4
15:51:27.287	200.5
15:51:27.300	199.6
15:51:27.312	199.1
15:51:27.321	199.1
15:51:27.333	195.9
15:51:27.346	194.2
15:51:27.358	191.5
15:51:27.366	190.4
15:51:27.378	188.4
15:51:27.391	186.2
15:51:27.399	185.6
15:51:27.411	182.4
15:51:27.423	181.6
15:51:27.432	180.8
15:51:27.444	179.1
15:51:27.456	177.0
15:51:27.464	175.1
15:51:27.477	172.7
15:51:27.489	170.8
15:51:27.497	171.4
15:51:27.509	168.5
15:51:27.522	165.3
15:51:27.534	162.5
15:51:27.542	157.7
15:51:27.554	154.3
15:51:27.567	149.0
15:51:27.575	144.3
15:51:27.587	137.8
15:51:27.599	133.3
15:51:27.612	126.3
15:51:27.620	121.5
15:51:27.632	117.5
15:51:27.644	112.8
15:51:27.653	107.1
15:51:27.665	102.7
15:51:27.677	97.7
15:51:27.685	94.0
15:51:27.698	92.7
15:51:27.710	87.5
15:51:27.718	84.2
15:51:27.731	77.4
15:51:27.743	76.4
15:51:27.751	72.6
15:51:27.763	71.9
15:51:27.776	67.8
15:51:27.788	64.3
15:51:27.796	62.7
15:51:27.808	58.6
15:51:27.821	58.0
15:51:27.829	55.3
15:51:27.841	56.1
15:51:27.853	50.5
15:51:27.862	46.2
15:51:27.874	43.9
15:51:27.886	44.9
15:51:27.898	45.6
15:51:27.907	40.1
15:51:27.919	37.9
15:51:27.931	35.6
15:51:27.939	32.6
15:51:27.952	29.4
15:51:27.964	27.9
15:51:27.972	25.8
15:51:27.984	21.6
15:51:27.997	15.5
15:51:28.005	11.7
15:51:28.017	10.8
15:51:28.029	8.9
15:51:28.042	4.3
15:51:28.050	2.3
15:51:28.062	0.0
15:51:28.074	-2.2
15:51:28.083	-5.1
15:51:28.095	-8.5
15:51:28.107	-12.0
15:51:28.115	-14.5
15:51:28.127	-15.9
15:51:28.140	-18.9
15:51:28.148	-20.9
15:51:28.160	-21.6
15:51:28.173	-23.6
15:51:28.185	-27.3
15:51:28.193	-31.4
15:51:28.205	-34.6
15:51:28.218	-37.4
15:51:28.226	-43.1
15:51:28.238	-48.8
15:51:28.250	-53.8
15:51:28.259	-59.4
15:51:28.271	-66.4
15:51:28.283	-71.7
15:51:28.295	-75.8
15:51:28.304	-78.7
15:51:28.316	-82.3
15:51:28.328	-85.9
15:51:28.337	-87.4
15:51:28.349	-89.9
15:51:28.361	-92.6
15:51:28.369	-94.3
15:51:28.381	-97.5
15:51:28.394	-99.3
15:51:28.402	-101.1
15:51:28.414	-102.0
15:51:28.426	-102.6
15:51:28.435	-103.2
15:51:28.447	-102.9
15:51:28.459	-104.5
15:51:28.472	-104.1
15:51:28.480	-104.4
15:51:28.492	-104.6
15:51:28.504	-107.4
15:51:28.512	-110.0
15:51:28.525	-108.4
15:51:28.537	-111.0
15:51:28.549	-114.4
15:51:28.558	-115.3
15:51:28.570	-115.4
15:51:28.582	-115.2
15:51:28.590	-115.3
15:51:28.603	-114.3
15:51:28.615	-113.1
15:51:28.623	-112.5
15:51:28.635	-115.3
15:51:28.648	-112.0
15:51:28.656	-107.4
15:51:28.668	-107.8
15:51:28.680	-106.0
15:51:28.689	-105.4
15:51:28.701	-104.0
15:51:28.713	-104.7
15:51:28.726	-102.9
15:51:28.734	-101.6
15:51:28.746	-99.0
15:51:28.758	-98.9
15:51:28.766	-99.4
15:51:28.779	-99.1
15:51:28.791	-98.5
15:51:28.799	-97.1
15:51:28.811	-96.9
15:51:28.824	-94.2
15:51:28.836	-93.8
15:51:28.844	-89.4
15:51:28.857	-89.1
15:51:28.869	-88.2
15:51:28.877	-85.3
15:51:28.889	-84.3
15:51:28.902	-81.7
15:51:28.910	-81.4
15:51:28.922	-80.0
15:51:28.934	-80.0
15:51:28.943	-78.1
15:51:28.955	-78.9
15:51:28.967	-78.1
15:51:28.979	-76.3
15:51:28.988	-76.1
15:51:29.000	-71.4
15:51:29.012	-71.2
15:51:29.021	-69.0
15:51:29.033	-68.6
15:51:29.045	-65.1
15:51:29.053	-65.0
15:51:29.066	-66.3
15:51:29.078	-65.4
15:51:29.087	-64.5
15:51:29.099	-63.7
15:51:29.111	-66.1
15:51:29.123	-63.9
15:51:29.131	-63.5
15:51:29.143	-61.8
15:51:29.156	-62.8
15:51:29.168	-61.8
15:51:29.176	-58.4
15:51:29.188	-57.7
15:51:29.201	-56.7
15:51:29.209	-55.1
15:51:29.221	-53.5
15:51:29.233	-53.8
15:51:29.242	-52.8
15:51:29.254	-52.7
15:51:29.266	-53.2
15:51:29.278	-52.8
15:51:29.287	-52.2
15:51:29.299	-50.2
15:51:29.311	-51.5
15:51:29.319	-50.1
15:51:29.332	-50.7
15:51:29.344	-51.5
15:51:29.352	-52.6
15:51:29.365	-51.9
15:51:29.377	-50.8
15:51:29.385	-49.7
15:51:29.397	-50.1
15:51:29.410	-50.6
15:51:29.418	-48.9
15:51:29.430	-51.6
15:51:29.442	-48.8
15:51:29.455	-46.1
15:51:29.463	-44.9
15:51:29.475	-45.7
15:51:29.487	-42.9
15:51:29.496	-42.7
15:51:29.508	-40.7
15:51:29.520	-39.9
15:51:29.532	-52.3
15:51:29.541	-63.5
15:51:29.553	-77.8
15:51:29.565	-90.2
15:51:29.573	-103.8
15:51:29.586	-114.5
15:51:29.598	-127.3
15:51:29.606	-142.0
15:51:29.618	-155.3
15:51:29.631	-165.7
15:51:29.639	-163.9
15:51:29.651	-161.9
15:51:29.664	-157.9
15:51:29.672	-158.0
15:51:29.684	-156.1
15:51:29.696	-156.2
15:51:29.709	-158.2
15:51:29.717	-155.2
15:51:29.729	-156.1
15:51:29.741	-156.9
15:51:29.749	-155.9
15:51:29.762	-155.7
15:51:29.774	-158.2
15:51:29.782	-159.1
15:51:29.795	-156.8
15:51:29.807	-157.1
15:51:29.819	-156.6
15:51:29.827	-157.5
15:51:29.840	-155.5
15:51:29.852	-155.4
15:51:29.860	-157.9
15:51:29.872	-156.3
15:51:29.885	-154.7
15:51:29.893	-154.6
15:51:29.905	-155.6
15:51:29.917	-152.8
15:51:29.926	-151.7
15:51:29.938	-149.3
15:51:29.950	-148.2
15:51:29.963	-146.4
15:51:29.971	-143.4
15:51:29.983	-143.8
15:51:29.995	-143.9
15:51:30.003	-142.3
15:51:30.016	-140.8
15:51:30.028	-139.7
15:51:30.036	-137.3
15:51:30.048	-134.5
15:51:30.061	-131.0
15:51:30.069	-130.7
15:51:30.081	-129.4
15:51:30.093	-127.6
15:51:30.106	-125.5
15:51:30.114	-123.2
15:51:30.127	-123.4
15:51:30.138	-122.6
15:51:30.147	-121.9
15:51:30.159	-121.9
15:51:30.171	-122.7
15:51:30.179	-119.8
15:51:30.192	-118.5
15:51:30.204	-118.6
15:51:30.216	-116.1
15:51:30.224	-115.7
15:51:30.237	-113.7
15:51:30.249	-113.0
15:51:30.258	-110.7
15:51:30.270	-110.7
15:51:30.282	-110.0
15:51:30.290	-112.1
15:51:30.302	-111.0
15:51:30.315	-109.4
15:51:30.323	-111.7
15:51:30.335	-109.9
15:51:30.347	-109.2
15:51:30.355	-107.4
15:51:30.368	-104.9
15:51:30.380	-102.3
15:51:30.393	-101.5
15:51:30.401	-98.4
15:51:30.413	-97.7
15:51:30.425	-96.0
15:51:30.434	-93.5
15:51:30.446	-93.0
15:51:30.458	-91.6
15:51:30.470	-92.2
15:51:30.479	-91.6
15:51:30.491	-89.9
15:51:30.503	-87.9
15:51:30.511	-86.8
15:51:30.524	-86.7
15:51:30.536	-86.3
15:51:30.544	-85.5
15:51:30.556	-85.0
15:51:30.569	-83.7
15:51:30.577	-80.9
15:51:30.589	-82.9
15:51:30.601	-82.5
15:51:30.610	-82.2
15:51:30.622	-80.7
15:51:30.634	-79.0
15:51:30.647	-78.1
15:51:30.655	-77.7
15:51:30.667	-78.3
15:51:30.679	-76.2
15:51:30.688	-74.8
15:51:30.700	-71.6
15:51:30.712	-72.7
15:51:30.720	-71.2
15:51:30.733	-72.6
15:51:30.745	-71.2
15:51:30.757	-69.9
15:51:30.766	-70.2
15:51:30.778	-67.3
15:51:30.790	-67.4
15:51:30.798	-66.7
15:51:30.810	-66.7
15:51:30.823	-64.0
15:51:30.831	-64.8
15:51:30.843	-62.5
15:51:30.855	-62.7
15:51:30.864	-62.6
15:51:30.876	-59.5
15:51:30.888	-58.8
15:51:30.900	-57.8
15:51:30.909	-58.9
15:51:30.921	-56.2
15:51:30.933	-56.6
15:51:30.941	-54.3
15:51:30.954	-54.1
15:51:30.966	-54.1
15:51:30.974	-53.4
15:51:30.987	-54.9
15:51:30.999	-53.9
15:51:31.007	-54.1
15:51:31.019	-51.3
15:51:31.032	-52.2
15:51:31.040	-50.5
15:51:31.052	-51.1
15:51:31.064	-50.1
15:51:31.077	-48.3
15:51:31.089	-47.9
15:51:31.097	-46.7
15:51:31.109	-47.0
15:51:31.122	-45.8
15:51:31.130	-46.3
15:51:31.142	-43.4
15:51:31.154	-44.0
15:51:31.163	-44.2
15:51:31.175	-44.6
15:51:31.187	-44.6
15:51:31.199	-43.0
15:51:31.208	-42.3
15:51:31.220	-39.7
15:51:31.232	-38.4
15:51:31.240	-38.5
15:51:31.253	-40.6
15:51:31.265	-39.6
15:51:31.273	-38.0
15:51:31.285	-37.1
15:51:31.298	-38.4
15:51:31.306	-39.7
15:51:31.318	-37.5
15:51:31.330	-38.6
15:51:31.339	-38.5
15:51:31.351	-38.2
15:51:31.363	-37.4
15:51:31.375	-36.7
15:51:31.384	-36.8
15:51:31.396	-35.7
15:51:31.408	-33.5
15:51:31.416	-32.3
15:51:31.429	-32.3
15:51:31.441	-30.5
15:51:31.453	-31.9
15:51:31.462	-31.3
15:51:31.474	-33.1
15:51:31.486	-33.5
15:51:31.494	-33.9
15:51:31.507	-34.5
15:51:31.519	-34.9
15:51:31.527	-33.9
15:51:31.539	-33.7
15:51:31.552	-34.1
15:51:31.560	-32.4
15:51:31.572	-32.6
15:51:31.584	-31.7
15:51:31.593	-32.2
15:51:31.605	-31.5
15:51:31.617	-30.8
15:51:31.629	-28.1
15:51:31.638	-27.0
15:51:31.650	-25.9
15:51:31.662	-25.7
15:51:31.670	-25.4
15:51:31.683	-24.3
15:51:31.695	-21.6
15:51:31.703	-20.3
15:51:31.715	-21.4
15:51:31.728	-20.8
15:51:31.740	-21.2
15:51:31.748	-22.8
15:51:31.761	-21.6
15:51:31.773	-21.6
15:51:31.781	-20.8
15:51:31.793	-19.9
15:51:31.805	-21.7
15:51:31.814	-21.2
15:51:31.826	-19.1
15:51:31.838	-18.7
15:51:31.846	-18.2
15:51:31.859	-14.9
15:51:31.871	-16.8
15:51:31.883	-17.6
15:51:31.891	-17.1
15:51:31.904	-17.9
15:51:31.916	-18.7
15:51:31.924	-18.2
15:51:31.936	-17.0
15:51:31.949	-15.0
15:51:31.957	-16.2
15:51:31.969	-18.0
15:51:31.982	-15.8
15:51:31.990	-13.1
15:51:32.002	-12.8
15:51:32.014	-11.7
15:51:32.027	-9.8
15:51:32.035	-9.2
15:51:32.047	-9.8
15:51:32.059	-12.8
15:51:32.068	-12.7
15:51:32.080	-12.4
15:51:32.092	-13.6
15:51:32.100	-15.0
15:51:32.113	-15.4
15:51:32.125	-15.2
15:51:32.137	-15.9
15:51:32.145	-17.4
15:51:32.158	-17.3
15:51:32.170	-13.9
15:51:32.178	-12.3
15:51:32.190	-12.8
15:51:32.203	-11.7
15:51:32.211	-10.9
15:51:32.223	-11.8
15:51:32.235	-10.3
15:51:32.244	-10.0
15:51:32.256	-7.1
15:51:32.268	-6.3
15:51:32.276	-8.7
15:51:32.289	-9.9
15:51:32.301	-9.2
15:51:32.313	-10.2
15:51:32.322	-9.9
15:51:32.334	-11.2
15:51:32.346	-12.5
15:51:32.354	-11.4
15:51:32.367	-13.3
15:51:32.379	-12.0
15:51:32.391	-11.0
15:51:32.399	-9.7
15:51:32.412	-9.9
15:51:32.424	-9.7
15:51:32.432	-10.0
15:51:32.444	-8.3
15:51:32.457	-7.3
15:51:32.465	-8.2
15:51:32.477	-7.4
15:51:32.489	-7.7
15:51:32.498	-5.4
15:51:32.510	-5.9
15:51:32.522	-5.0
15:51:32.530	-6.2
15:51:32.543	-6.2
15:51:32.555	-4.7
15:51:32.567	-3.5
15:51:32.575	-0.9
15:51:32.588	-1.2
15:51:32.600	-0.4
15:51:32.608	-0.5
15:51:32.621	2.4
15:51:32.633	3.5
15:51:32.641	4.9
15:51:32.653	6.6
15:51:32.666	6.2
15:51:32.678	4.1
15:51:32.686	1.2
15:51:32.698	2.4
15:51:32.711	-0.4
15:51:32.719	1.0
15:51:32.731	-0.7
15:51:32.743	-2.5
15:51:32.752	-0.2
15:51:32.764	-1.4
15:51:32.776	-0.8
15:51:32.784	0.8
15:51:32.797	1.3
15:51:32.809	1.1
15:51:32.821	3.4
15:51:32.830	3.1
15:51:32.842	3.0
15:51:32.854	3.7
15:51:32.862	1.3
15:51:32.874	0.6
15:51:32.887	-0.8
15:51:32.895	-2.3
15:51:32.907	-0.2
15:51:32.919	1.2
15:51:32.928	2.6
15:51:32.940	1.4
15:51:32.952	3.6
15:51:32.961	3.6
15:51:32.973	3.9
15:51:32.985	4.9
15:51:32.997	5.7
15:51:33.005	7.1
15:51:33.018	7.3
15:51:33.030	6.5
15:51:33.038	6.0
15:51:33.051	5.8
15:51:33.063	2.9
15:51:33.075	2.7
15:51:33.083	3.1
15:51:33.096	3.7
15:51:33.108	5.7
15:51:33.116	4.0
15:51:33.128	2.2
15:51:33.141	2.8
15:51:33.149	2.5
15:51:33.161	4.6
15:51:33.173	4.5
15:51:33.182	4.8
15:51:33.194	5.2
15:51:33.206	4.3
15:51:33.214	4.6
15:51:33.227	6.5
15:51:33.239	8.5
15:51:33.251	7.9
15:51:33.259	8.1
15:51:33.272	3.8
15:51:33.284	3.9
15:51:33.296	5.0
15:51:33.304	5.9
15:51:33.317	5.5
15:51:33.329	2.3
15:51:33.337	2.4
15:51:33.349	1.5
15:51:33.362	2.8
15:51:33.374	1.8
15:51:33.382	2.7
15:51:33.395	1.7
15:51:33.407	0.3
15:51:33.415	-0.6
15:51:33.427	-1.0
15:51:33.440	0.6
15:51:33.448	-1.0
15:51:33.460	0.1
15:51:33.473	-1.2
15:51:33.481	-0.4
15:51:33.493	-1.1
15:51:33.505	-0.2
15:51:33.514	2.3
15:51:33.526	2.8
15:51:33.538	4.3
15:51:33.551	4.8
15:51:33.559	5.1
15:51:33.571	3.0
15:51:33.583	3.4
15:51:33.592	5.0
15:51:33.604	5.3
15:51:33.616	8.6
15:51:33.624	7.6
15:51:33.636	5.8
15:51:33.649	4.0
15:51:33.661	4.8
15:51:33.669	5.6
15:51:33.681	6.9
15:51:33.694	6.6
15:51:33.702	6.4
15:51:33.714	8.1
15:51:33.727	8.4
15:51:33.735	7.4
15:51:33.747	7.9
15:51:33.759	10.6
15:51:33.767	10.0
15:51:33.780	9.8
15:51:33.792	10.0
15:51:33.804	9.3
15:51:33.813	8.1
15:51:33.825	7.5
15:51:33.837	2.9
15:51:33.845	2.9
15:51:33.858	5.1
15:51:33.870	4.4
15:51:33.878	5.0
15:51:33.890	4.4
15:51:33.903	5.1
15:51:33.911	5.5
15:51:33.922	4.7
15:51:33.935	3.0
15:51:33.947	5.0
15:51:33.955	7.7
15:51:33.967	7.2
15:51:33.980	10.0
15:51:33.988	9.8
15:51:34.000	10.5
15:51:34.012	10.2
15:51:34.021	12.3
15:51:34.033	12.8
15:51:34.045	12.8
15:51:34.058	14.1
15:51:34.066	11.2
15:51:34.078	9.4
15:51:34.090	6.1
15:51:34.098	5.7
15:51:34.111	6.8
15:51:34.123	6.1
15:51:34.131	4.1
15:51:34.144	4.3
15:51:34.156	4.9
15:51:34.164	4.1
15:51:34.176	3.6
15:51:34.189	5.2
15:51:34.197	6.8
15:51:34.209	5.3
15:51:34.221	5.6
15:51:34.234	4.5
15:51:34.242	4.2
15:51:34.254	5.1
15:51:34.266	7.5
15:51:34.275	8.2
15:51:34.287	9.5
15:51:34.299	9.7
15:51:34.311	10.5
15:51:34.320	12.6
15:51:34.333	12.1
15:51:34.344	14.5
15:51:34.352	18.1
15:51:34.365	20.4
15:51:34.377	21.7
15:51:34.385	25.7
15:51:34.398	31.2
15:51:34.411	42.4
15:51:34.419	51.9
15:51:34.431	62.6
15:51:34.443	75.5
15:51:34.452	84.8
15:51:34.464	90.7
15:51:34.476	97.0
15:51:34.488	104.3
15:51:34.497	109.7
15:51:34.509	115.6
15:51:34.521	114.7
15:51:34.529	115.0
15:51:34.542	114.8
15:51:34.554	113.1
15:51:34.562	114.5
15:51:34.575	115.9
15:51:34.587	117.0
15:51:34.599	120.5
15:51:34.607	126.1
15:51:34.620	132.5
15:51:34.632	141.3
15:51:34.640	149.8
15:51:34.652	158.4
15:51:34.665	165.5
15:51:34.673	174.7
15:51:34.685	185.4
15:51:34.697	196.1
15:51:34.706	203.4
15:51:34.718	209.5
15:51:34.730	213.9
15:51:34.742	217.5
15:51:34.751	220.8
15:51:34.763	223.9
15:51:34.775	229.2
15:51:34.787	232.3
15:51:34.796	235.5
15:51:34.808	238.6
15:51:34.820	243.5
15:51:34.828	246.5
15:51:34.840	251.6
15:51:34.852	253.8
15:51:34.860	257.1
15:51:34.873	258.3
15:51:34.885	261.5
15:51:34.893	268.6
15:51:34.905	275.9
15:51:34.918	284.5
15:51:34.930	293.3
15:51:34.938	302.4
15:51:34.950	310.2
15:51:34.963	319.1
15:51:34.971	325.9
15:51:34.983	333.8
15:51:34.996	340.3
15:51:35.004	342.0
15:51:35.016	341.8
15:51:35.028	340.0
15:51:35.041	339.3
15:51:35.049	336.4
15:51:35.061	334.2
15:51:35.073	332.0
15:51:35.082	331.3
15:51:35.094	330.7
15:51:35.106	328.9
15:51:35.114	327.8
15:51:35.127	328.9
15:51:35.139	329.0
15:51:35.147	327.0
15:51:35.160	327.6
15:51:35.172	325.1
15:51:35.180	325.3
15:51:35.192	322.6
15:51:35.204	320.5
15:51:35.217	317.3
15:51:35.225	313.4
15:51:35.237	310.4
15:51:35.249	306.9
15:51:35.258	306.6
15:51:35.270	304.4
15:51:35.282	303.8
15:51:35.295	299.0
15:51:35.303	296.0
15:51:35.315	290.7
15:51:35.327	288.8
15:51:35.335	287.7
15:51:35.348	283.8
15:51:35.360	282.4
15:51:35.368	276.4
15:51:35.380	271.0
15:51:35.393	267.5
15:51:35.401	266.1
15:51:35.413	262.6
15:51:35.425	263.5
15:51:35.434	261.9
15:51:35.446	259.7
15:51:35.458	257.8
15:51:35.470	254.7
15:51:35.479	254.6
15:51:35.491	253.6
15:51:35.504	250.2
15:51:35.512	249.5
15:51:35.525	248.2
15:51:35.537	245.0
15:51:35.545	241.4
15:51:35.557	237.1
15:51:35.570	232.6
15:51:35.582	228.8
15:51:35.590	223.1
15:51:35.603	217.9
15:51:35.615	213.6
15:51:35.623	205.7
15:51:35.635	199.1
15:51:35.647	192.4
15:51:35.655	184.6
15:51:35.667	179.3
15:51:35.680	175.4
15:51:35.688	168.8
15:51:35.700	162.6
15:51:35.712	155.9
15:51:35.725	149.0
15:51:35.733	143.0
15:51:35.745	138.8
15:51:35.758	134.4
15:51:35.766	130.0
15:51:35.778	125.6
15:51:35.790	120.3
15:51:35.798	116.0
15:51:35.811	111.2
15:51:35.823	104.8
15:51:35.831	99.2
15:51:35.843	94.4
15:51:35.856	88.2
15:51:35.868	82.7
15:51:35.876	78.4
15:51:35.888	74.4
15:51:35.901	71.8
15:51:35.909	66.5
15:51:35.921	62.3
15:51:35.933	62.3
15:51:35.942	58.7
15:51:35.954	52.7
15:51:35.966	51.0
15:51:35.979	48.1
15:51:35.987	43.9
15:51:35.999	39.4
15:51:36.011	32.4
15:51:36.020	28.6
15:51:36.032	23.9
15:51:36.044	18.8
15:51:36.052	15.2
15:51:36.065	10.8
15:51:36.077	2.0
15:51:36.085	-2.7
15:51:36.097	-7.0
15:51:36.110	-18.0
15:51:36.118	-28.0
15:51:36.130	-39.6
15:51:36.142	-50.8
15:51:36.155	-62.0
15:51:36.163	-72.5
15:51:36.175	-81.0
15:51:36.187	-89.1
15:51:36.196	-100.9
15:51:36.208	-110.7
15:51:36.220	-113.6
15:51:36.232	-115.9
15:51:36.241	-117.1
15:51:36.253	-119.2
15:51:36.265	-121.3
15:51:36.273	-122.2
15:51:36.286	-123.2
15:51:36.298	-125.8
15:51:36.306	-128.2
15:51:36.319	-132.3
15:51:36.331	-139.4
15:51:36.339	-146.9
15:51:36.351	-155.2
15:51:36.364	-160.7
15:51:36.372	-164.8
15:51:36.384	-170.6
15:51:36.396	-175.5
15:51:36.409	-177.5
15:51:36.417	-179.0
15:51:36.429	-179.7
15:51:36.441	-179.0
15:51:36.449	-177.7
15:51:36.462	-175.6
15:51:36.474	-176.0
15:51:36.482	-179.3
15:51:36.495	-183.2
15:51:36.507	-186.1
15:51:36.519	-186.3
15:51:36.527	-187.8
15:51:36.540	-189.6
15:51:36.552	-192.9
15:51:36.560	-194.6
15:51:36.572	-195.1
15:51:36.585	-195.1
15:51:36.594	-195.1
15:51:36.605	-194.0
15:51:36.617	-195.5
15:51:36.626	-199.7
15:51:36.638	-201.4
15:51:36.650	-202.2
15:51:36.663	-199.9
15:51:36.672	-199.6
15:51:36.684	-199.9
15:51:36.696	-199.7
15:51:36.704	-199.6
15:51:36.717	-199.8
15:51:36.729	-196.4
15:51:36.741	-191.9
15:51:36.749	-190.9
15:51:36.762	-188.7
15:51:36.774	-189.7
15:51:36.782	-187.1
15:51:36.794	-186.2
15:51:36.807	-183.8
15:51:36.815	-181.2
15:51:36.827	-177.3
15:51:36.839	-175.6
15:51:36.852	-173.7
15:51:36.860	-170.7
15:51:36.872	-168.1
15:51:36.884	-164.1
15:51:36.893	-164.7
15:51:36.905	-164.4
15:51:36.917	-163.6
15:51:36.925	-160.1
15:51:36.938	-159.3
15:51:36.950	-158.0
15:51:36.962	-156.9
15:51:36.970	-154.6
15:51:36.982	-154.1
15:51:36.994	-153.6
15:51:37.003	-149.9
15:51:37.015	-145.8
15:51:37.027	-142.3
15:51:37.035	-141.1
15:51:37.048	-137.8
15:51:37.060	-133.5
15:51:37.068	-131.5
15:51:37.080	-128.7
15:51:37.093	-126.0
15:51:37.101	-124.7
15:51:37.113	-124.4
15:51:37.125	-124.2
15:51:37.138	-123.5
15:51:37.146	-122.3
15:51:37.158	-120.6
15:51:37.170	-118.5
15:51:37.179	-116.5
15:51:37.191	-116.7
15:51:37.203	-112.9
15:51:37.215	-109.6
15:51:37.224	-106.9
15:51:37.236	-102.9
15:51:37.248	-104.1
15:51:37.256	-103.3
15:51:37.269	-102.3
15:51:37.281	-102.7
15:51:37.289	-102.1
15:51:37.302	-98.6
15:51:37.314	-99.5
15:51:37.322	-99.9
15:51:37.334	-99.7
15:51:37.347	-98.2
15:51:37.355	-92.7
15:51:37.367	-90.7
15:51:37.379	-90.6
15:51:37.392	-87.7
15:51:37.400	-84.0
15:51:37.412	-84.7
15:51:37.424	-82.9
15:51:37.433	-79.5
15:51:37.445	-78.2
15:51:37.457	-76.5
15:51:37.465	-77.1
15:51:37.478	-74.0
15:51:37.490	-69.6
15:51:37.502	-69.3
15:51:37.511	-71.2
15:51:37.523	-66.8
15:51:37.535	-65.5
15:51:37.543	-65.0
15:51:37.556	-63.1
15:51:37.568	-62.7
15:51:37.576	-61.1
15:51:37.588	-61.5
15:51:37.601	-62.1
15:51:37.609	-63.1
15:51:37.621	-61.8
15:51:37.633	-62.7
15:51:37.646	-60.2
15:51:37.654	-57.7
15:51:37.666	-57.7
15:51:37.678	-57.2
15:51:37.687	-56.2
15:51:37.699	-56.8
15:51:37.711	-56.6
15:51:37.719	-53.5
15:51:37.732	-50.5
15:51:37.744	-49.1
15:51:37.752	-49.4
15:51:37.764	-47.9
15:51:37.777	-43.3
15:51:37.789	-42.5
15:51:37.797	-39.6
15:51:37.809	-34.6
15:51:37.822	-29.4
15:51:37.830	-29.3
15:51:37.842	-27.8
15:51:37.855	-26.7
15:51:37.863	-25.2
15:51:37.875	-25.0
15:51:37.887	-25.2
15:51:37.900	-20.1
15:51:37.908	-18.5
15:51:37.920	-18.0
15:51:37.932	-17.9
15:51:37.940	-15.8
15:51:37.953	-17.3
15:51:37.965	-18.1
15:51:37.973	-14.9
15:51:37.986	-12.3
15:51:37.998	-10.7
15:51:38.006	-13.1
15:51:38.018	-13.8
15:51:38.031	-14.7
15:51:38.039	-14.9
15:51:38.051	-14.8
15:51:38.063	-11.9
15:51:38.076	-9.0
15:51:38.084	-9.8
15:51:38.096	-9.5
15:51:38.108	-9.3
15:51:38.117	-5.8
15:51:38.129	-3.0
15:51:38.141	-1.1
15:51:38.153	0.1
15:51:38.162	5.3
15:51:38.174	9.2
15:51:38.186	12.8
15:51:38.194	19.1
15:51:38.207	25.9
15:51:38.219	34.1
15:51:38.227	40.7
15:51:38.240	45.9
15:51:38.252	53.4
15:51:38.260	60.4
15:51:38.272	63.9
15:51:38.284	67.1
15:51:38.293	72.2
15:51:38.305	72.5
15:51:38.317	74.3
15:51:38.330	74.0
15:51:38.338	73.1
15:51:38.350	75.4
15:51:38.362	73.9
15:51:38.370	72.7
15:51:38.383	73.0
15:51:38.395	73.7
15:51:38.403	73.4
15:51:38.415	72.8
15:51:38.428	72.6
15:51:38.440	76.5
15:51:38.448	83.6
15:51:38.461	88.0
15:51:38.473	97.5
15:51:38.481	106.3
15:51:38.493	118.1
15:51:38.506	130.2
15:51:38.514	140.3
15:51:38.526	152.6
15:51:38.538	167.0
15:51:38.547	175.2
15:51:38.559	182.6
15:51:38.571	187.6
15:51:38.583	190.8
15:51:38.592	194.1
15:51:38.604	194.5
15:51:38.616	196.2
15:51:38.624	199.4
15:51:38.637	207.3
15:51:38.649	213.4
15:51:38.657	222.0
15:51:38.669	230.2
15:51:38.682	240.6
15:51:38.694	249.4
15:51:38.702	257.8
15:51:38.714	265.8
15:51:38.727	273.8
15:51:38.735	278.7
15:51:38.747	278.2
15:51:38.759	276.2
15:51:38.772	273.8
15:51:38.780	268.8
15:51:38.792	265.9
15:51:38.804	265.6
15:51:38.813	263.2
15:51:38.825	260.2
15:51:38.837	257.3
15:51:38.845	256.3
15:51:38.858	255.1
15:51:38.870	251.9
15:51:38.882	250.0
15:51:38.891	249.5
15:51:38.903	248.1
15:51:38.915	245.5
15:51:38.923	243.7
15:51:38.936	243.0
15:51:38.948	237.8
15:51:38.956	236.0
15:51:38.968	233.9
15:51:38.981	230.6
15:51:38.989	229.5
15:51:39.001	228.2
15:51:39.013	223.8
15:51:39.022	219.1
15:51:39.034	218.4
15:51:39.046	216.7
15:51:39.058	217.3
15:51:39.067	215.7
15:51:39.079	215.0
15:51:39.091	214.5
15:51:39.099	211.4
15:51:39.112	209.5
15:51:39.125	207.4
15:51:39.137	209.2
15:51:39.145	207.3
15:51:39.158	204.1
15:51:39.170	203.2
15:51:39.178	201.4
15:51:39.190	197.9
15:51:39.203	197.6
15:51:39.211	199.4
15:51:39.223	197.6
15:51:39.235	199.1
15:51:39.244	196.6
15:51:39.256	196.6
15:51:39.268	196.9
15:51:39.276	197.0
15:51:39.289	196.3
15:51:39.301	196.6
15:51:39.313	193.8
15:51:39.321	187.5
15:51:39.334	187.0
15:51:39.346	183.0
15:51:39.354	180.5
15:51:39.367	176.6
15:51:39.379	171.7
15:51:39.387	165.1
15:51:39.399	158.9
15:51:39.412	154.5
15:51:39.424	150.9
15:51:39.432	148.4
15:51:39.444	142.9
15:51:39.457	138.5
15:51:39.465	132.6
15:51:39.477	127.1
15:51:39.489	122.5
15:51:39.498	119.7
15:51:39.510	115.6
15:51:39.522	108.6
15:51:39.530	102.5
15:51:39.543	97.2
15:51:39.555	91.9
15:51:39.567	86.7
15:51:39.575	82.7
15:51:39.588	79.5
15:51:39.600	77.9
15:51:39.608	73.5
15:51:39.620	70.2
15:51:39.633	66.9
15:51:39.641	65.7
15:51:39.653	63.6
15:51:39.665	61.0
15:51:39.674	58.1
15:51:39.686	56.3
15:51:39.698	53.9
15:51:39.710	49.4
15:51:39.719	45.7
15:51:39.731	42.3
15:51:39.743	41.6
15:51:39.751	39.0
15:51:39.764	36.0
15:51:39.776	31.0
15:51:39.784	28.8
15:51:39.796	23.6
15:51:39.809	18.6
15:51:39.821	15.3
15:51:39.829	10.6
15:51:39.841	7.1
15:51:39.854	2.2
15:51:39.862	-3.8
15:51:39.874	-9.0
15:51:39.887	-12.1
15:51:39.895	-16.3
15:51:39.907	-18.4
15:51:39.919	-19.8
15:51:39.928	-22.5
15:51:39.940	-25.0
15:51:39.952	-27.1
15:51:39.960	-31.3
15:51:39.973	-33.3
15:51:39.985	-37.0
15:51:39.997	-41.7
15:51:40.005	-43.6
15:51:40.018	-47.2
15:51:40.030	-51.8
15:51:40.038	-54.9
15:51:40.051	-58.3
15:51:40.063	-61.2
15:51:40.074	-64.2
15:51:40.082	-69.3
15:51:40.095	-73.4
15:51:40.107	-76.4
15:51:40.115	-80.1
15:51:40.128	-82.3
15:51:40.140	-84.8
15:51:40.148	-87.3
15:51:40.160	-88.5
15:51:40.173	-91.1
15:51:40.181	-93.3
15:51:40.193	-93.3
15:51:40.205	-93.1
15:51:40.214	-93.3
15:51:40.226	-94.8
15:51:40.238	-96.0
15:51:40.250	-94.4
15:51:40.259	-97.0
15:51:40.271	-100.4
15:51:40.283	-101.3
15:51:40.291	-100.0
15:51:40.304	-101.8
15:51:40.316	-102.3
15:51:40.324	-101.3
15:51:40.336	-100.6
15:51:40.349	-101.8
15:51:40.361	-105.9
15:51:40.369	-105.6
15:51:40.381	-105.9
15:51:40.394	-107.2
15:51:40.402	-108.6
15:51:40.414	-106.6
15:51:40.427	-107.9
15:51:40.435	-106.8
15:51:40.447	-105.3
15:51:40.459	-104.4
15:51:40.467	-104.4
15:51:40.480	-103.1
15:51:40.492	-101.1
15:51:40.504	-100.6
15:51:40.512	-99.7
15:51:40.525	-99.0
15:51:40.537	-95.0
15:51:40.545	-96.2
15:51:40.557	-93.9
15:51:40.570	-92.4
15:51:40.578	-90.9
15:51:40.590	-88.9
15:51:40.603	-86.3
15:51:40.611	-83.6
15:51:40.623	-82.8
15:51:40.635	-83.0
15:51:40.643	-81.0
15:51:40.656	-79.3
15:51:40.668	-80.1
15:51:40.680	-80.3
15:51:40.689	-78.1
15:51:40.701	-77.7
15:51:40.713	-76.8
15:51:40.721	-75.8
15:51:40.734	-75.2
15:51:40.746	-73.2
15:51:40.758	-72.4
15:51:40.766	-71.6
15:51:40.779	-71.1
15:51:40.791	-68.5
15:51:40.799	-67.2
15:51:40.811	-69.0
15:51:40.824	-68.4
15:51:40.832	-68.1
15:51:40.844	-64.3
15:51:40.856	-62.6
15:51:40.869	-62.4
15:51:40.877	-60.2
15:51:40.889	-58.3
15:51:40.901	-59.6
15:51:40.910	-59.3
15:51:40.922	-54.1
15:51:40.935	-52.0
15:51:40.943	-50.2
15:51:40.956	-50.7
15:51:40.968	-50.1
15:51:40.980	-50.0
15:51:40.988	-50.3
15:51:41.001	-48.5
15:51:41.013	-42.6
15:51:41.021	-41.5
15:51:41.033	-40.9
15:51:41.046	-43.5
15:51:41.058	-43.6
15:51:41.066	-43.0
15:51:41.079	-41.7
15:51:41.091	-38.8
15:51:41.099	-39.4
15:51:41.111	-40.0
15:51:41.124	-44.6
15:51:41.132	-44.1
15:51:41.144	-45.6
15:51:41.156	-43.6
15:51:41.165	-42.9
15:51:41.177	-41.2
15:51:41.189	-40.7
15:51:41.197	-41.6
15:51:41.210	-40.1
15:51:41.222	-41.9
15:51:41.234	-38.6
15:51:41.242	-35.3
15:51:41.255	-34.4
15:51:41.267	-32.1
15:51:41.275	-31.5
15:51:41.287	-33.0
15:51:41.300	-31.3
15:51:41.308	-32.8
15:51:41.320	-34.4
15:51:41.332	-33.8
15:51:41.345	-36.7
15:51:41.353	-40.1
15:51:41.365	-41.6
15:51:41.377	-44.8
15:51:41.386	-46.8
15:51:41.398	-45.7
15:51:41.410	-49.0
15:51:41.418	-47.6
15:51:41.431	-45.2
15:51:41.443	-46.8
15:51:41.451	-45.7
15:51:41.463	-45.6
15:51:41.476	-43.9
15:51:41.488	-40.7
15:51:41.496	-36.6
15:51:41.509	-33.2
15:51:41.521	-29.5
15:51:41.529	-27.0
15:51:41.541	-25.0
15:51:41.554	-19.8
15:51:41.562	-16.3
15:51:41.574	-11.1
15:51:41.586	-7.4
15:51:41.595	-2.9
15:51:41.607	-0.7
15:51:41.619	2.5
15:51:41.631	1.1
15:51:41.640	3.2
15:51:41.652	3.7
15:51:41.664	4.5
15:51:41.672	6.4
15:51:41.685	4.7
15:51:41.697	3.7
15:51:41.705	2.1
15:51:41.717	3.4
15:51:41.730	-0.7
15:51:41.742	2.8
15:51:41.750	2.7
15:51:41.762	3.3
15:51:41.774	3.6
15:51:41.782	1.1
15:51:41.795	2.1
15:51:41.807	3.0
15:51:41.815	4.3
15:51:41.827	3.3
15:51:41.840	5.5
15:51:41.848	2.7
15:51:41.860	2.9
15:51:41.872	3.0
15:51:41.881	3.2
15:51:41.893	4.9
15:51:41.905	4.6
15:51:41.917	5.0
15:51:41.926	3.8
15:51:41.938	3.4
15:51:41.950	2.7
15:51:41.958	3.5
15:51:41.971	2.4
15:51:41.983	1.1
15:51:41.995	0.9
15:51:42.004	1.8
15:51:42.016	3.7
15:51:42.028	3.3
15:51:42.036	2.8
15:51:42.049	3.2
15:51:42.061	1.8
15:51:42.069	3.1
15:51:42.081	3.8
15:51:42.094	6.1
15:51:42.102	7.4
15:51:42.114	6.5
15:51:42.126	5.1
15:51:42.135	4.6
15:51:42.147	5.8
15:51:42.159	5.0
15:51:42.171	8.4
15:51:42.180	7.9
15:51:42.192	8.8
15:51:42.204	9.4
15:51:42.212	8.3
15:51:42.225	9.7
15:51:42.237	8.5
15:51:42.245	8.8
15:51:42.258	8.0
15:51:42.270	8.7
15:51:42.282	6.6
15:51:42.290	6.1
15:51:42.302	3.9
15:51:42.315	3.0
15:51:42.323	2.2
15:51:42.335	2.0
15:51:42.348	4.7
15:51:42.356	3.7
15:51:42.368	4.5
15:51:42.380	3.0
15:51:42.388	4.1
15:51:42.401	3.6
15:51:42.413	1.8
15:51:42.425	0.1
15:51:42.434	-0.4
15:51:42.446	-2.4
15:51:42.458	-4.9
15:51:42.466	-4.9
15:51:42.479	-7.7
15:51:42.491	-8.3
15:51:42.499	-11.7
15:51:42.511	-11.2
15:51:42.524	-9.6
15:51:42.532	-8.3
15:51:42.544	-7.3
15:51:42.556	-6.4
15:51:42.565	-6.2
15:51:42.577	-4.6
15:51:42.589	-3.1
15:51:42.601	-1.7
15:51:42.610	0.2
15:51:42.622	1.6
15:51:42.634	3.0
15:51:42.642	2.9
15:51:42.655	3.1
15:51:42.667	3.5
15:51:42.679	3.3
15:51:42.687	1.1
15:51:42.700	3.0
15:51:42.712	1.3
15:51:42.720	0.5
15:51:42.733	-0.9
15:51:42.745	-0.5
15:51:42.753	1.2
15:51:42.765	2.7
15:51:42.777	3.5
15:51:42.786	4.6
15:51:42.798	7.3
15:51:42.810	6.5
15:51:42.818	7.4
15:51:42.831	8.4
15:51:42.843	8.6
15:51:42.855	7.7
15:51:42.864	5.5
15:51:42.876	3.4
15:51:42.888	1.9
15:51:42.896	1.4
15:51:42.909	0.6
15:51:42.921	-0.3
15:51:42.933	2.1
15:51:42.941	1.5
15:51:42.954	2.1
15:51:42.966	3.4
15:51:42.974	7.8
15:51:42.986	8.1
15:51:42.999	9.8
15:51:43.011	11.8
15:51:43.019	10.8
15:51:43.031	12.3
15:51:43.044	14.0
15:51:43.052	16.1
15:51:43.064	18.7
15:51:43.076	20.9
15:51:43.085	20.4
15:51:43.097	23.4
15:51:43.109	23.0
15:51:43.117	22.9
15:51:43.130	28.5
15:51:43.142	31.6
15:51:43.154	31.9
15:51:43.162	34.8
15:51:43.175	36.2
15:51:43.187	37.0
15:51:43.195	40.3
15:51:43.207	41.4
15:51:43.220	43.6
15:51:43.228	46.5
15:51:43.240	45.9
15:51:43.253	45.7
15:51:43.265	46.2
15:51:43.273	48.4
15:51:43.285	51.8
15:51:43.298	56.2
15:51:43.306	57.9
15:51:43.318	66.2
15:51:43.330	76.4
15:51:43.339	86.3
15:51:43.351	94.9
15:51:43.363	103.7
15:51:43.372	112.6
15:51:43.384	120.1
15:51:43.396	127.0
15:51:43.408	134.0
15:51:43.416	140.3
15:51:43.429	142.8
15:51:43.441	144.6
15:51:43.449	144.6
15:51:43.462	146.1
15:51:43.474	147.2
15:51:43.482	149.5
15:51:43.495	151.9
15:51:43.507	153.1
15:51:43.515	153.3
15:51:43.527	152.7
15:51:43.540	151.3
15:51:43.552	150.5
15:51:43.560	148.5
15:51:43.573	149.8
15:51:43.585	149.2
15:51:43.593	147.2
15:51:43.605	145.4
15:51:43.618	144.8
15:51:43.626	141.3
15:51:43.638	142.0
15:51:43.650	143.6
15:51:43.663	142.7
15:51:43.671	144.1
15:51:43.683	141.4
15:51:43.695	141.4
15:51:43.704	141.7
15:51:43.716	141.8
15:51:43.728	141.5
15:51:43.736	142.7
15:51:43.749	141.8
15:51:43.761	138.7
15:51:43.769	137.6
15:51:43.781	135.0
15:51:43.794	135.0
15:51:43.802	135.9
15:51:43.814	135.8
15:51:43.826	133.1
15:51:43.839	133.6
15:51:43.847	133.1
15:51:43.859	131.3
15:51:43.871	133.4
15:51:43.880	135.1
15:51:43.892	136.4
15:51:43.904	134.9
15:51:43.916	133.8
15:51:43.925	132.4
15:51:43.937	133.5
15:51:43.949	131.2
15:51:43.957	129.2
15:51:43.970	129.6
15:51:43.982	127.3
15:51:43.990	125.3
15:51:44.002	124.0
15:51:44.015	123.6
15:51:44.023	122.3
15:51:44.035	123.3
15:51:44.048	123.9
15:51:44.056	123.5
15:51:44.068	123.5
15:51:44.080	123.0
15:51:44.093	122.4
15:51:44.101	121.0
15:51:44.113	120.5
15:51:44.125	120.6
15:51:44.134	119.8
15:51:44.146	119.1
15:51:44.158	116.4
15:51:44.166	115.3
15:51:44.179	116.5
15:51:44.191	115.3
15:51:44.203	114.7
15:51:44.211	113.5
15:51:44.224	112.5
15:51:44.236	111.6
15:51:44.244	109.0
15:51:44.256	106.4
15:51:44.269	105.0
15:51:44.277	103.1
15:51:44.289	101.3
15:51:44.301	100.5
15:51:44.310	100.7
15:51:44.322	104.0
15:51:44.334	105.8
15:51:44.346	108.2
15:51:44.355	115.3
15:51:44.367	121.3
15:51:44.379	126.8
15:51:44.387	132.2
15:51:44.400	137.1
15:51:44.412	144.1
15:51:44.420	149.2
15:51:44.432	153.5
15:51:44.445	156.5
15:51:44.453	160.4
15:51:44.465	159.9
15:51:44.477	160.3
15:51:44.486	157.9
15:51:44.498	155.8
15:51:44.510	153.1
15:51:44.523	149.5
15:51:44.531	146.0
15:51:44.543	140.0
15:51:44.555	138.9
15:51:44.567	134.5
15:51:44.576	129.0
15:51:44.588	122.4
15:51:44.600	118.1
15:51:44.609	114.4
15:51:44.621	108.3
15:51:44.633	103.0
15:51:44.641	97.1
15:51:44.654	92.5
15:51:44.666	85.8
15:51:44.674	80.0
15:51:44.686	75.0
15:51:44.699	70.8
15:51:44.707	66.9
15:51:44.719	62.1
15:51:44.731	60.6
15:51:44.740	57.0
15:51:44.752	53.6
15:51:44.764	50.5
15:51:44.776	47.5
15:51:44.785	42.6
15:51:44.797	40.6
15:51:44.809	37.7
15:51:44.821	35.2
15:51:44.830	31.2
15:51:44.843	28.4
15:51:44.855	26.1
15:51:44.863	24.2
15:51:44.875	24.6
15:51:44.888	21.6
15:51:44.900	20.2
15:51:44.908	17.3
15:51:44.920	15.7
15:51:44.933	13.8
15:51:44.941	11.1
15:51:44.953	8.1
15:51:44.961	4.5
15:51:44.974	4.5
15:51:44.986	-0.2
15:51:44.998	-3.8
15:51:45.006	-6.6
15:51:45.019	-9.8
15:51:45.031	-12.4
15:51:45.039	-15.5
15:51:45.051	-16.8
15:51:45.064	-20.8
15:51:45.076	-23.8
15:51:45.084	-30.0
15:51:45.096	-31.5
15:51:45.109	-31.0
15:51:45.117	-34.1
15:51:45.129	-36.0
15:51:45.141	-38.2
15:51:45.149	-38.6
15:51:45.162	-39.8
15:51:45.174	-40.9
15:51:45.186	-41.2
15:51:45.194	-43.0
15:51:45.207	-48.8
15:51:45.219	-59.3
15:51:45.227	-66.7
15:51:45.239	-73.7
15:51:45.252	-82.8
15:51:45.260	-93.1
15:51:45.272	-102.2
15:51:45.284	-109.5
15:51:45.293	-117.8
15:51:45.305	-122.9
15:51:45.317	-128.1
15:51:45.329	-129.2
15:51:45.338	-130.1
15:51:45.350	-131.5
15:51:45.363	-132.4
15:51:45.370	-132.0
15:51:45.383	-131.3
15:51:45.395	-131.7
15:51:45.403	-130.9
15:51:45.415	-132.3
15:51:45.428	-132.2
15:51:45.436	-133.2
15:51:45.448	-133.3
15:51:45.460	-135.8
15:51:45.473	-137.4
15:51:45.481	-142.0
15:51:45.493	-145.2
15:51:45.506	-149.2
15:51:45.514	-155.1
15:51:45.526	-161.9
15:51:45.539	-168.9
15:51:45.547	-175.5
15:51:45.559	-182.9
15:51:45.571	-189.6
15:51:45.584	-197.0
15:51:45.592	-202.2
15:51:45.604	-206.9
15:51:45.616	-209.8
15:51:45.624	-212.7
15:51:45.637	-213.8
15:51:45.649	-214.4
15:51:45.657	-212.4
15:51:45.670	-211.9
15:51:45.682	-209.8
15:51:45.690	-207.0
15:51:45.702	-204.6
15:51:45.715	-203.4
15:51:45.723	-202.3
15:51:45.735	-199.4
15:51:45.747	-197.7
15:51:45.760	-194.3
15:51:45.768	-192.6
15:51:45.780	-190.3
15:51:45.793	-188.2
15:51:45.801	-187.4
15:51:45.813	-185.6
15:51:45.825	-182.6
15:51:45.838	-180.2
15:51:45.846	-177.5
15:51:45.858	-175.1
15:51:45.870	-173.4
15:51:45.879	-171.1
15:51:45.891	-167.8
15:51:45.903	-165.7
15:51:45.911	-162.0
15:51:45.924	-161.1
15:51:45.936	-158.8
15:51:45.944	-155.9
15:51:45.956	-155.9
15:51:45.969	-154.2
15:51:45.977	-152.9
15:51:45.989	-151.0
15:51:46.001	-150.0
15:51:46.014	-148.5
15:51:46.022	-145.7
15:51:46.034	-140.8
15:51:46.047	-140.6
15:51:46.055	-137.3
15:51:46.067	-134.4
15:51:46.079	-133.9
15:51:46.087	-133.2
15:51:46.100	-133.2
15:51:46.112	-130.4
15:51:46.124	-128.7
15:51:46.132	-128.9
15:51:46.145	-127.4
15:51:46.157	-125.7
15:51:46.165	-124.8
15:51:46.178	-123.4
15:51:46.190	-120.2
15:51:46.197	-118.5
15:51:46.210	-116.1
15:51:46.222	-115.5
15:51:46.230	-112.6
15:51:46.242	-110.0
15:51:46.255	-106.6
15:51:46.267	-102.2
15:51:46.275	-101.2
15:51:46.287	-100.1
15:51:46.300	-97.6
15:51:46.308	-94.9
15:51:46.320	-93.2
15:51:46.333	-89.1
15:51:46.341	-87.3
15:51:46.353	-83.9
15:51:46.365	-83.9
15:51:46.374	-82.5
15:51:46.386	-79.8
15:51:46.398	-78.3
15:51:46.406	-76.3
15:51:46.419	-74.5
15:51:46.431	-71.6
15:51:46.443	-69.9
15:51:46.451	-66.6
15:51:46.464	-63.2
15:51:46.476	-58.9
15:51:46.484	-58.2
15:51:46.497	-56.9
15:51:46.509	-52.5
15:51:46.521	-52.2
15:51:46.529	-50.3
15:51:46.541	-47.5
15:51:46.554	-48.2
15:51:46.562	-46.4
15:51:46.574	-47.5
15:51:46.586	-48.7
15:51:46.595	-46.5
15:51:46.607	-45.6
15:51:46.619	-47.0
15:51:46.627	-44.2
15:51:46.640	-43.1
15:51:46.652	-42.8
15:51:46.660	-40.1
15:51:46.672	-40.8
15:51:46.685	-39.7
15:51:46.697	-37.6
15:51:46.705	-37.0
15:51:46.717	-34.6
15:51:46.730	-31.8
15:51:46.742	-29.3
15:51:46.750	-27.8
15:51:46.763	-25.3
15:51:46.775	-22.4
15:51:46.783	-18.3
15:51:46.795	-16.9
15:51:46.808	-16.6
15:51:46.820	-14.8
15:51:46.828	-14.5
15:51:46.840	-12.0
15:51:46.853	-11.1
15:51:46.861	-9.0
15:51:46.873	-7.6
15:51:46.881	-6.9
15:51:46.894	-7.3
15:51:46.906	-6.3
15:51:46.914	-2.8
15:51:46.926	-1.6
15:51:46.939	2.2
15:51:46.952	4.1
15:51:46.959	5.7
15:51:46.972	11.6
15:51:46.984	15.6
15:51:46.996	24.1
15:51:47.004	35.4
15:51:47.017	47.9
15:51:47.029	57.6
15:51:47.037	70.7
15:51:47.049	79.6
15:51:47.062	90.7
15:51:47.070	102.5
15:51:47.082	108.0
15:51:47.095	115.6
15:51:47.107	119.3
15:51:47.115	118.3
15:51:47.127	120.0
15:51:47.140	122.0
15:51:47.148	123.3
15:51:47.160	125.9
15:51:47.172	126.1
15:51:47.181	127.4
15:51:47.193	131.2
15:51:47.205	133.4
15:51:47.213	138.4
15:51:47.226	152.9
15:51:47.238	166.2
15:51:47.250	176.5
15:51:47.258	186.5
15:51:47.271	197.7
15:51:47.283	211.4
15:51:47.291	222.6
15:51:47.303	234.3
15:51:47.316	243.7
15:51:47.324	251.2
15:51:47.336	251.6
15:51:47.348	251.0
15:51:47.357	250.9
15:51:47.369	250.3
15:51:47.381	247.9
15:51:47.393	247.0
15:51:47.402	246.2
15:51:47.414	244.7
15:51:47.426	245.1
15:51:47.434	246.1
15:51:47.447	245.2
15:51:47.459	242.4
15:51:47.467	244.0
15:51:47.479	242.1
15:51:47.492	241.1
15:51:47.504	238.1
15:51:47.512	237.5
15:51:47.524	234.0
15:51:47.537	232.7
15:51:47.545	229.7
15:51:47.557	226.7
15:51:47.570	225.6
15:51:47.578	221.5
15:51:47.590	221.1
15:51:47.602	217.7
15:51:47.610	217.0
15:51:47.623	214.6
15:51:47.635	213.1
15:51:47.643	211.2
15:51:47.656	208.4
15:51:47.668	206.5
15:51:47.680	204.0
15:51:47.688	201.9
15:51:47.701	198.7
15:51:47.713	199.2
15:51:47.721	197.3
15:51:47.733	195.1
15:51:47.746	193.3
15:51:47.758	189.1
15:51:47.766	186.6
15:51:47.778	187.3
15:51:47.791	185.7
15:51:47.799	186.0
15:51:47.811	186.0
15:51:47.824	182.3
15:51:47.832	179.3
15:51:47.844	177.6
15:51:47.856	178.4
15:51:47.864	178.4
15:51:47.877	175.3
15:51:47.889	172.5
15:51:47.897	171.8
15:51:47.909	169.8
15:51:47.922	167.0
15:51:47.934	168.3
15:51:47.942	167.3
15:51:47.954	165.0
15:51:47.967	163.1
15:51:47.975	162.1
15:51:47.987	163.1
15:51:47.999	161.6
15:51:48.008	160.7
15:51:48.020	159.4
15:51:48.032	161.5
15:51:48.045	160.2
15:51:48.053	159.4
15:51:48.065	160.2
15:51:48.077	158.0
15:51:48.085	157.6
15:51:48.098	156.4
15:51:48.110	155.4
15:51:48.118	154.4
15:51:48.131	155.3
15:51:48.143	151.1
15:51:48.151	150.6
15:51:48.163	148.5
15:51:48.176	144.6
15:51:48.188	140.9
15:51:48.196	138.0
15:51:48.208	133.5
15:51:48.221	128.9
15:51:48.229	125.7
15:51:48.241	118.8
15:51:48.253	115.1
15:51:48.262	110.1
15:51:48.274	105.1
15:51:48.286	100.3
15:51:48.294	96.9
15:51:48.307	92.4
15:51:48.319	88.3
15:51:48.327	84.9
15:51:48.339	78.1
15:51:48.352	73.5
15:51:48.364	68.2
15:51:48.372	61.1
15:51:48.384	55.6
15:51:48.397	49.1
15:51:48.405	43.6
15:51:48.417	37.7
15:51:48.429	31.8
15:51:48.442	26.4
15:51:48.450	23.4
15:51:48.462	18.4
15:51:48.475	13.5
15:51:48.483	8.4
15:51:48.495	4.8
15:51:48.507	2.1
15:51:48.515	-0.8
15:51:48.529	-3.9
15:51:48.540	-4.8
15:51:48.548	-7.9
15:51:48.560	-11.7
15:51:48.573	-12.0
15:51:48.582	-13.7
15:51:48.594	-14.1
15:51:48.607	-15.9
15:51:48.619	-18.3
15:51:48.627	-20.2
15:51:48.639	-23.9
15:51:48.652	-30.1
15:51:48.660	-33.1
15:51:48.672	-35.7
15:51:48.684	-40.2
15:51:48.697	-43.3
15:51:48.705	-46.8
15:51:48.717	-51.1
15:51:48.729	-53.0
15:51:48.742	-58.9
15:51:48.750	-61.6
15:51:48.762	-61.0
15:51:48.774	-62.1
15:51:48.783	-65.4
15:51:48.795	-66.2
15:51:48.807	-68.5
15:51:48.815	-70.3
15:51:48.828	-70.8
15:51:48.840	-73.4
15:51:48.848	-74.8
15:51:48.861	-84.1
15:51:48.873	-94.4
15:51:48.881	-105.0
15:51:48.893	-116.1
15:51:48.905	-128.8
15:51:48.918	-140.2
15:51:48.926	-151.9
15:51:48.938	-163.1
15:51:48.950	-172.9
15:51:48.959	-182.7
15:51:48.971	-182.9
15:51:48.983	-181.5
15:51:48.991	-179.1
15:51:49.004	-176.8
15:51:49.016	-172.1
15:51:49.028	-166.8
15:51:49.036	-161.9
15:51:49.049	-157.0
15:51:49.061	-153.2
15:51:49.069	-146.4
15:51:49.082	-143.1
15:51:49.094	-137.9
15:51:49.102	-136.5
15:51:49.114	-132.8
15:51:49.127	-131.3
15:51:49.135	-128.4
15:51:49.147	-125.6
15:51:49.159	-123.3
15:51:49.172	-120.2
15:51:49.180	-120.7
15:51:49.192	-117.9
15:51:49.204	-118.9
15:51:49.213	-117.5
15:51:49.225	-115.3
15:51:49.237	-112.2
15:51:49.245	-112.7
15:51:49.258	-110.4
15:51:49.270	-109.1
15:51:49.278	-106.2
15:51:49.290	-100.6
15:51:49.303	-98.7
15:51:49.315	-97.0
15:51:49.323	-94.8
15:51:49.335	-93.4
15:51:49.348	-93.8
15:51:49.356	-91.2
15:51:49.368	-90.4
15:51:49.380	-87.4
15:51:49.389	-85.8
15:51:49.401	-86.0
15:51:49.413	-83.5
15:51:49.425	-80.4
15:51:49.434	-78.3
15:51:49.446	-76.6
15:51:49.458	-71.5
15:51:49.466	-68.6
15:51:49.479	-66.6
15:51:49.491	-63.7
15:51:49.499	-62.5
15:51:49.512	-59.0
15:51:49.524	-57.4
15:51:49.532	-54.6
15:51:49.544	-51.6
15:51:49.557	-49.1
15:51:49.565	-48.8
15:51:49.577	-47.2
15:51:49.589	-44.6
15:51:49.602	-42.9
15:51:49.610	-39.2
15:51:49.622	-36.3
15:51:49.634	-35.7
15:51:49.643	-34.0
15:51:49.655	-32.8
15:51:49.667	-30.2
15:51:49.679	-28.9
15:51:49.688	-26.8
15:51:49.700	-25.4
15:51:49.712	-24.5
15:51:49.720	-24.2
15:51:49.733	-24.2
15:51:49.745	-21.1
15:51:49.753	-20.9
15:51:49.765	-20.3
15:51:49.777	-21.5
15:51:49.785	-21.0
15:51:49.797	-21.0
15:51:49.810	-20.6
15:51:49.818	-19.9
15:51:49.830	-18.5
15:51:49.843	-16.8
15:51:49.855	-14.3
15:51:49.863	-11.5
15:51:49.875	-10.1
15:51:49.888	-8.2
15:51:49.896	-4.5
15:51:49.908	-1.5
15:51:49.921	2.2
15:51:49.929	4.9
15:51:49.941	6.2
15:51:49.953	5.7
15:51:49.966	6.3
15:51:49.974	6.7
15:51:49.986	7.4
15:51:49.998	11.1
15:51:50.007	12.8
15:51:50.019	19.3
15:51:50.031	26.3
15:51:50.039	34.6
15:51:50.052	44.3
15:51:50.064	55.4
15:51:50.072	64.1
15:51:50.084	73.7
15:51:50.097	85.0
15:51:50.109	94.5
15:51:50.117	103.3
15:51:50.129	107.4
15:51:50.142	111.1
15:51:50.150	113.3
15:51:50.162	115.1
15:51:50.174	114.4
15:51:50.183	115.1
15:51:50.195	116.7
15:51:50.207	116.7
15:51:50.215	116.6
15:51:50.228	116.5
15:51:50.240	117.2
15:51:50.248	117.1
15:51:50.260	116.9
15:51:50.273	116.8
15:51:50.285	117.5
15:51:50.293	117.9
15:51:50.305	116.5
15:51:50.318	115.1
15:51:50.326	116.5
15:51:50.338	116.1
15:51:50.350	116.8
15:51:50.363	119.3
15:51:50.371	122.9
15:51:50.383	123.5
15:51:50.395	128.4
15:51:50.404	132.7
15:51:50.416	136.7
15:51:50.428	144.0
15:51:50.440	149.6
15:51:50.449	161.0
15:51:50.461	172.7
15:51:50.473	180.4
15:51:50.482	188.4
15:51:50.494	199.4
15:51:50.506	207.9
15:51:50.514	218.2
15:51:50.527	224.9
15:51:50.539	231.5
15:51:50.547	235.2
15:51:50.559	236.9
15:51:50.572	236.6
15:51:50.584	240.8
15:51:50.592	240.9
15:51:50.605	241.3
15:51:50.617	240.1
15:51:50.625	236.3
15:51:50.637	237.4
15:51:50.650	236.6
15:51:50.662	237.6
15:51:50.670	234.9
15:51:50.682	232.0
15:51:50.695	228.0
15:51:50.703	225.6
15:51:50.715	220.4
15:51:50.727	216.6
15:51:50.736	212.5
15:51:50.748	206.1
15:51:50.760	201.1
15:51:50.768	196.1
15:51:50.781	191.1
15:51:50.793	185.0
15:51:50.801	177.3
15:51:50.813	169.9
15:51:50.826	165.0
15:51:50.838	160.4
15:51:50.846	154.7
15:51:50.858	152.3
15:51:50.871	147.1
15:51:50.879	142.2
15:51:50.891	139.8
15:51:50.903	136.8
15:51:50.912	133.1
15:51:50.924	131.0
15:51:50.936	128.5
15:51:50.948	126.8
15:51:50.957	126.8
15:51:50.969	125.6
15:51:50.981	124.8
15:51:50.989	123.4
15:51:51.002	120.4
15:51:51.014	120.0
15:51:51.022	120.7
15:51:51.035	121.8
15:51:51.047	120.5
15:51:51.055	118.8
15:51:51.067	117.4
15:51:51.080	116.0
15:51:51.092	116.0
15:51:51.100	115.6
15:51:51.113	115.0
15:51:51.125	116.2
15:51:51.133	116.0
15:51:51.145	115.1
15:51:51.158	114.6
15:51:51.166	114.4
15:51:51.178	112.4
15:51:51.190	112.2
15:51:51.199	110.2
15:51:51.211	109.4
15:51:51.223	108.9
15:51:51.235	104.3
15:51:51.244	102.9
15:51:51.256	99.9
15:51:51.268	100.5
15:51:51.276	101.7
15:51:51.289	104.0
15:51:51.301	103.5
15:51:51.309	107.5
15:51:51.321	108.4
15:51:51.334	109.8
15:51:51.346	114.4
15:51:51.354	116.2
15:51:51.366	121.4
15:51:51.379	121.2
15:51:51.387	120.2
15:51:51.399	118.9
15:51:51.411	120.4
15:51:51.420	117.2
15:51:51.432	116.1
15:51:51.444	114.6
15:51:51.452	111.8
15:51:51.465	110.4
15:51:51.477	107.2
15:51:51.485	107.0
15:51:51.497	105.8
15:51:51.510	106.5
15:51:51.522	105.3
15:51:51.530	103.2
15:51:51.542	102.2
15:51:51.555	101.2
15:51:51.563	100.6
15:51:51.575	100.5
15:51:51.588	99.8
15:51:51.600	100.3
15:51:51.608	102.0
15:51:51.620	101.3
15:51:51.633	100.7
15:51:51.641	101.9
15:51:51.653	99.9
15:51:51.665	99.6
15:51:51.674	99.5
15:51:51.686	97.6
15:51:51.698	95.8
15:51:51.706	93.8
15:51:51.719	92.3
15:51:51.731	90.9
15:51:51.739	87.7
15:51:51.751	87.2
15:51:51.764	87.9
15:51:51.776	86.5
15:51:51.784	86.7
15:51:51.796	85.8
15:51:51.809	85.5
15:51:51.817	85.4
15:51:51.829	87.6
15:51:51.842	88.8
15:51:51.850	89.5
15:51:51.862	87.0
15:51:51.874	87.3
15:51:51.887	87.6
15:51:51.895	86.2
15:51:51.907	85.7
15:51:51.919	83.5
15:51:51.927	84.3
15:51:51.940	81.6
15:51:51.952	79.2
15:51:51.960	78.6
15:51:51.973	78.6
15:51:51.985	78.7
15:51:51.993	76.5
15:51:52.005	75.7
15:51:52.018	75.5
15:51:52.030	78.6
15:51:52.038	75.5
15:51:52.050	74.1
15:51:52.063	71.5
15:51:52.071	70.2
15:51:52.083	68.9
15:51:52.095	63.2
15:51:52.104	61.3
15:51:52.116	57.3
15:51:52.128	53.0
15:51:52.136	43.9
15:51:52.149	38.6
15:51:52.161	28.8
15:51:52.169	20.7
15:51:52.181	13.3
15:51:52.194	4.3
15:51:52.206	-3.6
15:51:52.214	-11.3
15:51:52.226	-17.3
15:51:52.239	-25.3
15:51:52.247	-30.3
15:51:52.259	-37.2
15:51:52.272	-41.2
15:51:52.284	-44.9
15:51:52.292	-51.9
15:51:52.304	-55.4
15:51:52.317	-56.4
15:51:52.325	-58.9
15:51:52.337	-64.9
15:51:52.349	-65.9
15:51:52.357	-70.3
15:51:52.370	-71.7
15:51:52.382	-75.8
15:51:52.390	-79.3
15:51:52.403	-81.5
15:51:52.415	-82.9
15:51:52.423	-85.5
15:51:52.435	-88.8
15:51:52.448	-90.1
15:51:52.460	-93.6
15:51:52.468	-94.8
15:51:52.480	-98.0
15:51:52.493	-100.3
15:51:52.505	-101.7
15:51:52.513	-103.9
15:51:52.525	-107.4
15:51:52.538	-111.0
15:51:52.546	-113.1
15:51:52.558	-114.6
15:51:52.570	-117.5
15:51:52.583	-117.5
15:51:52.591	-118.6
15:51:52.603	-120.4
15:51:52.615	-122.5
15:51:52.624	-122.9
15:51:52.636	-123.3
15:51:52.648	-125.0
15:51:52.656	-125.5
15:51:52.669	-125.2
15:51:52.681	-125.9
15:51:52.689	-128.6
15:51:52.701	-130.1
15:51:52.714	-127.4
15:51:52.722	-127.6
15:51:52.734	-130.1
15:51:52.746	-132.4
15:51:52.759	-132.2
15:51:52.767	-131.6
15:51:52.779	-134.4
15:51:52.791	-134.5
15:51:52.800	-136.4
15:51:52.812	-136.4
15:51:52.824	-141.2
15:51:52.832	-143.4
15:51:52.845	-144.7
15:51:52.857	-151.8
15:51:52.869	-160.2
15:51:52.878	-172.2
15:51:52.890	-182.2
15:51:52.902	-190.7
15:51:52.910	-198.1
15:51:52.923	-207.1
15:51:52.935	-213.6
15:51:52.943	-221.8
15:51:52.955	-227.0
15:51:52.968	-227.6
15:51:52.976	-227.9
15:51:52.988	-226.4
15:51:53.000	-224.1
15:51:53.013	-225.3
15:51:53.021	-225.4
15:51:53.033	-225.2
15:51:53.046	-225.2
15:51:53.054	-222.6
15:51:53.066	-225.1
15:51:53.078	-225.8
15:51:53.086	-225.3
15:51:53.099	-224.8
15:51:53.111	-225.5
15:51:53.119	-223.7
15:51:53.131	-223.3
15:51:53.144	-221.9
15:51:53.156	-220.5
15:51:53.164	-221.5
15:51:53.177	-220.5
15:51:53.189	-218.2
15:51:53.197	-219.3
15:51:53.209	-220.2
15:51:53.221	-220.3
15:51:53.230	-221.8
15:51:53.242	-223.7
15:51:53.254	-227.0
15:51:53.266	-227.0
15:51:53.275	-226.4
15:51:53.287	-224.8
15:51:53.299	-225.4
15:51:53.307	-224.6
15:51:53.320	-223.0
15:51:53.332	-222.6
15:51:53.340	-222.2
15:51:53.353	-217.7
15:51:53.365	-214.0
15:51:53.373	-214.4
15:51:53.385	-212.5
15:51:53.398	-209.1
15:51:53.406	-204.6
15:51:53.418	-202.1
15:51:53.430	-199.2
15:51:53.443	-197.6
15:51:53.451	-194.4
15:51:53.464	-193.9
15:51:53.476	-190.4
15:51:53.485	-186.7
15:51:53.497	-183.7
15:51:53.509	-182.1
15:51:53.521	-181.7
15:51:53.530	-179.6
15:51:53.542	-178.4
15:51:53.554	-175.6
15:51:53.562	-172.4
15:51:53.575	-169.6
15:51:53.587	-168.1
15:51:53.595	-164.7
15:51:53.607	-162.3
15:51:53.620	-160.8
15:51:53.628	-160.2
15:51:53.640	-158.7
15:51:53.652	-152.6
15:51:53.661	-149.7
15:51:53.673	-147.9
15:51:53.685	-145.4
15:51:53.697	-144.0
15:51:53.706	-142.8
15:51:53.718	-141.3
15:51:53.730	-137.7
15:51:53.738	-133.5
15:51:53.751	-130.0
15:51:53.763	-128.4
15:51:53.771	-127.9
15:51:53.783	-124.6
15:51:53.796	-122.1
15:51:53.808	-120.3
15:51:53.816	-116.8
15:51:53.829	-113.5
15:51:53.841	-112.4
15:51:53.849	-112.8
15:51:53.861	-110.4
15:51:53.874	-113.1
15:51:53.882	-110.1
15:51:53.894	-109.4
15:51:53.906	-106.4
15:51:53.915	-105.4
15:51:53.927	-103.6
15:51:53.939	-103.5
15:51:53.951	-102.2
15:51:53.960	-98.8
15:51:53.972	-100.1
15:51:53.984	-97.3
15:51:53.992	-95.5
15:51:54.005	-94.5
15:51:54.017	-95.4
15:51:54.025	-90.8
15:51:54.037	-90.0
15:51:54.050	-84.3
15:51:54.058	-84.1
15:51:54.070	-83.1
15:51:54.082	-78.6
15:51:54.091	-75.1
15:51:54.103	-72.2
15:51:54.115	-70.4
15:51:54.127	-67.2
15:51:54.136	-64.3
15:51:54.148	-60.5
15:51:54.160	-59.8
15:51:54.168	-53.7
15:51:54.181	-47.3
15:51:54.193	-44.2
15:51:54.205	-39.8
15:51:54.213	-36.0
15:51:54.226	-31.6
15:51:54.238	-28.0
15:51:54.246	-25.3
15:51:54.258	-20.7
15:51:54.271	-17.5
15:51:54.279	-15.7
15:51:54.291	-13.4
15:51:54.304	-8.1
15:51:54.312	-5.0
15:51:54.324	0.3
15:51:54.336	8.4
15:51:54.344	16.6
15:51:54.357	25.5
15:51:54.369	30.1
15:51:54.381	38.1
15:51:54.390	47.1
15:51:54.402	53.1
15:51:54.414	58.7
15:51:54.422	63.5
15:51:54.435	66.7
15:51:54.447	68.4
15:51:54.459	69.6
15:51:54.467	70.1
15:51:54.480	71.4
15:51:54.492	68.0
15:51:54.500	67.4
15:51:54.512	66.8
15:51:54.525	66.6
15:51:54.533	67.4
15:51:54.545	69.7
15:51:54.557	68.3
15:51:54.566	69.6
15:51:54.578	69.1
15:51:54.590	68.4
15:51:54.602	69.8
15:51:54.611	69.4
15:51:54.623	68.2
15:51:54.635	68.6
15:51:54.643	68.1
15:51:54.656	68.2
15:51:54.668	71.1
15:51:54.680	70.1
15:51:54.689	69.0
15:51:54.701	71.2
15:51:54.713	73.1
15:51:54.721	73.1
15:51:54.734	77.2
15:51:54.746	79.1
15:51:54.754	80.8
15:51:54.766	82.2
15:51:54.779	84.7
15:51:54.791	87.0
15:51:54.799	88.4
15:51:54.811	88.0
15:51:54.824	90.8
15:51:54.832	96.1
15:51:54.844	99.7
15:51:54.856	104.4
15:51:54.865	111.8
15:51:54.877	117.7
15:51:54.889	121.6
15:51:54.897	129.1
15:51:54.910	133.1
15:51:54.922	140.7
15:51:54.934	147.1
15:51:54.943	151.5
15:51:54.955	152.2
15:51:54.967	157.0
15:51:54.975	158.1
15:51:54.988	161.1
15:51:55.000	164.4
15:51:55.008	165.5
15:51:55.020	170.7
15:51:55.033	172.2
15:51:55.041	172.5
15:51:55.053	174.0
15:51:55.065	177.4
15:51:55.078	174.7
15:51:55.086	174.1
15:51:55.098	172.3
15:51:55.110	173.8
15:51:55.119	172.8
15:51:55.131	172.1
15:51:55.143	175.2
15:51:55.151	180.0
15:51:55.164	184.7
15:51:55.176	191.0
15:51:55.188	199.7
15:51:55.196	208.0
15:51:55.209	216.1
15:51:55.221	219.7
15:51:55.229	227.3
15:51:55.242	234.5
15:51:55.254	237.5
15:51:55.262	239.9
15:51:55.274	240.4
15:51:55.287	242.7
15:51:55.295	243.8
15:51:55.307	244.9
15:51:55.319	244.5
15:51:55.328	249.3
15:51:55.340	247.9
15:51:55.352	248.3
15:51:55.364	247.9
15:51:55.373	246.9
15:51:55.385	246.8
15:51:55.397	244.4
15:51:55.405	242.7
15:51:55.418	238.5
15:51:55.430	236.7
15:51:55.442	229.5
15:51:55.450	227.8
15:51:55.463	225.4
15:51:55.475	225.4
15:51:55.483	222.2
15:51:55.495	220.0
15:51:55.508	220.6
15:51:55.516	218.4
15:51:55.528	218.3
15:51:55.540	215.4
15:51:55.549	216.8
15:51:55.561	216.7
15:51:55.573	214.0
15:51:55.581	210.2
15:51:55.594	207.4
15:51:55.606	207.1
15:51:55.618	203.2
15:51:55.627	201.2
15:51:55.639	197.6
15:51:55.651	196.7
15:51:55.659	194.2
15:51:55.672	190.9
15:51:55.684	189.0
15:51:55.692	187.8
15:51:55.704	187.2
15:51:55.717	183.1
15:51:55.729	181.3
15:51:55.737	178.0
15:51:55.749	177.6
15:51:55.762	174.4
15:51:55.770	169.4
15:51:55.782	165.7
15:51:55.794	164.3
15:51:55.803	161.9
15:51:55.815	159.2
15:51:55.827	157.0
15:51:55.835	152.4
15:51:55.848	152.1
15:51:55.860	146.3
15:51:55.872	143.3
15:51:55.880	139.6
15:51:55.893	135.3
15:51:55.905	127.9
15:51:55.913	119.7
15:51:55.925	114.7
15:51:55.938	108.4
15:51:55.946	103.7
15:51:55.958	93.6
15:51:55.971	86.4
15:51:55.979	77.8
15:51:55.991	73.0
15:51:56.003	66.4
15:51:56.011	61.3
15:51:56.024	56.2
15:51:56.036	50.0
15:51:56.048	44.6
15:51:56.057	36.2
15:51:56.069	30.9
15:51:56.081	26.3
15:51:56.089	21.7
15:51:56.102	15.2
15:51:56.114	10.3
15:51:56.126	6.5
15:51:56.134	3.0
15:51:56.147	-0.6
15:51:56.159	-6.0
15:51:56.167	-9.7
15:51:56.179	-14.1
15:51:56.192	-18.0
15:51:56.200	-20.6
15:51:56.212	-24.3
15:51:56.224	-27.6
15:51:56.233	-33.1
15:51:56.245	-37.0
15:51:56.257	-40.8
15:51:56.265	-44.1
15:51:56.278	-45.5
15:51:56.290	-47.3
15:51:56.302	-49.8
15:51:56.310	-52.8
15:51:56.323	-54.6
15:51:56.335	-54.9
15:51:56.343	-55.0
15:51:56.355	-57.8
15:51:56.368	-61.0
15:51:56.380	-62.2
15:51:56.388	-66.2
15:51:56.401	-69.0
15:51:56.413	-72.5
15:51:56.421	-77.8
15:51:56.433	-81.6
15:51:56.446	-86.2
15:51:56.454	-91.7
15:51:56.466	-97.2
15:51:56.478	-105.7
15:51:56.491	-116.4
15:51:56.499	-125.2
15:51:56.511	-135.4
15:51:56.523	-143.7
15:51:56.532	-151.6
15:51:56.544	-159.1
15:51:56.556	-168.2
15:51:56.564	-172.9
15:51:56.577	-177.8
15:51:56.589	-179.1
15:51:56.601	-178.3
15:51:56.609	-179.3
15:51:56.622	-179.9
15:51:56.634	-180.2
15:51:56.642	-180.2
15:51:56.654	-181.8
15:51:56.667	-180.0
15:51:56.675	-182.3
15:51:56.687	-181.0
15:51:56.700	-178.8
15:51:56.712	-177.5
15:51:56.720	-174.5
15:51:56.732	-169.9
15:51:56.745	-164.2
15:51:56.753	-158.9
15:51:56.765	-153.2
15:51:56.777	-148.3
15:51:56.786	-140.8
15:51:56.798	-136.3
15:51:56.810	-133.2
15:51:56.818	-128.9
15:51:56.831	-125.1
15:51:56.843	-119.0
15:51:56.855	-113.8
15:51:56.863	-107.5
15:51:56.876	-102.8
15:51:56.888	-98.7
15:51:56.896	-95.3
15:51:56.909	-90.7
15:51:56.921	-84.8
15:51:56.929	-80.5
15:51:56.941	-73.3
15:51:56.953	-70.4
15:51:56.962	-67.1
15:51:56.974	-61.7
15:51:56.986	-53.3
15:51:56.999	-45.2
15:51:57.007	-39.0
15:51:57.019	-28.5
15:51:57.031	-20.7
15:51:57.040	-11.9
15:51:57.052	-3.2
15:51:57.064	5.9
15:51:57.072	14.9
15:51:57.085	22.7
15:51:57.097	31.8
15:51:57.109	42.0
15:51:57.117	52.1
15:51:57.130	60.9
15:51:57.142	71.8
15:51:57.150	82.9
15:51:57.162	93.2
15:51:57.175	103.8
15:51:57.183	114.8
15:51:57.195	125.2
15:51:57.207	135.2
15:51:57.216	141.4
15:51:57.228	149.5
15:51:57.240	155.3
15:51:57.249	162.5
15:51:57.261	169.9
15:51:57.273	176.2
15:51:57.285	185.3
15:51:57.293	191.8
15:51:57.306	202.4
15:51:57.318	207.9
15:51:57.326	216.5
15:51:57.338	224.2
15:51:57.351	232.0
15:51:57.363	236.2
15:51:57.371	242.1
15:51:57.384	247.9
15:51:57.396	250.1
15:51:57.404	253.9
15:51:57.416	254.5
15:51:57.429	257.1
15:51:57.437	260.6
15:51:57.449	264.1
15:51:57.461	265.4
15:51:57.470	268.6
15:51:57.482	270.2
15:51:57.494	273.7
15:51:57.502	278.3
15:51:57.515	283.0
15:51:57.527	288.4
15:51:57.539	291.9
15:51:57.547	292.3
15:51:57.560	294.1
15:51:57.572	299.4
15:51:57.580	303.5
15:51:57.592	305.9
15:51:57.605	305.7
15:51:57.613	306.9
15:51:57.625	307.0
15:51:57.637	304.1
15:51:57.650	302.0
15:51:57.658	301.6
15:51:57.670	300.1
15:51:57.683	297.7
15:51:57.691	294.4
15:51:57.703	292.2
15:51:57.715	290.6
15:51:57.723	289.5
15:51:57.736	284.7
15:51:57.748	281.1
15:51:57.756	279.7
15:51:57.769	278.5
15:51:57.781	275.8
15:51:57.793	272.0
15:51:57.801	270.0
15:51:57.814	267.4
15:51:57.826	265.1
15:51:57.834	260.0
15:51:57.846	259.0
15:51:57.859	255.2
15:51:57.867	252.7
15:51:57.879	246.2
15:51:57.891	242.8
15:51:57.900	239.7
15:51:57.912	233.4
15:51:57.924	228.4
15:51:57.932	219.5
15:51:57.945	212.8
15:51:57.957	204.0
15:51:57.969	197.0
15:51:57.977	183.9
15:51:57.990	171.9
15:51:58.002	157.3
15:51:58.010	143.3
15:51:58.022	129.7
15:51:58.035	113.9
15:51:58.047	99.3
15:51:58.055	83.3
15:51:58.067	70.5
15:51:58.080	54.9
15:51:58.088	43.5
15:51:58.100	32.6
15:51:58.112	19.6
15:51:58.121	8.4
15:51:58.133	-0.1
15:51:58.145	-5.1
15:51:58.153	-11.8
15:51:58.166	-19.2
15:51:58.178	-27.4
15:51:58.186	-32.9
15:51:58.198	-38.7
15:51:58.211	-44.5
15:51:58.223	-46.1
15:51:58.231	-52.6
15:51:58.244	-59.7
15:51:58.256	-69.2
15:51:58.264	-73.8
15:51:58.276	-82.7
15:51:58.289	-90.2
15:51:58.301	-96.2
15:51:58.309	-104.6
15:51:58.321	-110.1
15:51:58.334	-119.0
15:51:58.346	-122.7
15:51:58.354	-127.5
15:51:58.366	-131.6
15:51:58.379	-146.7
15:51:58.387	-162.7
15:51:58.399	-178.3
15:51:58.411	-196.1
15:51:58.420	-210.6
15:51:58.432	-227.0
15:51:58.444	-242.2
15:51:58.452	-259.2
15:51:58.465	-276.0
15:51:58.477	-295.4
15:51:58.485	-305.2
15:51:58.497	-309.7
15:51:58.510	-317.1
15:51:58.522	-321.1
15:51:58.530	-328.5
15:51:58.542	-335.8
15:51:58.555	-342.1
15:51:58.563	-348.5
15:51:58.575	-352.9
15:51:58.587	-355.3
15:51:58.596	-357.0
15:51:58.608	-357.6
15:51:58.620	-356.6
15:51:58.632	-359.8
15:51:58.641	-362.1
15:51:58.653	-363.3
15:51:58.665	-364.8
15:51:58.673	-369.0
15:51:58.686	-372.5
15:51:58.698	-376.4
15:51:58.706	-379.8
15:51:58.719	-384.9
15:51:58.731	-391.9
15:51:58.739	-394.1
15:51:58.751	-396.8
15:51:58.764	-398.5
15:51:58.776	-396.5
15:51:58.784	-392.6
15:51:58.797	-392.0
15:51:58.809	-389.1
15:51:58.817	-387.8
15:51:58.829	-386.2
15:51:58.841	-381.0
15:51:58.850	-378.2
15:51:58.862	-373.2
15:51:58.874	-368.0
15:51:58.882	-366.0
15:51:58.895	-363.1
15:51:58.907	-358.5
15:51:58.919	-355.6
15:51:58.928	-348.2
15:51:58.940	-339.7
15:51:58.952	-335.2
15:51:58.960	-328.7
15:51:58.973	-322.5
15:51:58.985	-317.1
15:51:58.993	-312.2
15:51:59.005	-305.7
15:51:59.018	-301.3
15:51:59.030	-295.6
15:51:59.038	-293.5
15:51:59.051	-290.5
15:51:59.063	-286.2
15:51:59.071	-284.0
15:51:59.083	-279.4
15:51:59.096	-276.2
15:51:59.104	-270.3
15:51:59.116	-267.7
15:51:59.128	-261.8
15:51:59.137	-257.7
15:51:59.149	-255.0
15:51:59.161	-252.2
15:51:59.169	-247.9
15:51:59.182	-243.4
15:51:59.193	-241.9
15:51:59.205	-237.5
15:51:59.213	-236.5
15:51:59.226	-231.9
15:51:59.239	-230.7
15:51:59.247	-227.5
15:51:59.260	-221.1
15:51:59.272	-218.0
15:51:59.284	-213.0
15:51:59.292	-210.1
15:51:59.305	-203.8
15:51:59.317	-201.4
15:51:59.325	-195.6
15:51:59.337	-192.8
15:51:59.350	-188.2
15:51:59.358	-184.9
15:51:59.370	-185.2
15:51:59.382	-182.4
15:51:59.391	-182.8
15:51:59.403	-180.4
15:51:59.415	-178.5
15:51:59.423	-175.9
15:51:59.436	-174.6
15:51:59.448	-173.0
15:51:59.460	-171.1
15:51:59.468	-170.4
15:51:59.481	-168.7
15:51:59.493	-166.8
15:51:59.501	-163.6
15:51:59.513	-161.3
15:51:59.526	-160.3
15:51:59.534	-157.6
15:51:59.546	-155.5
15:51:59.558	-152.2
15:51:59.571	-150.6
15:51:59.579	-148.0
15:51:59.591	-146.0
15:51:59.603	-143.1
15:51:59.612	-142.1
15:51:59.624	-140.9
15:51:59.636	-139.8
15:51:59.644	-140.2
15:51:59.657	-139.0
15:51:59.668	-139.8
15:51:59.676	-138.7
15:51:59.689	-137.0
15:51:59.701	-134.7
15:51:59.713	-135.0
15:51:59.722	-133.7
15:51:59.734	-132.1
15:51:59.746	-131.6
15:51:59.754	-128.7
15:51:59.767	-127.2
15:51:59.779	-126.2
15:51:59.787	-124.9
15:51:59.799	-124.5
15:51:59.812	-125.2
15:51:59.820	-122.6
15:51:59.832	-121.6
15:51:59.845	-119.1
15:51:59.853	-117.3
15:51:59.865	-115.8
15:51:59.877	-115.8
15:51:59.890	-115.1
15:51:59.898	-113.7
15:51:59.910	-113.9
15:51:59.922	-109.6
15:51:59.930	-109.4
15:51:59.943	-109.0
15:51:59.955	-110.3
15:51:59.967	-111.2
15:51:59.976	-113.7
15:51:59.988	-112.9
15:52:00.000	-112.3
15:52:00.008	-111.7
15:52:00.021	-109.0
15:52:00.033	-108.8
15:52:00.041	-106.8
15:52:00.053	-104.7
15:52:00.066	-101.5
15:52:00.074	-98.7
15:52:00.086	-95.4
15:52:00.098	-94.2
15:52:00.107	-92.5
15:52:00.119	-91.8
15:52:00.132	-90.8
15:52:00.144	-88.8
15:52:00.152	-88.0
15:52:00.164	-86.0
15:52:00.177	-85.4
15:52:00.185	-84.9
15:52:00.197	-84.4
15:52:00.209	-82.2
15:52:00.222	-80.2
15:52:00.230	-79.9
15:52:00.242	-78.5
15:52:00.254	-78.4
15:52:00.263	-77.0
15:52:00.275	-76.5
15:52:00.287	-77.4
15:52:00.295	-75.6
15:52:00.308	-74.5
15:52:00.320	-74.6
15:52:00.328	-74.6
15:52:00.340	-73.0
15:52:00.353	-72.3
15:52:00.361	-69.7
15:52:00.373	-69.2
15:52:00.385	-67.8
15:52:00.398	-66.2
15:52:00.406	-66.1
15:52:00.418	-63.7
15:52:00.430	-62.7
15:52:00.443	-61.9
15:52:00.451	-57.2
15:52:00.463	-55.2
15:52:00.475	-53.8
15:52:00.484	-52.6
15:52:00.496	-51.4
15:52:00.508	-48.1
15:52:00.516	-47.6
15:52:00.529	-49.2
15:52:00.541	-48.2
15:52:00.553	-45.3
15:52:00.562	-45.4
15:52:00.574	-44.3
15:52:00.586	-42.5
15:52:00.594	-40.6
15:52:00.607	-39.9
15:52:00.619	-40.1
15:52:00.627	-38.4
15:52:00.639	-35.8
15:52:00.652	-34.0
15:52:00.660	-33.2
15:52:00.672	-33.4
15:52:00.684	-32.4
15:52:00.697	-33.6
15:52:00.705	-32.4
15:52:00.717	-30.1
15:52:00.729	-29.8
15:52:00.738	-28.3
15:52:00.750	-28.0
15:52:00.762	-27.6
15:52:00.770	-28.6
15:52:00.783	-28.7
15:52:00.795	-28.3
15:52:00.803	-26.8
15:52:00.815	-29.0
15:52:00.828	-29.8
15:52:00.840	-29.1
15:52:00.848	-27.9
15:52:00.860	-26.6
15:52:00.873	-26.3
15:52:00.881	-23.7
15:52:00.893	-22.9
15:52:00.905	-23.9
15:52:00.914	-25.1
15:52:00.926	-24.9
15:52:00.938	-24.5
15:52:00.950	-24.7
15:52:00.959	-25.2
15:52:00.971	-25.2
15:52:00.983	-24.6
15:52:00.992	-25.1
15:52:01.004	-23.5
15:52:01.016	-21.1
15:52:01.024	-20.8
15:52:01.037	-18.1
15:52:01.049	-17.4
15:52:01.057	-15.3
15:52:01.070	-14.1
15:52:01.082	-13.3
15:52:01.090	-13.3
15:52:01.102	-12.9
15:52:01.115	-12.1
15:52:01.127	-10.3
15:52:01.135	-9.5
15:52:01.147	-5.5
15:52:01.160	-7.0
15:52:01.168	-7.2
15:52:01.180	-6.7
15:52:01.192	-5.2
15:52:01.205	-4.1
15:52:01.213	-3.5
15:52:01.225	-5.6
15:52:01.237	-9.6
15:52:01.246	-8.9
15:52:01.258	-14.6
15:52:01.270	-13.2
15:52:01.278	-15.8
15:52:01.291	-18.1
15:52:01.303	-20.6
15:52:01.311	-21.0
15:52:01.323	-24.5
15:52:01.336	-24.7
15:52:01.344	-25.6
15:52:01.356	-24.8
15:52:01.368	-23.8
15:52:01.381	-23.2
15:52:01.389	-20.6
15:52:01.401	-19.1
15:52:01.413	-17.8
15:52:01.422	-17.4
15:52:01.434	-14.3
15:52:01.446	-14.2
15:52:01.454	-11.7
15:52:01.467	-13.8
15:52:01.479	-13.4
15:52:01.491	-16.2
15:52:01.499	-16.0
15:52:01.512	-16.6
15:52:01.524	-15.5
15:52:01.532	-16.1
15:52:01.545	-17.4
15:52:01.557	-16.7
15:52:01.565	-16.1
15:52:01.577	-15.6
15:52:01.590	-16.1
15:52:01.598	-13.4
15:52:01.610	-13.1
15:52:01.622	-10.5
15:52:01.635	-12.0
15:52:01.643	-8.5
15:52:01.655	-6.0
15:52:01.667	-2.3
15:52:01.676	3.8
15:52:01.688	14.2
15:52:01.700	26.1
15:52:01.708	34.5
15:52:01.721	45.4
15:52:01.733	54.4
15:52:01.741	65.9
15:52:01.753	72.8
15:52:01.766	84.4
15:52:01.774	91.3
15:52:01.786	94.4
15:52:01.798	94.9
15:52:01.811	94.1
15:52:01.819	96.4
15:52:01.831	96.2
15:52:01.843	97.0
15:52:01.852	96.6
15:52:01.864	96.9
15:52:01.876	96.2
15:52:01.888	99.4
15:52:01.897	104.0
15:52:01.909	107.5
15:52:01.921	112.6
15:52:01.929	116.5
15:52:01.942	122.7
15:52:01.954	130.4
15:52:01.962	138.5
15:52:01.974	153.2
15:52:01.987	164.0
15:52:01.995	175.7
15:52:02.007	188.2
15:52:02.019	203.9
15:52:02.028	216.9
15:52:02.040	231.6
15:52:02.052	243.8
15:52:02.065	253.8
15:52:02.073	265.5
15:52:02.085	272.7
15:52:02.097	279.1
15:52:02.105	281.0
15:52:02.118	283.8
15:52:02.130	281.4
15:52:02.142	284.2
15:52:02.151	285.1
15:52:02.163	287.0
15:52:02.175	288.8
15:52:02.187	288.8
15:52:02.196	287.7
15:52:02.208	288.3
15:52:02.220	290.7
15:52:02.228	290.6
15:52:02.241	292.7
15:52:02.253	288.8
15:52:02.261	286.7
15:52:02.273	281.6
15:52:02.286	278.5
15:52:02.294	276.7
15:52:02.306	272.2
15:52:02.318	269.8
15:52:02.327	266.3
15:52:02.339	262.8
15:52:02.351	258.5
15:52:02.363	258.8
15:52:02.372	256.0
15:52:02.384	255.2
15:52:02.396	252.8
15:52:02.404	248.1
15:52:02.417	245.9
15:52:02.429	240.3
15:52:02.437	237.9
15:52:02.449	236.4
15:52:02.462	236.1
15:52:02.474	232.5
15:52:02.482	230.1
15:52:02.495	226.3
15:52:02.507	222.1
15:52:02.515	221.9
15:52:02.528	220.9
15:52:02.540	221.6
15:52:02.548	219.6
15:52:02.561	218.7
15:52:02.573	216.5
15:52:02.581	214.1
15:52:02.593	211.8
15:52:02.606	210.0
15:52:02.618	207.6
15:52:02.626	204.9
15:52:02.638	201.1
15:52:02.651	197.2
15:52:02.659	195.6
15:52:02.671	190.5
15:52:02.683	191.5
15:52:02.692	189.2
15:52:02.704	188.0
15:52:02.716	187.2
15:52:02.724	186.5
15:52:02.736	183.3
15:52:02.748	179.0
15:52:02.761	177.2
15:52:02.769	173.0
15:52:02.781	174.0
15:52:02.793	165.2
15:52:02.801	160.1
15:52:02.814	155.1
15:52:02.826	149.3
15:52:02.834	144.4
15:52:02.846	138.1
15:52:02.859	135.7
15:52:02.871	129.0
15:52:02.879	125.1
15:52:02.892	116.5
15:52:02.904	112.5
15:52:02.912	107.8
15:52:02.924	102.2
15:52:02.936	98.0
15:52:02.945	94.0
15:52:02.957	90.3
15:52:02.970	85.1
15:52:02.978	81.7
15:52:02.991	75.7
15:52:03.003	72.8
15:52:03.011	67.2
15:52:03.024	62.7
15:52:03.036	57.6
15:52:03.048	54.1
15:52:03.056	49.2
15:52:03.069	45.4
15:52:03.081	40.6
15:52:03.089	37.9
15:52:03.101	35.5
15:52:03.114	30.9
15:52:03.126	29.5
15:52:03.134	27.0
15:52:03.146	26.0
15:52:03.159	22.7
15:52:03.167	20.4
15:52:03.179	19.0
15:52:03.191	17.6
15:52:03.200	15.0
15:52:03.212	11.5
15:52:03.224	9.6
15:52:03.232	6.8
15:52:03.245	3.8
15:52:03.257	0.5
15:52:03.265	-2.8
15:52:03.277	-5.5
15:52:03.290	-8.5
15:52:03.302	-10.6
15:52:03.310	-14.1
15:52:03.322	-13.7
15:52:03.335	-16.4
15:52:03.343	-16.2
15:52:03.355	-16.7
15:52:03.367	-18.2
15:52:03.376	-19.9
15:52:03.388	-21.3
15:52:03.400	-21.8
15:52:03.412	-24.1
15:52:03.421	-26.1
15:52:03.433	-36.2
15:52:03.445	-47.9
15:52:03.453	-62.7
15:52:03.466	-75.1
15:52:03.478	-87.9
15:52:03.486	-98.6
15:52:03.499	-111.5
15:52:03.511	-123.3
15:52:03.519	-133.8
15:52:03.531	-142.7
15:52:03.544	-143.8
15:52:03.556	-143.7
15:52:03.564	-144.3
15:52:03.576	-144.0
15:52:03.589	-143.2
15:52:03.597	-144.3
15:52:03.609	-143.5
15:52:03.621	-146.4
15:52:03.630	-148.1
15:52:03.642	-150.8
15:52:03.654	-157.1
15:52:03.662	-160.5
15:52:03.675	-162.9
15:52:03.687	-166.8
15:52:03.695	-168.8
15:52:03.707	-170.5
15:52:03.720	-171.6
15:52:03.732	-172.4
15:52:03.740	-171.6
15:52:03.752	-172.7
15:52:03.765	-173.3
15:52:03.773	-173.2
15:52:03.785	-173.0
15:52:03.798	-171.0
15:52:03.810	-172.0
15:52:03.818	-172.3
15:52:03.830	-172.3
15:52:03.843	-171.2
15:52:03.851	-172.1
15:52:03.863	-171.5
15:52:03.875	-171.3
15:52:03.884	-172.7
15:52:03.896	-173.1
15:52:03.908	-173.9
15:52:03.916	-172.6
15:52:03.929	-173.6
15:52:03.941	-174.3
15:52:03.949	-175.7
15:52:03.961	-175.9
15:52:03.974	-174.7
15:52:03.986	-174.7
15:52:03.994	-173.6
15:52:04.006	-173.4
15:52:04.019	-172.2
15:52:04.027	-169.3
15:52:04.039	-167.0
15:52:04.051	-163.7
15:52:04.064	-162.6
15:52:04.072	-163.1
15:52:04.084	-164.4
15:52:04.097	-160.9
15:52:04.109	-158.4
15:52:04.117	-154.9
15:52:04.129	-155.0
15:52:04.141	-156.5
15:52:04.150	-154.7
15:52:04.162	-153.5
15:52:04.174	-150.1
15:52:04.183	-147.9
15:52:04.195	-145.2
15:52:04.207	-144.6
15:52:04.215	-142.7
15:52:04.228	-141.4
15:52:04.240	-139.1
15:52:04.248	-136.8
15:52:04.260	-135.4
15:52:04.273	-134.4
15:52:04.285	-133.1
15:52:04.293	-128.8
15:52:04.305	-124.6
15:52:04.318	-123.4
15:52:04.326	-122.0
15:52:04.338	-120.0
15:52:04.350	-118.3
15:52:04.359	-116.8
15:52:04.371	-113.6
15:52:04.383	-110.4
15:52:04.395	-109.1
15:52:04.404	-110.2
15:52:04.416	-109.7
15:52:04.428	-107.1
15:52:04.436	-104.3
15:52:04.449	-103.8
15:52:04.461	-102.0
15:52:04.469	-100.7
15:52:04.481	-99.5
15:52:04.494	-100.6
15:52:04.502	-98.6
15:52:04.514	-96.4
15:52:04.527	-94.3
15:52:04.539	-91.9
15:52:04.547	-91.5
15:52:04.559	-89.8
15:52:04.571	-87.1
15:52:04.580	-84.4
15:52:04.592	-83.8
15:52:04.604	-82.2
15:52:04.612	-81.7
15:52:04.625	-78.8
15:52:04.637	-78.2
15:52:04.645	-77.8
15:52:04.657	-75.8
15:52:04.670	-72.9
15:52:04.682	-69.8
15:52:04.690	-68.1
15:52:04.703	-67.1
15:52:04.715	-64.3
15:52:04.723	-61.8
15:52:04.735	-62.9
15:52:04.748	-62.6
15:52:04.756	-59.6
15:52:04.768	-58.5
15:52:04.780	-58.3
15:52:04.793	-60.2
15:52:04.801	-59.1
15:52:04.813	-57.6
15:52:04.825	-57.1
15:52:04.834	-57.2
15:52:04.846	-54.5
15:52:04.858	-52.7
15:52:04.866	-53.8
15:52:04.879	-51.2
15:52:04.891	-49.3
15:52:04.899	-45.7
15:52:04.911	-44.3
15:52:04.924	-42.3
15:52:04.932	-40.8
15:52:04.944	-37.1
15:52:04.956	-35.1
15:52:04.969	-32.2
15:52:04.977	-28.4
15:52:04.989	-28.9
15:52:05.001	-25.9
15:52:05.010	-26.9
15:52:05.022	-25.0
15:52:05.034	-21.9
15:52:05.046	-19.7
15:52:05.055	-19.4
15:52:05.067	-18.1
15:52:05.079	-17.4
15:52:05.087	-16.7
15:52:05.100	-14.5
15:52:05.112	-16.0
15:52:05.120	-12.6
15:52:05.132	-11.6
15:52:05.145	-10.5
15:52:05.153	-9.8
15:52:05.165	-6.1
15:52:05.177	-3.7
15:52:05.186	-3.0
15:52:05.198	2.2
15:52:05.210	6.5
15:52:05.222	8.4
15:52:05.231	11.0
15:52:05.243	10.8
15:52:05.255	11.9
15:52:05.264	14.2
15:52:05.276	14.0
15:52:05.288	15.9
15:52:05.296	20.8
15:52:05.309	21.5
15:52:05.321	25.3
15:52:05.333	33.0
15:52:05.341	36.8
15:52:05.354	44.3
15:52:05.366	47.2
15:52:05.374	52.6
15:52:05.386	58.1
15:52:05.399	63.4
15:52:05.407	66.7
15:52:05.419	71.7
15:52:05.431	71.9
15:52:05.440	71.9
15:52:05.452	73.7
15:52:05.464	76.7
15:52:05.476	79.1
15:52:05.485	79.1
15:52:05.497	79.8
15:52:05.509	78.4
15:52:05.517	79.8
15:52:05.530	79.5
15:52:05.542	82.6
15:52:05.550	85.6
15:52:05.563	87.1
15:52:05.575	86.2
15:52:05.583	88.1
15:52:05.595	93.4
15:52:05.607	95.9
15:52:05.616	97.3
15:52:05.628	98.5
15:52:05.640	101.9
15:52:05.653	102.1
15:52:05.661	101.3
15:52:05.673	102.9
15:52:05.685	105.0
15:52:05.693	105.4
15:52:05.706	104.1
15:52:05.718	105.1
15:52:05.730	109.1
15:52:05.739	112.2
15:52:05.751	109.4
15:52:05.763	110.2
15:52:05.771	112.5
15:52:05.784	111.0
15:52:05.796	112.1
15:52:05.804	114.1
15:52:05.816	116.7
15:52:05.829	118.1
15:52:05.837	119.9
15:52:05.849	121.4
15:52:05.861	128.8
15:52:05.870	135.2
15:52:05.882	140.8
15:52:05.894	149.1
15:52:05.906	153.8
15:52:05.915	158.4
15:52:05.927	162.6
15:52:05.939	168.4
15:52:05.947	173.7
15:52:05.960	177.6
15:52:05.972	181.8
15:52:05.984	184.8
15:52:05.992	187.2
15:52:06.005	188.6
15:52:06.017	189.2
15:52:06.025	192.2
15:52:06.038	192.2
15:52:06.050	193.0
15:52:06.058	195.1
15:52:06.071	195.4
15:52:06.083	192.0
15:52:06.095	191.2
15:52:06.103	190.6
15:52:06.116	189.2
15:52:06.128	187.5
15:52:06.136	187.5
15:52:06.148	188.3
15:52:06.161	187.3
15:52:06.169	185.4
15:52:06.181	185.2
15:52:06.193	185.1
15:52:06.206	182.7
15:52:06.214	180.6
15:52:06.226	180.1
15:52:06.238	180.9
15:52:06.247	180.1
15:52:06.259	178.3
15:52:06.271	177.3
15:52:06.279	174.3
15:52:06.292	171.5
15:52:06.304	171.9
15:52:06.316	171.8
15:52:06.324	171.7
15:52:06.337	169.9
15:52:06.349	171.3
15:52:06.357	171.8
15:52:06.370	173.2
15:52:06.382	175.1
15:52:06.390	175.3
15:52:06.402	177.2
15:52:06.415	175.3
15:52:06.423	174.8
15:52:06.435	175.4
15:52:06.448	178.6
15:52:06.460	179.9
15:52:06.468	178.0
15:52:06.480	180.8
15:52:06.493	181.6
15:52:06.501	185.9
15:52:06.513	187.1
15:52:06.525	191.4
15:52:06.534	194.1
15:52:06.546	196.1
15:52:06.558	199.0
15:52:06.566	199.8
15:52:06.579	204.2
15:52:06.591	203.2
15:52:06.603	203.0
15:52:06.611	202.0
15:52:06.624	202.3
15:52:06.636	201.8
15:52:06.644	203.2
15:52:06.656	203.1
15:52:06.669	199.5
15:52:06.677	197.1
15:52:06.689	194.6
15:52:06.701	193.5
15:52:06.714	192.7
15:52:06.722	189.3
15:52:06.734	186.5
15:52:06.746	183.5
15:52:06.755	179.1
15:52:06.767	175.0
15:52:06.779	173.8
15:52:06.787	173.0
15:52:06.800	173.6
15:52:06.812	170.0
15:52:06.820	166.7
15:52:06.832	167.0
15:52:06.845	167.5
15:52:06.853	167.1
15:52:06.865	167.1
15:52:06.878	164.4
15:52:06.890	158.6
15:52:06.898	153.9
15:52:06.910	144.5
15:52:06.922	139.4
15:52:06.931	131.7
15:52:06.943	123.1
15:52:06.955	114.5
15:52:06.968	106.5
15:52:06.976	98.0
15:52:06.988	91.7
15:52:07.000	85.4
15:52:07.009	79.4
15:52:07.021	75.5
15:52:07.033	68.7
15:52:07.041	64.3
15:52:07.054	60.2
15:52:07.066	56.5
15:52:07.074	52.2
15:52:07.086	48.0
15:52:07.099	45.0
15:52:07.107	41.8
15:52:07.119	38.2
15:52:07.131	34.7
15:52:07.144	33.9
15:52:07.152	31.6
15:52:07.164	26.8
15:52:07.176	21.3
15:52:07.185	17.0
15:52:07.197	13.4
15:52:07.209	9.3
15:52:07.217	6.9
15:52:07.230	1.4
15:52:07.242	-0.2
15:52:07.254	-5.3
15:52:07.262	-9.7
15:52:07.275	-10.8
15:52:07.287	-12.5
15:52:07.295	-17.0
15:52:07.307	-20.9
15:52:07.320	-24.0
15:52:07.328	-28.6
15:52:07.340	-30.9
15:52:07.352	-36.2
15:52:07.361	-38.7
15:52:07.373	-42.3
15:52:07.385	-46.2
15:52:07.398	-49.3
15:52:07.406	-53.1
15:52:07.418	-56.1
15:52:07.430	-59.2
15:52:07.438	-60.4
15:52:07.451	-63.1
15:52:07.463	-64.6
15:52:07.471	-69.5
15:52:07.484	-72.5
15:52:07.496	-74.9
15:52:07.504	-76.9
15:52:07.516	-78.1
15:52:07.529	-80.3
15:52:07.537	-81.9
15:52:07.549	-86.1
15:52:07.561	-89.5
15:52:07.574	-99.8
15:52:07.582	-108.1
15:52:07.594	-117.5
15:52:07.606	-128.1
15:52:07.615	-138.0
15:52:07.627	-146.1
15:52:07.639	-153.5
15:52:07.651	-161.6
15:52:07.660	-168.1
15:52:07.672	-174.3
15:52:07.684	-174.1
15:52:07.692	-174.8
15:52:07.705	-172.2
15:52:07.717	-171.3
15:52:07.725	-172.1
15:52:07.737	-171.8
15:52:07.750	-172.2
15:52:07.758	-171.9
15:52:07.770	-172.3
15:52:07.782	-174.9
15:52:07.791	-177.5
15:52:07.803	-176.6
15:52:07.815	-177.6
15:52:07.827	-177.9
15:52:07.836	-178.5
15:52:07.848	-178.7
15:52:07.860	-178.6
15:52:07.868	-180.4
15:52:07.881	-179.0
15:52:07.893	-175.6
15:52:07.905	-175.2
15:52:07.913	-175.0
15:52:07.926	-173.1
15:52:07.938	-171.2
15:52:07.946	-168.8
15:52:07.959	-167.8
15:52:07.971	-167.1
15:52:07.979	-165.3
15:52:07.991	-163.8
15:52:08.004	-163.7
15:52:08.012	-161.6
15:52:08.024	-160.8
15:52:08.036	-161.1
15:52:08.049	-159.0
15:52:08.057	-156.3
15:52:08.069	-153.8
15:52:08.081	-152.3
15:52:08.090	-150.1
15:52:08.102	-150.3
15:52:08.114	-147.7
15:52:08.126	-146.1
15:52:08.135	-144.6
15:52:08.147	-142.1
15:52:08.159	-141.0
15:52:08.167	-140.0
15:52:08.180	-137.8
15:52:08.192	-135.1
15:52:08.200	-133.6
15:52:08.212	-132.9
15:52:08.225	-132.3
15:52:08.237	-129.8
15:52:08.245	-127.3
15:52:08.257	-125.1
15:52:08.270	-123.0
15:52:08.278	-121.9
15:52:08.290	-121.8
15:52:08.302	-121.7
15:52:08.311	-120.4
15:52:08.323	-117.1
15:52:08.335	-114.0
15:52:08.343	-111.6
15:52:08.356	-109.4
15:52:08.368	-109.8
15:52:08.380	-111.4
15:52:08.388	-110.1
15:52:08.401	-107.6
15:52:08.413	-105.7
15:52:08.421	-103.8
15:52:08.434	-103.6
15:52:08.446	-102.0
15:52:08.454	-102.2
15:52:08.466	-102.1
15:52:08.478	-98.9
15:52:08.487	-94.4
15:52:08.499	-90.4
15:52:08.511	-88.0
15:52:08.524	-86.8
15:52:08.532	-84.8
15:52:08.544	-81.7
15:52:08.556	-81.2
15:52:08.565	-79.9
15:52:08.577	-77.0
15:52:08.589	-75.7
15:52:08.597	-74.4
15:52:08.610	-74.5
15:52:08.622	-74.9
15:52:08.634	-72.7
15:52:08.642	-71.1
15:52:08.655	-68.5
15:52:08.667	-65.5
15:52:08.675	-64.6
15:52:08.687	-62.2
15:52:08.700	-61.5
15:52:08.708	-60.8
15:52:08.720	-59.9
15:52:08.732	-60.7
15:52:08.741	-60.2
15:52:08.753	-60.1
15:52:08.765	-61.1
15:52:08.774	-61.9
15:52:08.786	-58.4
15:52:08.798	-57.4
15:52:08.810	-54.0
15:52:08.819	-52.7
15:52:08.831	-51.5
15:52:08.843	-49.3
15:52:08.851	-48.0
15:52:08.864	-47.6
15:52:08.876	-47.0
15:52:08.888	-44.6
15:52:08.897	-44.5
15:52:08.909	-45.4
15:52:08.921	-44.7
15:52:08.929	-41.5
15:52:08.941	-38.0
15:52:08.954	-32.1
15:52:08.962	-28.9
15:52:08.974	-25.1
15:52:08.986	-20.2
15:52:08.995	-18.1
15:52:09.007	-15.6
15:52:09.019	-10.8
15:52:09.027	-9.0
15:52:09.040	-7.9
15:52:09.052	-4.7
15:52:09.064	-4.9
15:52:09.072	-4.1
15:52:09.085	-1.6
15:52:09.097	0.1
15:52:09.105	3.1
15:52:09.117	3.7
15:52:09.130	3.5
15:52:09.138	3.7
15:52:09.150	6.0
15:52:09.163	6.2
15:52:09.175	7.5
15:52:09.183	8.3
15:52:09.195	8.2
15:52:09.208	7.0
15:52:09.216	7.6
15:52:09.228	10.4
15:52:09.240	14.3
15:52:09.249	16.7
15:52:09.261	16.9
15:52:09.273	17.1
15:52:09.282	17.5
15:52:09.294	19.6
15:52:09.306	19.2
15:52:09.318	20.5
15:52:09.326	20.5
15:52:09.339	22.3
15:52:09.351	22.6
15:52:09.359	22.9
15:52:09.372	24.5
15:52:09.384	26.9
15:52:09.392	27.4
15:52:09.404	27.1
15:52:09.417	27.7
15:52:09.425	28.8
15:52:09.437	28.4
15:52:09.449	28.1
15:52:09.458	26.7
15:52:09.470	26.2
15:52:09.482	23.9
15:52:09.495	20.4
15:52:09.503	19.4
15:52:09.515	18.6
15:52:09.527	18.1
15:52:09.535	17.9
15:52:09.548	17.6
15:52:09.560	16.8
15:52:09.572	12.3
15:52:09.581	11.9
15:52:09.593	12.8
15:52:09.605	11.2
15:52:09.613	9.7
15:52:09.626	9.5
15:52:09.638	8.8
15:52:09.646	5.3
15:52:09.658	4.2
15:52:09.671	-0.5
15:52:09.679	4.2
15:52:09.691	2.4
15:52:09.703	0.7
15:52:09.712	-0.3
15:52:09.724	-2.2
15:52:09.736	-3.9
15:52:09.748	-4.4
15:52:09.757	-5.3
15:52:09.769	-8.6
15:52:09.781	-9.1
15:52:09.789	-12.8
15:52:09.802	-15.0
15:52:09.814	-17.1
15:52:09.826	-19.4
15:52:09.835	-20.6
15:52:09.847	-23.5
15:52:09.859	-25.1
15:52:09.867	-25.3
15:52:09.880	-25.5
15:52:09.892	-25.7
15:52:09.900	-26.4
15:52:09.912	-22.4
15:52:09.925	-19.2
15:52:09.933	-14.9
15:52:09.945	-9.7
15:52:09.957	-2.7
15:52:09.966	3.0
15:52:09.978	12.3
15:52:09.990	22.7
15:52:10.002	35.9
15:52:10.011	47.9
15:52:10.023	57.9
15:52:10.035	66.2
15:52:10.043	76.8
15:52:10.056	86.0
15:52:10.068	95.2
15:52:10.080	102.9
15:52:10.088	110.7
15:52:10.101	116.9
15:52:10.113	120.5
15:52:10.121	127.5
15:52:10.133	132.7
15:52:10.146	137.5
15:52:10.158	142.8
15:52:10.166	146.8
15:52:10.179	150.9
15:52:10.191	154.8
15:52:10.199	157.3
15:52:10.211	158.8
15:52:10.224	159.4
15:52:10.232	156.5
15:52:10.244	155.3
15:52:10.257	154.3
15:52:10.265	151.7
15:52:10.277	149.8
15:52:10.289	147.4
15:52:10.301	146.9
15:52:10.310	142.1
15:52:10.322	142.1
15:52:10.334	141.7
15:52:10.343	139.6
15:52:10.355	136.6
15:52:10.367	135.5
15:52:10.375	132.7
15:52:10.388	132.3
15:52:10.400	131.5
15:52:10.408	128.7
15:52:10.420	128.4
15:52:10.433	122.6
15:52:10.445	120.8
15:52:10.453	120.1
15:52:10.465	119.1
15:52:10.478	113.8
15:52:10.486	112.5
15:52:10.498	110.4
15:52:10.510	107.5
15:52:10.519	107.1
15:52:10.531	105.5
15:52:10.543	104.9
15:52:10.555	102.2
15:52:10.564	100.7
15:52:10.576	99.7
15:52:10.588	102.3
15:52:10.596	102.8
15:52:10.609	100.9
15:52:10.621	102.4
15:52:10.629	101.5
15:52:10.641	103.4
15:52:10.654	107.6
15:52:10.662	112.7
15:52:10.674	121.2
15:52:10.686	128.7
15:52:10.695	138.3
15:52:10.707	149.1
15:52:10.719	162.7
15:52:10.732	170.0
15:52:10.740	181.6
15:52:10.752	189.8
15:52:10.764	198.2
15:52:10.773	203.6
15:52:10.785	205.6
15:52:10.797	208.5
15:52:10.809	207.9
15:52:10.817	208.1
15:52:10.830	205.5
15:52:10.842	205.3
15:52:10.850	202.1
15:52:10.863	199.4
15:52:10.875	197.0
15:52:10.883	195.1
15:52:10.895	192.7
15:52:10.907	191.1
15:52:10.915	191.1
15:52:10.928	188.8
15:52:10.941	188.6
15:52:10.949	188.4
15:52:10.961	186.5
15:52:10.973	186.7
15:52:10.986	186.4
15:52:10.994	185.5
15:52:11.006	184.1
15:52:11.018	181.5
15:52:11.027	179.1
15:52:11.039	177.5
15:52:11.051	175.4
15:52:11.059	172.2
15:52:11.072	171.7
15:52:11.084	168.5
15:52:11.096	165.6
15:52:11.104	162.9
15:52:11.117	160.8
15:52:11.129	160.0
15:52:11.137	158.0
15:52:11.149	154.4
15:52:11.162	153.5
15:52:11.170	151.9
15:52:11.182	148.7
15:52:11.194	147.0
15:52:11.203	146.0
15:52:11.215	144.4
15:52:11.227	142.9
15:52:11.239	145.0
15:52:11.248	145.1
15:52:11.260	145.5
15:52:11.272	144.3
15:52:11.281	145.0
15:52:11.293	145.8
15:52:11.305	147.0
15:52:11.313	144.1
15:52:11.325	145.1
15:52:11.338	146.9
15:52:11.346	143.0
15:52:11.358	145.1
15:52:11.371	145.5
15:52:11.379	145.4
15:52:11.391	146.3
15:52:11.403	149.3
15:52:11.416	153.3
15:52:11.424	159.8
15:52:11.436	167.5
15:52:11.448	171.7
15:52:11.456	175.8
15:52:11.469	178.4
15:52:11.481	184.2
15:52:11.493	187.7
15:52:11.502	192.3
15:52:11.514	195.1
15:52:11.526	194.2
15:52:11.534	195.8
15:52:11.547	193.7
15:52:11.559	195.9
15:52:11.567	197.9
15:52:11.579	198.7
15:52:11.592	197.7
15:52:11.600	198.1
15:52:11.612	196.4
15:52:11.624	196.6
15:52:11.633	197.2
15:52:11.645	195.4
15:52:11.657	194.7
15:52:11.669	191.2
15:52:11.678	189.9
15:52:11.690	188.8
15:52:11.702	186.0
15:52:11.710	186.5
15:52:11.723	186.6
15:52:11.735	184.7
15:52:11.747	184.3
15:52:11.755	183.8
15:52:11.768	182.6
15:52:11.780	181.1
15:52:11.788	179.0
15:52:11.800	178.0
15:52:11.813	177.3
15:52:11.821	171.2
15:52:11.833	168.2
15:52:11.845	163.3
15:52:11.854	160.2
15:52:11.866	157.8
15:52:11.878	157.0
15:52:11.886	156.6
15:52:11.899	153.9
15:52:11.911	150.0
15:52:11.923	148.5
15:52:11.932	148.5
15:52:11.944	148.4
15:52:11.956	147.9
15:52:11.964	147.7
15:52:11.977	149.2
15:52:11.989	148.3
15:52:12.001	147.4
15:52:12.009	149.4
15:52:12.022	152.4
15:52:12.034	153.4
15:52:12.042	155.8
15:52:12.054	157.0
15:52:12.067	160.7
15:52:12.079	165.0
15:52:12.087	165.7
15:52:12.099	169.2
15:52:12.112	172.2
15:52:12.120	174.6
15:52:12.132	177.6
15:52:12.144	178.5
15:52:12.153	180.5
15:52:12.165	182.4
15:52:12.177	184.3
15:52:12.185	180.4
15:52:12.198	182.1
15:52:12.210	180.9
15:52:12.222	180.6
15:52:12.230	179.8
15:52:12.243	172.4
15:52:12.255	171.5
15:52:12.263	167.1
15:52:12.275	163.7
15:52:12.288	158.1
15:52:12.296	158.7
15:52:12.308	152.7
15:52:12.320	150.8
15:52:12.329	147.5
15:52:12.341	144.9
15:52:12.353	146.3
15:52:12.365	144.0
15:52:12.374	143.9
15:52:12.386	141.0
15:52:12.398	139.8
15:52:12.406	136.6
15:52:12.419	134.4
15:52:12.431	129.4
15:52:12.439	127.4
15:52:12.452	124.0
15:52:12.464	119.2
15:52:12.476	116.6
15:52:12.484	113.4
15:52:12.497	111.4
15:52:12.509	109.0
15:52:12.517	108.4
15:52:12.529	106.1
15:52:12.542	104.2
15:52:12.550	99.9
15:52:12.562	99.1
15:52:12.574	98.8
15:52:12.583	97.9
15:52:12.595	96.2
15:52:12.607	94.3
15:52:12.615	94.6
15:52:12.628	93.1
15:52:12.640	94.7
15:52:12.652	97.4
15:52:12.661	97.9
15:52:12.673	97.2
15:52:12.685	95.8
15:52:12.693	95.4
15:52:12.705	96.1
15:52:12.718	98.3
15:52:12.730	97.3
15:52:12.738	97.1
15:52:12.751	95.5
15:52:12.763	92.9
15:52:12.771	92.2
15:52:12.783	91.4
15:52:12.796	91.1
15:52:12.804	90.6
15:52:12.816	90.7
15:52:12.829	88.2
15:52:12.837	90.3
15:52:12.849	89.6
15:52:12.861	89.7
15:52:12.870	88.7
15:52:12.882	88.0
15:52:12.894	89.5
15:52:12.906	91.8
15:52:12.915	103.4
15:52:12.927	124.9
15:52:12.939	151.9
15:52:12.947	175.3
15:52:12.960	201.3
15:52:12.972	226.0
15:52:12.980	251.5
15:52:12.992	276.3
15:52:13.005	298.5
15:52:13.017	322.7
15:52:13.025	335.4
15:52:13.037	339.7
15:52:13.050	343.2
15:52:13.058	355.7
15:52:13.070	382.1
15:52:13.083	443.0
15:52:13.091	505.9
15:52:13.103	570.5
15:52:13.115	633.9
15:52:13.123	691.0
15:52:13.136	752.1
15:52:13.148	809.0
15:52:13.160	862.1
15:52:13.169	906.2
15:52:13.181	933.1
15:52:13.193	926.4
15:52:13.201	914.9
15:52:13.214	904.3
15:52:13.226	892.4
15:52:13.234	885.1
15:52:13.246	870.5
15:52:13.259	858.9
15:52:13.267	842.1
15:52:13.279	824.6
15:52:13.291	805.1
15:52:13.300	784.0
15:52:13.312	747.6
15:52:13.324	707.7
15:52:13.337	663.5
15:52:13.345	618.6
15:52:13.357	580.7
15:52:13.369	535.1
15:52:13.377	493.9
15:52:13.390	449.0
15:52:13.402	402.3
15:52:13.414	354.8
15:52:13.422	322.0
15:52:13.435	292.4
15:52:13.447	267.9
15:52:13.455	242.0
15:52:13.468	210.9
15:52:13.480	185.7
15:52:13.488	160.1
15:52:13.500	138.0
15:52:13.513	121.3
15:52:13.521	105.1
15:52:13.533	91.2
15:52:13.545	75.6
15:52:13.554	59.6
15:52:13.566	44.9
15:52:13.578	33.1
15:52:13.590	23.6
15:52:13.599	13.5
15:52:13.611	4.0
15:52:13.623	-4.7
15:52:13.631	-9.9
15:52:13.644	-16.4
15:52:13.656	-22.1
15:52:13.668	-26.9
15:52:13.676	-31.3
15:52:13.689	-35.2
15:52:13.701	-41.0
15:52:13.709	-44.3
15:52:13.721	-48.1
15:52:13.734	-53.4
15:52:13.742	-60.9
15:52:13.754	-65.8
15:52:13.766	-72.7
15:52:13.775	-76.9
15:52:13.787	-78.8
15:52:13.799	-82.9
15:52:13.807	-87.3
15:52:13.820	-92.8
15:52:13.832	-100.0
15:52:13.844	-107.1
15:52:13.853	-110.9
15:52:13.865	-117.3
15:52:13.877	-121.6
15:52:13.885	-129.3
15:52:13.898	-135.6
15:52:13.910	-142.9
15:52:13.922	-150.1
15:52:13.930	-156.7
15:52:13.943	-159.2
15:52:13.955	-160.5
15:52:13.963	-164.9
15:52:13.975	-168.3
15:52:13.988	-170.5
15:52:14.000	-170.4
15:52:14.008	-174.1
15:52:14.020	-176.6
15:52:14.033	-179.0
15:52:14.041	-181.0
15:52:14.053	-185.5
15:52:14.065	-189.9
15:52:14.074	-194.2
15:52:14.086	-198.9
15:52:14.098	-203.9
15:52:14.106	-212.0
15:52:14.119	-218.8
15:52:14.131	-227.0
15:52:14.143	-235.5
15:52:14.151	-243.7
15:52:14.164	-253.8
15:52:14.176	-265.1
15:52:14.184	-280.1
15:52:14.196	-295.5
15:52:14.209	-314.7
15:52:14.217	-330.9
15:52:14.229	-348.0
15:52:14.241	-362.5
15:52:14.250	-376.7
15:52:14.262	-392.5
15:52:14.274	-403.4
15:52:14.286	-414.7
15:52:14.295	-420.6
15:52:14.307	-423.4
15:52:14.319	-422.0
15:52:14.327	-423.9
15:52:14.340	-425.3
15:52:14.352	-428.4
15:52:14.360	-432.9
15:52:14.372	-433.5
15:52:14.385	-436.3
15:52:14.397	-439.1
15:52:14.405	-440.8
15:52:14.418	-443.7
15:52:14.430	-448.6
15:52:14.438	-450.4
15:52:14.450	-452.6
15:52:14.463	-452.3
15:52:14.471	-451.0
15:52:14.483	-453.0
15:52:14.495	-454.3
15:52:14.504	-454.3
15:52:14.516	-457.2
15:52:14.528	-459.2
15:52:14.536	-459.6
15:52:14.548	-461.6
15:52:14.560	-461.7
15:52:14.573	-463.1
15:52:14.581	-463.9
15:52:14.593	-463.9
15:52:14.605	-463.7
15:52:14.614	-463.5
15:52:14.626	-460.9
15:52:14.638	-458.4
15:52:14.650	-455.7
15:52:14.659	-453.1
15:52:14.671	-452.6
15:52:14.683	-451.1
15:52:14.691	-447.8
15:52:14.704	-444.1
15:52:14.716	-440.3
15:52:14.724	-434.4
15:52:14.736	-429.1
15:52:14.749	-424.3
15:52:14.757	-420.3
15:52:14.769	-417.2
15:52:14.781	-411.3
15:52:14.790	-403.4
15:52:14.802	-398.4
15:52:14.814	-392.5
15:52:14.826	-388.2
15:52:14.835	-383.9
15:52:14.847	-380.0
15:52:14.859	-377.2
15:52:14.868	-372.1
15:52:14.880	-364.2
15:52:14.892	-359.9
15:52:14.900	-357.9
15:52:14.913	-354.1
15:52:14.925	-351.4
15:52:14.937	-345.8
15:52:14.945	-340.4
15:52:14.958	-335.4
15:52:14.970	-331.1
15:52:14.978	-328.0
15:52:14.990	-324.2
15:52:15.003	-320.5
15:52:15.011	-315.6
15:52:15.023	-311.5
15:52:15.035	-306.2
15:52:15.044	-303.2
15:52:15.056	-299.6
15:52:15.068	-297.3
15:52:15.080	-292.9
15:52:15.089	-289.8
15:52:15.101	-288.0
15:52:15.113	-283.1
15:52:15.121	-280.6
15:52:15.134	-275.8
15:52:15.146	-273.2
15:52:15.154	-269.4
15:52:15.166	-267.7
15:52:15.179	-263.2
15:52:15.187	-261.0
15:52:15.199	-257.1
15:52:15.212	-254.3
15:52:15.220	-250.9
15:52:15.232	-246.5
15:52:15.244	-245.8
15:52:15.257	-242.6
15:52:15.265	-240.3
15:52:15.277	-236.8
15:52:15.289	-234.8
15:52:15.298	-231.1
15:52:15.310	-229.7
15:52:15.322	-226.9
15:52:15.334	-224.5
15:52:15.343	-223.3
15:52:15.355	-219.5
15:52:15.367	-217.2
15:52:15.375	-212.9
15:52:15.388	-210.3
15:52:15.400	-207.4
15:52:15.408	-204.6
15:52:15.420	-199.0
15:52:15.433	-197.3
15:52:15.441	-196.9
15:52:15.453	-193.6
15:52:15.465	-191.8
15:52:15.474	-189.2
15:52:15.486	-188.0
15:52:15.498	-186.5
15:52:15.510	-184.4
15:52:15.519	-182.3
15:52:15.531	-183.5
15:52:15.543	-180.5
15:52:15.551	-177.0
15:52:15.564	-175.3
15:52:15.576	-172.6
15:52:15.588	-171.7
15:52:15.596	-170.6
15:52:15.609	-167.1
15:52:15.621	-163.3
15:52:15.629	-161.3
15:52:15.642	-158.0
15:52:15.654	-155.9
15:52:15.662	-154.9
15:52:15.674	-154.0
15:52:15.687	-153.1
15:52:15.695	-150.3
15:52:15.707	-146.1
15:52:15.719	-143.5
15:52:15.728	-144.3
15:52:15.740	-142.8
15:52:15.752	-140.7
15:52:15.765	-138.0
15:52:15.773	-134.5
15:52:15.785	-130.8
15:52:15.797	-127.1
15:52:15.806	-124.5
15:52:15.818	-121.8
15:52:15.830	-120.3
15:52:15.838	-117.9
15:52:15.851	-115.3
15:52:15.863	-112.6
15:52:15.875	-111.3
15:52:15.883	-112.1
15:52:15.896	-109.1
15:52:15.908	-107.8
15:52:15.920	-106.5
15:52:15.928	-105.8
15:52:15.941	-105.4
15:52:15.953	-103.2
15:52:15.961	-102.1
15:52:15.973	-100.2
15:52:15.982	-99.3
15:52:15.994	-94.8
15:52:16.006	-94.5
15:52:16.018	-91.0
15:52:16.027	-89.4
15:52:16.039	-85.7
15:52:16.051	-83.0
15:52:16.059	-81.3
15:52:16.072	-77.1
15:52:16.084	-77.1
15:52:16.092	-74.5
15:52:16.104	-72.3
15:52:16.117	-72.0
15:52:16.129	-72.4
15:52:16.137	-71.9
15:52:16.149	-73.9
15:52:16.162	-75.2
15:52:16.170	-73.7
15:52:16.182	-75.3
15:52:16.194	-73.4
15:52:16.207	-73.0
15:52:16.215	-72.5
15:52:16.227	-70.7
15:52:16.239	-68.7
15:52:16.248	-66.7
15:52:16.260	-66.7
15:52:16.272	-63.0
15:52:16.280	-62.1
15:52:16.293	-59.6
15:52:16.305	-57.4
15:52:16.317	-55.3
15:52:16.325	-53.6
15:52:16.338	-51.1
15:52:16.350	-49.1
15:52:16.358	-45.2
15:52:16.371	-41.5
15:52:16.383	-39.9
15:52:16.391	-37.4
15:52:16.403	-36.0
15:52:16.416	-35.4
15:52:16.424	-33.0
15:52:16.436	-31.1
15:52:16.448	-28.0
15:52:16.457	-27.2
15:52:16.469	-26.0
15:52:16.481	-23.3
15:52:16.494	-23.0
15:52:16.502	-21.0
15:52:16.514	-19.2
15:52:16.526	-16.7
15:52:16.535	-15.5
15:52:16.547	-13.3
15:52:16.559	-13.0
15:52:16.571	-12.0
15:52:16.580	-11.7
15:52:16.592	-12.1
15:52:16.604	-9.3
15:52:16.612	-9.4
15:52:16.625	-7.9
15:52:16.637	-8.4
15:52:16.645	-8.1
15:52:16.657	-8.3
15:52:16.670	-7.2
15:52:16.678	-6.6
15:52:16.690	-5.1
15:52:16.702	-1.2
15:52:16.711	-0.1
15:52:16.723	1.6
15:52:16.735	0.1
15:52:16.747	1.3
15:52:16.756	3.2
15:52:16.768	2.4
15:52:16.780	2.9
15:52:16.789	3.3
15:52:16.801	5.7
15:52:16.813	7.6
15:52:16.821	15.3
15:52:16.834	24.1
15:52:16.846	36.9
15:52:16.858	48.8
15:52:16.866	59.4
15:52:16.879	71.7
15:52:16.891	83.0
15:52:16.899	93.5
15:52:16.911	100.5
15:52:16.924	108.1
15:52:16.932	110.0
15:52:16.944	111.2
15:52:16.957	110.4
15:52:16.965	110.3
15:52:16.977	111.8
15:52:16.989	111.5
15:52:17.002	109.1
15:52:17.010	109.9
15:52:17.022	107.8
15:52:17.035	106.6
15:52:17.043	106.6
15:52:17.055	108.3
15:52:17.067	108.7
15:52:17.075	111.1
15:52:17.088	111.4
15:52:17.100	111.4
15:52:17.108	111.7
15:52:17.120	113.9
15:52:17.133	118.2
15:52:17.141	118.3
15:52:17.153	119.2
15:52:17.166	117.6
15:52:17.178	119.3
15:52:17.186	118.9
15:52:17.198	117.9
15:52:17.211	120.3
15:52:17.219	122.9
15:52:17.231	122.0
15:52:17.243	120.0
15:52:17.256	122.0
15:52:17.264	122.9
15:52:17.276	125.2
15:52:17.288	125.0
15:52:17.297	124.0
15:52:17.309	125.6
15:52:17.321	124.4
15:52:17.330	123.4
15:52:17.342	120.9
15:52:17.354	122.7
15:52:17.362	122.1
15:52:17.374	120.9
15:52:17.387	118.0
15:52:17.395	115.9
15:52:17.407	114.9
15:52:17.419	112.9
15:52:17.432	111.7
15:52:17.440	109.9
15:52:17.452	110.1
15:52:17.464	106.7
15:52:17.473	103.4
15:52:17.485	100.6
15:52:17.497	99.3
15:52:17.510	100.2
15:52:17.518	97.0
15:52:17.530	93.1
15:52:17.542	92.1
15:52:17.550	87.7
15:52:17.563	85.5
15:52:17.575	81.8
15:52:17.583	74.8
15:52:17.596	71.6
15:52:17.608	64.9
15:52:17.616	56.3
15:52:17.628	49.9
15:52:17.641	43.5
15:52:17.649	35.1
15:52:17.661	32.3
15:52:17.673	23.7
15:52:17.686	18.0
15:52:17.694	13.5
15:52:17.706	6.8
15:52:17.719	6.2
15:52:17.727	1.7
15:52:17.739	-0.2
15:52:17.751	-4.2
15:52:17.760	-6.3
15:52:17.772	-10.7
15:52:17.784	-12.2
15:52:17.792	-16.3
15:52:17.805	-17.6
15:52:17.817	-19.5
15:52:17.829	-25.1
15:52:17.837	-27.9
15:52:17.850	-30.3
15:52:17.862	-33.2
15:52:17.870	-39.2
15:52:17.882	-43.4
15:52:17.895	-46.6
15:52:17.903	-46.1
15:52:17.915	-48.6
15:52:17.928	-50.5
15:52:17.940	-51.7
15:52:17.948	-53.9
15:52:17.960	-56.1
15:52:17.973	-57.0
15:52:17.981	-57.5
15:52:17.993	-57.8
15:52:18.005	-60.6
15:52:18.014	-62.6
15:52:18.026	-64.4
15:52:18.038	-66.9
15:52:18.050	-68.4
15:52:18.059	-67.6
15:52:18.071	-70.2
15:52:18.083	-71.6
15:52:18.091	-73.9
15:52:18.104	-76.4
15:52:18.116	-76.9
15:52:18.128	-77.5
15:52:18.136	-77.6
15:52:18.149	-78.2
15:52:18.161	-79.4
15:52:18.169	-83.3
15:52:18.182	-86.9
15:52:18.194	-91.4
15:52:18.202	-92.4
15:52:18.214	-96.6
15:52:18.227	-100.0
15:52:18.239	-106.2
15:52:18.247	-109.9
15:52:18.259	-111.6
15:52:18.272	-118.7
15:52:18.280	-123.0
15:52:18.292	-125.9
15:52:18.304	-127.5
15:52:18.313	-130.0
15:52:18.325	-131.1
15:52:18.337	-133.0
15:52:18.345	-133.8
15:52:18.358	-134.1
15:52:18.370	-136.9
15:52:18.378	-136.0
15:52:18.390	-136.7
15:52:18.403	-138.2
15:52:18.415	-136.6
15:52:18.423	-138.1
15:52:18.435	-139.5
15:52:18.448	-138.7
15:52:18.456	-136.8
15:52:18.468	-138.6
15:52:18.480	-139.2
15:52:18.493	-138.9
15:52:18.501	-135.9
15:52:18.513	-133.9
15:52:18.525	-133.8
15:52:18.534	-132.3
15:52:18.546	-131.0
15:52:18.558	-131.1
15:52:18.566	-133.1
15:52:18.579	-131.5
15:52:18.591	-130.7
15:52:18.599	-129.3
15:52:18.611	-131.0
15:52:18.624	-132.0
15:52:18.632	-134.2
15:52:18.644	-136.8
15:52:18.657	-137.8
15:52:18.669	-139.3
15:52:18.677	-139.5
15:52:18.689	-141.6
15:52:18.702	-144.3
15:52:18.710	-146.5
15:52:18.722	-146.1
15:52:18.734	-145.7
15:52:18.743	-143.7
15:52:18.755	-142.1
15:52:18.767	-140.4
15:52:18.779	-138.7
15:52:18.788	-138.1
15:52:18.800	-136.4
15:52:18.812	-134.1
15:52:18.820	-131.5
15:52:18.833	-130.7
15:52:18.845	-131.0
15:52:18.853	-133.1
15:52:18.865	-130.6
15:52:18.878	-130.4
15:52:18.886	-129.1
15:52:18.898	-125.8
15:52:18.910	-125.7
15:52:18.923	-124.7
15:52:18.931	-125.4
15:52:18.943	-125.3
15:52:18.955	-125.4
15:52:18.964	-123.2
15:52:18.976	-123.3
15:52:18.988	-123.1
15:52:18.996	-122.1
15:52:19.009	-124.2
15:52:19.021	-123.6
15:52:19.029	-124.6
15:52:19.041	-124.4
15:52:19.054	-122.9
15:52:19.062	-119.4
15:52:19.074	-118.6
15:52:19.086	-118.6
15:52:19.099	-118.9
15:52:19.107	-119.4
15:52:19.119	-118.4
15:52:19.132	-118.1
15:52:19.140	-114.3
15:52:19.152	-114.4
15:52:19.164	-115.7
15:52:19.177	-117.1
15:52:19.185	-117.7
15:52:19.197	-115.8
15:52:19.209	-115.2
15:52:19.218	-113.2
15:52:19.230	-113.8
15:52:19.242	-113.3
15:52:19.250	-115.1
15:52:19.263	-111.9
15:52:19.275	-112.7
15:52:19.283	-111.7
15:52:19.295	-110.0
15:52:19.308	-110.5
15:52:19.316	-107.2
15:52:19.328	-107.8
15:52:19.340	-104.9
15:52:19.353	-104.3
15:52:19.361	-103.5
15:52:19.373	-103.0
15:52:19.385	-100.2
15:52:19.394	-99.3
15:52:19.406	-98.4
15:52:19.418	-97.2
15:52:19.430	-97.1
15:52:19.439	-95.5
15:52:19.451	-96.5
15:52:19.463	-94.9
15:52:19.471	-94.5
15:52:19.484	-95.8
15:52:19.496	-94.3
15:52:19.504	-93.7
15:52:19.516	-90.0
15:52:19.529	-89.6
15:52:19.537	-89.7
15:52:19.549	-90.6
15:52:19.562	-88.6
15:52:19.570	-88.7
15:52:19.582	-88.4
15:52:19.594	-86.6
15:52:19.607	-87.1
15:52:19.615	-87.6
15:52:19.627	-90.5
15:52:19.639	-90.3
15:52:19.647	-88.9
15:52:19.660	-87.8
15:52:19.672	-89.0
15:52:19.680	-89.2
15:52:19.692	-87.8
15:52:19.705	-89.0
15:52:19.713	-87.4
15:52:19.725	-84.5
15:52:19.738	-83.2
15:52:19.750	-81.9
15:52:19.758	-81.4
15:52:19.770	-80.5
15:52:19.783	-80.8
15:52:19.791	-78.1
15:52:19.803	-77.1
15:52:19.815	-73.4
15:52:19.824	-71.4
15:52:19.836	-69.0
15:52:19.848	-65.4
15:52:19.860	-61.3
15:52:19.869	-58.1
15:52:19.881	-56.1
15:52:19.893	-52.7
15:52:19.901	-52.6
15:52:19.914	-49.8
15:52:19.926	-48.7
15:52:19.934	-48.0
15:52:19.946	-49.0
15:52:19.959	-49.2
15:52:19.967	-50.1
15:52:19.979	-49.2
15:52:19.991	-48.6
15:52:20.000	-45.2
15:52:20.012	-40.8
15:52:20.024	-40.5
15:52:20.036	-40.4
15:52:20.049	-40.6
15:52:20.057	-39.2
15:52:20.069	-39.4
15:52:20.081	-39.3
15:52:20.090	-41.6
15:52:20.102	-40.3
15:52:20.114	-40.3
15:52:20.122	-41.6
15:52:20.135	-41.3
15:52:20.147	-40.9
15:52:20.159	-38.4
15:52:20.168	-37.2
15:52:20.180	-37.7
15:52:20.192	-37.5
15:52:20.200	-35.0
15:52:20.213	-34.6
15:52:20.225	-34.2
15:52:20.233	-34.2
15:52:20.245	-33.2
15:52:20.258	-32.5
15:52:20.266	-33.7
15:52:20.278	-32.5
15:52:20.291	-29.9
15:52:20.299	-29.7
15:52:20.311	-30.0
15:52:20.323	-29.1
15:52:20.336	-29.4
15:52:20.344	-29.5
15:52:20.356	-30.4
15:52:20.368	-28.8
15:52:20.377	-27.7
15:52:20.389	-28.9
15:52:20.401	-27.5
15:52:20.413	-26.9
15:52:20.422	-26.5
15:52:20.434	-25.2
15:52:20.446	-24.0
15:52:20.454	-24.0
15:52:20.467	-21.6
15:52:20.479	-22.6
15:52:20.487	-20.5
15:52:20.499	-17.0
15:52:20.512	-19.2
15:52:20.520	-18.1
15:52:20.532	-18.2
15:52:20.544	-19.6
15:52:20.553	-20.4
15:52:20.565	-17.0
15:52:20.577	-16.7
15:52:20.589	-15.6
15:52:20.598	-16.4
15:52:20.610	-18.1
15:52:20.622	-15.5
15:52:20.630	-15.9
15:52:20.643	-12.8
15:52:20.655	-12.3
15:52:20.663	-11.6
15:52:20.675	-11.5
15:52:20.688	-10.5
15:52:20.700	-6.9
15:52:20.708	-5.3
15:52:20.721	-4.1
15:52:20.733	-3.6
15:52:20.741	-3.1
15:52:20.753	-3.2
15:52:20.766	-0.9
15:52:20.774	1.0
15:52:20.786	1.7
15:52:20.798	3.5
15:52:20.806	3.2
15:52:20.819	5.9
15:52:20.831	7.3
15:52:20.843	10.0
15:52:20.852	13.3
15:52:20.864	13.4
15:52:20.876	13.0
15:52:20.884	12.2
15:52:20.897	12.6
15:52:20.909	10.7
15:52:20.917	10.2
15:52:20.929	9.4
15:52:20.942	7.3
15:52:20.950	4.7
15:52:20.962	4.1
15:52:20.974	4.1
15:52:20.983	3.3
15:52:20.995	3.5
15:52:21.007	1.5
15:52:21.019	1.6
15:52:21.028	0.0
15:52:21.040	-3.5
15:52:21.052	-2.9
15:52:21.061	-4.3
15:52:21.073	-5.6
15:52:21.085	-7.3
15:52:21.097	-7.3
15:52:21.105	-9.9
15:52:21.118	-10.7
15:52:21.130	-12.4
15:52:21.138	-12.0
15:52:21.150	-11.5
15:52:21.163	-11.5
15:52:21.171	-11.3
15:52:21.183	-14.3
15:52:21.196	-14.7
15:52:21.204	-17.4
15:52:21.216	-15.4
15:52:21.228	-14.0
15:52:21.237	-11.8
15:52:21.249	-13.0
15:52:21.261	-13.8
15:52:21.273	-17.3
15:52:21.281	-18.2
15:52:21.294	-18.0
15:52:21.306	-18.3
15:52:21.314	-16.3
15:52:21.327	-16.8
15:52:21.339	-15.4
15:52:21.351	-17.3
15:52:21.359	-14.9
15:52:21.372	-15.1
15:52:21.384	-12.6
15:52:21.392	-11.8
15:52:21.404	-6.9
15:52:21.417	-4.8
15:52:21.425	-4.8
15:52:21.437	-3.8
15:52:21.449	-4.5
15:52:21.458	-3.4
15:52:21.470	-3.4
15:52:21.482	-0.6
15:52:21.490	1.3
15:52:21.503	1.6
15:52:21.515	-0.5
15:52:21.527	0.4
15:52:21.535	3.2
15:52:21.548	4.0
15:52:21.560	7.1
15:52:21.568	15.8
15:52:21.580	24.9
15:52:21.593	32.4
15:52:21.601	39.0
15:52:21.613	48.5
15:52:21.625	56.1
15:52:21.634	64.0
15:52:21.646	70.0
15:52:21.658	79.4
15:52:21.671	83.4
15:52:21.679	84.8
15:52:21.691	83.2
15:52:21.703	84.1
15:52:21.711	86.6
15:52:21.724	87.9
15:52:21.736	90.0
15:52:21.744	89.8
15:52:21.757	92.2
15:52:21.769	93.5
15:52:21.781	95.8
15:52:21.789	97.7
15:52:21.802	103.6
15:52:21.814	105.3
15:52:21.826	105.8
15:52:21.834	105.2
15:52:21.847	103.0
15:52:21.859	105.1
15:52:21.867	105.9
15:52:21.879	105.1
15:52:21.892	107.1
15:52:21.900	104.9
15:52:21.912	98.9
15:52:21.920	97.5
15:52:21.933	96.9
15:52:21.945	97.7
15:52:21.957	100.3
15:52:21.969	100.5
15:52:21.978	100.2
15:52:21.990	98.4
15:52:22.002	96.3
15:52:22.010	98.1
15:52:22.023	99.4
15:52:22.035	99.0
15:52:22.043	99.6
15:52:22.055	99.5
15:52:22.068	99.4
15:52:22.080	98.4
15:52:22.088	99.3
15:52:22.100	103.3
15:52:22.113	104.8
15:52:22.121	103.8
15:52:22.133	105.3
15:52:22.145	104.6
15:52:22.154	104.3
15:52:22.166	104.6
15:52:22.178	103.5
15:52:22.186	103.7
15:52:22.199	101.5
15:52:22.211	98.0
15:52:22.219	96.9
15:52:22.232	95.6
15:52:22.244	92.8
15:52:22.256	92.4
15:52:22.265	92.0
15:52:22.277	90.7
15:52:22.289	88.7
15:52:22.297	86.9
15:52:22.310	86.3
15:52:22.322	83.2
15:52:22.334	80.8
15:52:22.342	78.6
15:52:22.355	78.0
15:52:22.367	78.3
15:52:22.375	76.0
15:52:22.387	72.4
15:52:22.400	74.8
15:52:22.408	73.7
15:52:22.420	72.1
15:52:22.432	73.3
15:52:22.441	73.8
15:52:22.453	72.5
15:52:22.465	73.4
15:52:22.473	71.6
15:52:22.486	70.5
15:52:22.498	71.1
15:52:22.510	67.8
15:52:22.518	68.4
15:52:22.531	66.4
15:52:22.543	64.6
15:52:22.551	60.9
15:52:22.563	62.4
15:52:22.576	60.9
15:52:22.584	61.6
15:52:22.596	62.3
15:52:22.608	60.3
15:52:22.621	58.8
15:52:22.629	57.2
15:52:22.641	57.9
15:52:22.654	58.8
15:52:22.662	60.0
15:52:22.674	59.3
15:52:22.686	58.0
15:52:22.695	55.4
15:52:22.707	54.2
15:52:22.719	58.7
15:52:22.727	59.7
15:52:22.740	60.1
15:52:22.752	61.8
15:52:22.764	61.1
15:52:22.772	62.3
15:52:22.785	61.2
15:52:22.797	60.5
15:52:22.805	61.6
15:52:22.817	61.5
15:52:22.830	57.8
15:52:22.838	57.9
15:52:22.850	56.2
15:52:22.863	53.2
15:52:22.871	52.4
15:52:22.883	48.8
15:52:22.895	49.0
15:52:22.903	47.3
15:52:22.916	44.5
15:52:22.928	44.2
15:52:22.940	44.2
15:52:22.948	42.0
15:52:22.961	41.5
15:52:22.973	42.8
15:52:22.981	40.7
15:52:22.993	42.1
15:52:23.006	38.8
15:52:23.018	38.8
15:52:23.026	38.7
15:52:23.038	38.1
15:52:23.051	36.4
15:52:23.059	37.9
15:52:23.071	37.5
15:52:23.083	35.9
15:52:23.092	37.0
15:52:23.104	36.6
15:52:23.116	38.4
15:52:23.124	38.7
15:52:23.137	41.4
15:52:23.149	38.8
15:52:23.157	40.8
15:52:23.169	39.4
15:52:23.182	40.5
15:52:23.194	40.9
15:52:23.202	41.1
15:52:23.215	38.3
15:52:23.227	38.9
15:52:23.235	39.0
15:52:23.247	39.0
15:52:23.260	42.9
15:52:23.272	40.9
15:52:23.281	41.9
15:52:23.293	40.1
15:52:23.305	42.2
15:52:23.313	40.9
15:52:23.326	44.0
15:52:23.338	43.4
15:52:23.346	42.7
15:52:23.358	41.9
15:52:23.371	40.1
15:52:23.379	41.2
15:52:23.391	39.8
15:52:23.403	41.5
15:52:23.412	39.7
15:52:23.424	38.3
15:52:23.436	38.5
15:52:23.449	39.0
15:52:23.457	40.1
15:52:23.469	40.4
15:52:23.481	41.8
15:52:23.489	60.9
15:52:23.502	84.6
15:52:23.514	105.3
15:52:23.522	127.5
15:52:23.535	151.8
15:52:23.547	170.7
15:52:23.555	193.1
15:52:23.567	215.3
15:52:23.580	234.7
15:52:23.592	254.2
15:52:23.600	252.7
15:52:23.612	250.6
15:52:23.625	248.2
15:52:23.633	246.1
15:52:23.645	246.9
15:52:23.657	249.1
15:52:23.666	249.3
15:52:23.678	250.0
15:52:23.690	252.3
15:52:23.702	252.5
15:52:23.711	255.8
15:52:23.723	257.3
15:52:23.735	260.0
15:52:23.747	259.6
15:52:23.756	258.5
15:52:23.768	256.8
15:52:23.780	259.7
15:52:23.788	258.4
15:52:23.801	261.9
15:52:23.813	266.6
15:52:23.821	270.5
15:52:23.834	271.3
15:52:23.846	273.3
15:52:23.854	278.0
15:52:23.866	281.4
15:52:23.879	285.3
15:52:23.891	282.5
15:52:23.899	287.1
15:52:23.911	286.3
15:52:23.924	285.8
15:52:23.932	285.6
15:52:23.944	289.2
15:52:23.956	291.0
15:52:23.965	290.9
15:52:23.977	292.2
15:52:23.989	292.8
15:52:24.001	298.6
15:52:24.010	298.6
15:52:24.022	300.2
15:52:24.034	303.9
15:52:24.042	309.2
15:52:24.055	309.9
15:52:24.067	313.2
15:52:24.075	317.3
15:52:24.087	320.9
15:52:24.100	326.4
15:52:24.108	326.8
15:52:24.120	331.6
15:52:24.132	334.1
15:52:24.141	333.7
15:52:24.153	331.9
15:52:24.165	332.6
15:52:24.177	331.8
15:52:24.186	329.9
15:52:24.198	327.8
15:52:24.210	324.2
15:52:24.218	321.4
15:52:24.231	317.5
15:52:24.243	315.0
15:52:24.255	312.1
15:52:24.264	308.1
15:52:24.276	304.8
15:52:24.288	296.0
15:52:24.296	288.2
15:52:24.309	279.4
15:52:24.321	271.5
15:52:24.329	262.6
15:52:24.341	252.7
15:52:24.354	242.3
15:52:24.362	232.9
15:52:24.374	222.6
15:52:24.387	210.4
15:52:24.395	203.4
15:52:24.407	194.1
15:52:24.419	188.2
15:52:24.432	179.8
15:52:24.440	175.2
15:52:24.452	167.9
15:52:24.465	157.5
15:52:24.473	148.4
15:52:24.485	141.4
15:52:24.497	134.8
15:52:24.506	128.9
15:52:24.518	125.2
15:52:24.530	117.7
15:52:24.542	112.9
15:52:24.551	102.4
15:52:24.563	94.0
15:52:24.575	87.2
15:52:24.583	80.2
15:52:24.596	71.4
15:52:24.608	61.7
15:52:24.616	52.1
15:52:24.628	42.3
15:52:24.640	34.4
15:52:24.648	25.6
15:52:24.660	18.7
15:52:24.673	11.8
15:52:24.685	6.3
15:52:24.693	2.1
15:52:24.705	-3.0
15:52:24.718	-5.9
15:52:24.726	-9.1
15:52:24.738	-11.6
15:52:24.750	-13.7
15:52:24.759	-14.9
15:52:24.771	-17.5
15:52:24.783	-18.3
15:52:24.792	-21.1
15:52:24.805	-26.8
15:52:24.817	-28.7
15:52:24.825	-32.3
15:52:24.837	-34.1
15:52:24.850	-38.4
15:52:24.862	-41.7
15:52:24.870	-48.4
15:52:24.882	-50.5
15:52:24.895	-53.9
15:52:24.903	-58.5
15:52:24.915	-61.6
15:52:24.928	-67.8
15:52:24.940	-73.5
15:52:24.948	-86.4
15:52:24.960	-99.8
15:52:24.973	-117.7
15:52:24.981	-133.8
15:52:24.993	-152.6
15:52:25.005	-172.5
15:52:25.013	-188.0
15:52:25.026	-203.2
15:52:25.038	-215.8
15:52:25.046	-228.2
15:52:25.059	-233.2
15:52:25.071	-236.3
15:52:25.079	-237.6
15:52:25.091	-237.7
15:52:25.104	-238.7
15:52:25.116	-237.8
15:52:25.124	-237.0
15:52:25.136	-237.8
15:52:25.149	-238.9
15:52:25.157	-237.4
15:52:25.169	-239.8
15:52:25.181	-242.0
15:52:25.194	-242.3
15:52:25.202	-242.2
15:52:25.214	-240.6
15:52:25.226	-239.2
15:52:25.235	-239.4
15:52:25.247	-239.0
15:52:25.259	-237.9
15:52:25.267	-237.9
15:52:25.280	-236.6
15:52:25.292	-233.8
15:52:25.300	-232.6
15:52:25.312	-231.5
15:52:25.325	-231.3
15:52:25.333	-231.0
15:52:25.345	-229.5
15:52:25.357	-226.9
15:52:25.370	-225.2
15:52:25.378	-223.2
15:52:25.390	-221.0
15:52:25.402	-219.2
15:52:25.411	-216.2
15:52:25.423	-213.2
15:52:25.435	-210.7
15:52:25.443	-207.2
15:52:25.456	-206.6
15:52:25.468	-204.7
15:52:25.476	-200.7
15:52:25.488	-199.5
15:52:25.501	-196.2
15:52:25.513	-195.3
15:52:25.521	-193.5
15:52:25.533	-193.2
15:52:25.546	-191.4
15:52:25.554	-189.5
15:52:25.566	-184.2
15:52:25.579	-182.0
15:52:25.587	-181.5
15:52:25.599	-176.6
15:52:25.611	-176.0
15:52:25.624	-171.3
15:52:25.632	-169.8
15:52:25.644	-168.1
15:52:25.656	-163.9
15:52:25.669	-161.7
15:52:25.677	-160.0
15:52:25.689	-157.9
15:52:25.701	-154.0
15:52:25.710	-153.8
15:52:25.722	-149.6
15:52:25.734	-148.5
15:52:25.742	-145.8
15:52:25.755	-143.5
15:52:25.767	-144.0
15:52:25.775	-142.2
15:52:25.787	-140.5
15:52:25.800	-134.7
15:52:25.812	-133.9
15:52:25.820	-131.3
15:52:25.833	-130.9
15:52:25.845	-128.9
15:52:25.853	-127.3
15:52:25.865	-123.6
15:52:25.877	-120.3
15:52:25.886	-118.5
15:52:25.898	-116.0
15:52:25.910	-115.7
15:52:25.922	-114.3
15:52:25.931	-112.2
15:52:25.943	-110.8
15:52:25.955	-110.6
15:52:25.964	-105.6
15:52:25.976	-104.4
15:52:25.988	-102.7
15:52:25.996	-100.4
15:52:26.008	-98.7
15:52:26.021	-99.4
15:52:26.029	-97.6
15:52:26.041	-99.5
15:52:26.054	-96.9
15:52:26.062	-92.6
15:52:26.074	-96.6
15:52:26.086	-92.9
15:52:26.099	-92.5
15:52:26.107	-93.1
15:52:26.119	-91.9
15:52:26.131	-89.6
15:52:26.140	-86.8
15:52:26.152	-84.0
15:52:26.164	-83.0
15:52:26.176	-82.5
15:52:26.185	-79.4
15:52:26.197	-80.2
15:52:26.209	-76.8
15:52:26.217	-73.8
15:52:26.230	-71.9
15:52:26.242	-69.8
15:52:26.250	-68.5
15:52:26.262	-66.0
15:52:26.275	-65.3
15:52:26.283	-61.4
15:52:26.295	-56.5
15:52:26.307	-52.6
15:52:26.316	-48.4
15:52:26.328	-43.1
15:52:26.340	-36.1
15:52:26.352	-30.4
15:52:26.361	-26.6
15:52:26.373	-20.9
15:52:26.385	-13.2
15:52:26.393	-9.8
15:52:26.406	-7.6
15:52:26.418	-2.6
15:52:26.426	-1.1
15:52:26.438	1.7
15:52:26.451	4.5
15:52:26.463	7.7
15:52:26.471	9.9
15:52:26.483	11.0
15:52:26.496	12.4
15:52:26.504	11.4
15:52:26.516	13.8
15:52:26.528	10.9
15:52:26.537	13.2
15:52:26.549	14.0
15:52:26.561	13.2
15:52:26.570	13.3
15:52:26.582	14.9
15:52:26.594	17.4
15:52:26.606	18.0
15:52:26.615	22.0
15:52:26.627	21.7
15:52:26.639	26.1
15:52:26.648	29.6
15:52:26.660	33.0
15:52:26.672	33.4
15:52:26.680	36.0
15:52:26.692	39.3
15:52:26.705	42.9
15:52:26.713	44.4
15:52:26.725	48.8
15:52:26.737	55.6
15:52:26.746	60.6
15:52:26.758	64.4
15:52:26.770	65.3
15:52:26.782	70.1
15:52:26.791	73.0
15:52:26.803	76.8
15:52:26.815	76.5
15:52:26.824	76.9
15:52:26.836	77.5
15:52:26.848	78.0
15:52:26.861	79.4
15:52:26.868	78.7
15:52:26.881	82.3
15:52:26.893	82.2
15:52:26.901	80.3
15:52:26.914	78.8
15:52:26.926	81.9
15:52:26.934	85.7
15:52:26.946	86.1
15:52:26.959	84.9
15:52:26.967	85.8
15:52:26.979	89.7
15:52:26.991	88.5
15:52:27.000	92.4
15:52:27.012	96.9
15:52:27.024	101.9
15:52:27.036	105.0
15:52:27.045	107.3
15:52:27.057	108.3
15:52:27.069	114.7
15:52:27.077	117.1
15:52:27.090	120.3
15:52:27.102	128.2
15:52:27.114	133.5
15:52:27.122	137.7
15:52:27.135	142.4
15:52:27.147	147.6
15:52:27.155	158.0
15:52:27.167	170.1
15:52:27.180	183.9
15:52:27.188	199.7
15:52:27.200	214.1
15:52:27.212	225.4
15:52:27.221	238.6
15:52:27.233	252.4
15:52:27.245	264.9
15:52:27.253	275.9
15:52:27.266	283.4
15:52:27.278	291.6
15:52:27.290	293.3
15:52:27.298	293.2
15:52:27.311	293.3
15:52:27.323	296.5
15:52:27.331	295.5
15:52:27.343	293.8
15:52:27.356	292.2
15:52:27.364	291.5
15:52:27.376	291.2
15:52:27.388	287.6
15:52:27.397	286.3
15:52:27.409	284.1
15:52:27.421	281.6
15:52:27.434	277.2
15:52:27.442	274.3
15:52:27.454	273.2
15:52:27.466	269.5
15:52:27.475	266.8
15:52:27.487	264.5
15:52:27.499	261.7
15:52:27.507	257.1
15:52:27.520	252.0
15:52:27.532	246.7
15:52:27.544	241.6
15:52:27.552	235.6
15:52:27.565	229.0
15:52:27.577	225.2
15:52:27.585	217.9
15:52:27.597	208.3
15:52:27.610	198.3
15:52:27.622	191.2
15:52:27.630	184.0
15:52:27.642	174.6
15:52:27.655	165.4
15:52:27.663	154.7
15:52:27.675	144.9
15:52:27.687	132.5
15:52:27.696	122.7
15:52:27.708	113.6
15:52:27.720	106.0
15:52:27.728	95.9
15:52:27.741	89.3
15:52:27.753	83.3
15:52:27.761	77.5
15:52:27.773	72.6
15:52:27.786	67.6
15:52:27.798	63.0
15:52:27.806	59.0
15:52:27.818	56.8
15:52:27.831	53.4
15:52:27.839	48.9
15:52:27.851	42.5
15:52:27.863	37.5
15:52:27.876	31.7
15:52:27.884	26.8
15:52:27.896	20.7
15:52:27.908	18.0
15:52:27.917	13.4
15:52:27.929	6.8
15:52:27.937	2.3
15:52:27.950	-3.3
15:52:27.962	-7.9
15:52:27.974	-13.0
15:52:27.982	-19.4
15:52:27.995	-23.0
15:52:28.007	-27.5
15:52:28.019	-33.5
15:52:28.027	-37.5
15:52:28.040	-40.9
15:52:28.052	-44.9
15:52:28.060	-49.0
15:52:28.072	-55.5
15:52:28.085	-67.5
15:52:28.097	-79.1
15:52:28.105	-94.2
15:52:28.117	-107.0
15:52:28.130	-121.6
15:52:28.138	-137.0
15:52:28.151	-150.6
15:52:28.163	-164.5
15:52:28.171	-177.1
15:52:28.183	-187.1
15:52:28.196	-190.5
15:52:28.204	-192.8
15:52:28.216	-193.6
15:52:28.229	-194.6
15:52:28.237	-195.5
15:52:28.249	-196.4
15:52:28.261	-200.7
15:52:28.274	-202.4
15:52:28.282	-204.0
15:52:28.294	-205.8
15:52:28.306	-209.1
15:52:28.315	-212.5
15:52:28.327	-217.7
15:52:28.339	-224.4
15:52:28.347	-230.8
15:52:28.360	-236.9
15:52:28.372	-242.0
15:52:28.384	-248.4
15:52:28.392	-254.8
15:52:28.405	-260.0
15:52:28.417	-267.0
15:52:28.425	-273.1
15:52:28.437	-275.5
15:52:28.450	-277.8
15:52:28.458	-278.6
15:52:28.470	-279.1
15:52:28.483	-278.8
15:52:28.491	-279.9
15:52:28.503	-279.0
15:52:28.515	-280.7
15:52:28.527	-281.6
15:52:28.536	-286.2
15:52:28.548	-291.9
15:52:28.560	-295.6
15:52:28.569	-300.5
15:52:28.580	-305.4
15:52:28.593	-311.2
15:52:28.601	-311.9
15:52:28.614	-318.1
15:52:28.626	-320.1
15:52:28.634	-322.1
15:52:28.646	-319.8
15:52:28.659	-318.0
15:52:28.667	-317.4
15:52:28.679	-316.6
15:52:28.691	-316.2
15:52:28.704	-315.3
15:52:28.712	-319.5
15:52:28.724	-318.2
15:52:28.736	-320.9
15:52:28.745	-321.1
15:52:28.757	-323.5
15:52:28.769	-324.2
15:52:28.782	-323.6
15:52:28.790	-324.4
15:52:28.802	-323.6
15:52:28.814	-325.1
15:52:28.822	-323.6
15:52:28.835	-322.4
15:52:28.847	-319.4
15:52:28.855	-317.3
15:52:28.867	-312.9
15:52:28.880	-311.2
15:52:28.888	-310.4
15:52:28.900	-305.9
15:52:28.913	-303.8
15:52:28.921	-299.7
15:52:28.933	-298.5
15:52:28.945	-298.0
15:52:28.958	-296.2
15:52:28.966	-294.6
15:52:28.978	-293.3
15:52:28.990	-290.9
15:52:28.999	-287.8
15:52:29.011	-286.2
15:52:29.023	-284.1
15:52:29.036	-280.7
15:52:29.044	-273.7
15:52:29.056	-268.5
15:52:29.068	-265.2
15:52:29.076	-262.6
15:52:29.089	-259.0
15:52:29.101	-255.3
15:52:29.108	-253.3
15:52:29.121	-251.9
15:52:29.133	-247.4
15:52:29.141	-245.6
15:52:29.153	-246.0
15:52:29.166	-245.2
15:52:29.174	-242.8
15:52:29.186	-239.4
15:52:29.198	-236.6
15:52:29.211	-234.2
15:52:29.219	-229.5
15:52:29.231	-226.7
15:52:29.243	-225.8
15:52:29.252	-222.7
15:52:29.264	-218.4
15:52:29.276	-212.7
15:52:29.285	-210.0
15:52:29.297	-207.3
15:52:29.309	-205.9
15:52:29.317	-203.1
15:52:29.329	-200.9
15:52:29.342	-195.7
15:52:29.354	-192.2
15:52:29.362	-188.9
15:52:29.375	-188.2
15:52:29.387	-186.6
15:52:29.395	-184.0
15:52:29.408	-181.6
15:52:29.420	-179.1
15:52:29.428	-177.5
15:52:29.440	-174.7
15:52:29.453	-173.7
15:52:29.465	-171.1
15:52:29.473	-170.3
15:52:29.485	-166.0
15:52:29.498	-165.8
15:52:29.506	-164.0
15:52:29.518	-162.8
15:52:29.530	-160.5
15:52:29.539	-158.9
15:52:29.551	-159.3
15:52:29.563	-156.9
15:52:29.575	-156.9
15:52:29.584	-154.0
15:52:29.596	-153.2
15:52:29.608	-151.4
15:52:29.617	-148.8
15:52:29.629	-146.7
15:52:29.641	-143.2
15:52:29.653	-142.0
15:52:29.662	-140.1
15:52:29.674	-141.6
15:52:29.686	-139.9
15:52:29.694	-139.0
15:52:29.707	-136.6
15:52:29.719	-134.3
15:52:29.727	-135.9
15:52:29.739	-132.9
15:52:29.752	-132.5
15:52:29.764	-130.6
15:52:29.772	-126.8
15:52:29.785	-123.3
15:52:29.797	-121.8
15:52:29.805	-118.7
15:52:29.817	-119.1
15:52:29.830	-117.6
15:52:29.838	-113.7
15:52:29.850	-113.1
15:52:29.863	-112.6
15:52:29.871	-112.1
15:52:29.883	-112.0
15:52:29.895	-111.3
15:52:29.903	-111.5
15:52:29.916	-111.9
15:52:29.928	-110.2
15:52:29.940	-109.1
15:52:29.948	-107.5
15:52:29.961	-106.7
15:52:29.973	-104.0
15:52:29.981	-99.8
15:52:29.993	-97.7
15:52:30.006	-95.2
15:52:30.018	-91.0
15:52:30.026	-90.4
15:52:30.038	-89.7
15:52:30.051	-88.4
15:52:30.059	-87.2
15:52:30.071	-85.5
15:52:30.083	-86.4
15:52:30.092	-84.3
15:52:30.104	-83.9
15:52:30.116	-84.0
15:52:30.124	-86.3
15:52:30.137	-85.4
15:52:30.149	-81.9
15:52:30.157	-80.4
15:52:30.169	-79.2
15:52:30.182	-79.8
15:52:30.194	-80.8
15:52:30.202	-83.4
15:52:30.215	-83.0
15:52:30.227	-81.7
15:52:30.235	-78.9
15:52:30.247	-78.7
15:52:30.260	-80.3
15:52:30.268	-80.7
15:52:30.280	-81.2
15:52:30.292	-80.2
15:52:30.305	-77.2
15:52:30.313	-76.5
15:52:30.325	-75.3
15:52:30.338	-74.7
15:52:30.346	-71.4
15:52:30.358	-67.5
15:52:30.370	-66.9
15:52:30.378	-64.9
15:52:30.391	-63.1
15:52:30.403	-61.4
15:52:30.411	-60.2
15:52:30.424	-58.7
15:52:30.436	-59.9
15:52:30.448	-60.3
15:52:30.456	-61.5
15:52:30.469	-63.0
15:52:30.481	-61.0
15:52:30.489	-60.0
15:52:30.501	-59.7
15:52:30.514	-59.2
15:52:30.522	-57.1
15:52:30.534	-57.2
15:52:30.546	-53.7
15:52:30.555	-52.6
15:52:30.567	-52.7
15:52:30.579	-52.7
15:52:30.587	-51.5
15:52:30.600	-51.6
15:52:30.612	-50.6
15:52:30.624	-49.8
15:52:30.632	-49.5
15:52:30.645	-48.9
15:52:30.657	-50.5
15:52:30.665	-49.5
15:52:30.677	-49.7
15:52:30.690	-48.0
15:52:30.702	-46.2
15:52:30.710	-44.7
15:52:30.722	-44.7
15:52:30.735	-44.1
15:52:30.743	-44.8
15:52:30.755	-44.5
15:52:30.768	-43.3
15:52:30.776	-41.6
15:52:30.788	-39.5
15:52:30.800	-39.0
15:52:30.809	-41.2
15:52:30.821	-42.0
15:52:30.833	-43.0
15:52:30.841	-42.9
15:52:30.854	-42.0
15:52:30.866	-40.4
15:52:30.878	-39.7
15:52:30.887	-40.9
15:52:30.899	-41.1
15:52:30.911	-39.9
15:52:30.919	-38.9
15:52:30.932	-39.5
15:52:30.944	-39.3
15:52:30.956	-39.0
15:52:30.964	-37.9
15:52:30.977	-37.2
15:52:30.989	-37.8
15:52:30.997	-35.9
15:52:31.009	-33.5
15:52:31.022	-33.3
15:52:31.030	-33.5
15:52:31.042	-28.9
15:52:31.054	-26.2
15:52:31.063	-26.6
15:52:31.075	-27.0
15:52:31.087	-26.5
15:52:31.095	-25.5
15:52:31.108	-26.0
15:52:31.120	-24.7
15:52:31.132	-23.9
15:52:31.140	-22.1
15:52:31.153	-24.9
15:52:31.165	-24.4
15:52:31.173	-23.4
15:52:31.185	-23.4
15:52:31.198	-23.8
15:52:31.206	-22.9
15:52:31.218	-20.8
15:52:31.230	-21.3
15:52:31.239	-17.0
15:52:31.251	-15.6
15:52:31.263	-13.8
15:52:31.275	-13.4
15:52:31.284	-10.4
15:52:31.296	-10.4
15:52:31.308	-8.5
15:52:31.316	-8.0
15:52:31.329	-7.0
15:52:31.341	-7.3
15:52:31.349	-10.0
15:52:31.362	-9.7
15:52:31.374	-9.2
15:52:31.386	-8.7
15:52:31.394	-8.5
15:52:31.407	-5.9
15:52:31.419	-5.6
15:52:31.427	-3.6
15:52:31.439	-2.3
15:52:31.452	-0.2
15:52:31.460	3.7
15:52:31.472	7.3
15:52:31.485	12.0
15:52:31.493	16.2
15:52:31.505	20.8
15:52:31.517	24.5
15:52:31.526	29.7
15:52:31.538	37.2
15:52:31.550	42.1
15:52:31.562	45.9
15:52:31.571	48.7
15:52:31.583	51.4
15:52:31.595	54.8
15:52:31.603	60.7
15:52:31.616	65.9
15:52:31.628	73.7
15:52:31.640	81.0
15:52:31.648	84.7
15:52:31.661	91.3
15:52:31.673	99.8
15:52:31.685	108.2
15:52:31.693	115.5
15:52:31.706	119.6
15:52:31.718	123.5
15:52:31.726	124.4
15:52:31.738	127.1
15:52:31.751	129.4
15:52:31.759	132.5
15:52:31.771	137.9
15:52:31.783	146.0
15:52:31.792	152.4
15:52:31.804	159.6
15:52:31.816	168.8
15:52:31.824	176.8
15:52:31.837	187.0
15:52:31.849	193.5
15:52:31.861	199.5
15:52:31.869	206.9
15:52:31.882	209.1
15:52:31.894	208.3
15:52:31.902	208.0
15:52:31.915	207.6
15:52:31.927	207.1
15:52:31.939	205.2
15:52:31.947	204.2
15:52:31.960	202.9
15:52:31.972	202.7
15:52:31.980	200.6
15:52:31.993	198.6
15:52:32.005	197.7
15:52:32.013	196.8
15:52:32.025	193.9
15:52:32.038	192.3
15:52:32.046	192.2
15:52:32.058	191.5
15:52:32.070	189.9
15:52:32.079	189.4
15:52:32.091	187.7
15:52:32.103	186.1
15:52:32.115	181.3
15:52:32.124	181.1
15:52:32.136	181.4
15:52:32.148	181.5
15:52:32.156	178.5
15:52:32.169	176.3
15:52:32.181	177.0
15:52:32.189	176.5
15:52:32.201	175.6
15:52:32.214	174.1
15:52:32.226	178.5
15:52:32.234	175.8
15:52:32.246	176.4
15:52:32.259	177.7
15:52:32.267	180.3
15:52:32.279	185.6
15:52:32.292	186.8
15:52:32.300	189.9
15:52:32.312	193.6
15:52:32.324	197.3
15:52:32.332	197.2
15:52:32.345	198.7
15:52:32.357	199.5
15:52:32.369	199.7
15:52:32.378	200.7
15:52:32.390	196.9
15:52:32.402	197.1
15:52:32.410	197.0
15:52:32.423	196.0
15:52:32.435	197.7
15:52:32.443	198.6
15:52:32.455	199.7
15:52:32.468	200.3
15:52:32.476	200.5
15:52:32.488	199.5
15:52:32.500	200.8
15:52:32.509	200.8
15:52:32.521	196.6
15:52:32.533	194.8
15:52:32.545	192.7
15:52:32.554	190.2
15:52:32.566	188.9
15:52:32.578	186.2
15:52:32.586	182.2
15:52:32.599	182.2
15:52:32.611	180.9
15:52:32.623	177.0
15:52:32.631	174.5
15:52:32.644	174.4
15:52:32.656	172.6
15:52:32.664	172.4
15:52:32.676	171.7
15:52:32.689	170.8
15:52:32.697	173.1
15:52:32.709	171.4
15:52:32.721	169.5
15:52:32.730	170.7
15:52:32.742	170.9
15:52:32.754	169.8
15:52:32.763	165.5
15:52:32.775	164.0
15:52:32.787	161.4
15:52:32.799	161.7
15:52:32.807	159.3
15:52:32.820	160.7
15:52:32.832	159.9
15:52:32.840	157.1
15:52:32.853	155.5
15:52:32.865	153.8
15:52:32.877	155.8
15:52:32.885	153.9
15:52:32.898	153.6
15:52:32.910	152.6
15:52:32.918	153.0
15:52:32.930	149.8
15:52:32.943	148.2
15:52:32.951	148.1
15:52:32.963	147.6
15:52:32.975	144.8
15:52:32.984	143.2
15:52:32.996	141.0
15:52:33.008	138.9
15:52:33.016	135.4
15:52:33.029	131.3
15:52:33.041	127.9
15:52:33.053	125.3
15:52:33.061	123.8
15:52:33.074	121.2
15:52:33.086	119.9
15:52:33.094	117.2
15:52:33.107	114.4
15:52:33.119	111.4
15:52:33.127	108.4
15:52:33.139	104.9
15:52:33.151	101.7
15:52:33.160	99.1
15:52:33.172	95.6
15:52:33.184	93.9
15:52:33.197	91.9
15:52:33.205	88.9
15:52:33.217	87.3
15:52:33.229	83.3
15:52:33.237	81.9
15:52:33.250	80.0
15:52:33.262	76.7
15:52:33.270	72.6
15:52:33.283	68.1
15:52:33.295	65.5
15:52:33.307	61.0
15:52:33.315	56.9
15:52:33.328	51.7
15:52:33.340	49.8
15:52:33.348	44.2
15:52:33.360	38.8
15:52:33.373	35.5
15:52:33.381	32.7
15:52:33.393	29.3
15:52:33.405	22.3
15:52:33.414	15.8
15:52:33.426	10.2
15:52:33.438	9.6
15:52:33.446	5.0
15:52:33.459	3.4
15:52:33.471	0.2
15:52:33.483	-1.5
15:52:33.491	-6.0
15:52:33.504	-8.1
15:52:33.516	-10.4
15:52:33.524	-10.9
15:52:33.536	-10.2
15:52:33.549	-15.8
15:52:33.561	-16.6
15:52:33.569	-21.6
15:52:33.581	-30.1
15:52:33.594	-37.9
15:52:33.602	-43.4
15:52:33.614	-52.2
15:52:33.626	-58.9
15:52:33.635	-64.6
15:52:33.647	-71.5
15:52:33.659	-74.8
15:52:33.667	-80.9
15:52:33.680	-85.0
15:52:33.692	-84.5
15:52:33.700	-87.3
15:52:33.712	-89.7
15:52:33.725	-89.3
15:52:33.737	-87.9
15:52:33.745	-90.7
15:52:33.757	-91.3
15:52:33.770	-93.5
15:52:33.782	-92.9
15:52:33.790	-92.6
15:52:33.803	-92.5
15:52:33.815	-90.3
15:52:33.823	-90.1
15:52:33.835	-90.8
15:52:33.848	-92.5
15:52:33.860	-91.9
15:52:33.868	-94.4
15:52:33.880	-94.8
15:52:33.893	-97.2
15:52:33.901	-100.8
15:52:33.913	-103.9
15:52:33.925	-108.4
15:52:33.934	-112.4
15:52:33.946	-114.8
15:52:33.958	-116.9
15:52:33.966	-119.5
15:52:33.979	-117.9
15:52:33.991	-119.5
15:52:33.999	-121.6
15:52:34.011	-121.8
15:52:34.024	-122.2
15:52:34.036	-121.8
15:52:34.044	-120.2
15:52:34.056	-119.4
15:52:34.069	-118.8
15:52:34.077	-117.0
15:52:34.089	-118.6
15:52:34.101	-118.7
15:52:34.110	-118.2
15:52:34.122	-116.7
15:52:34.134	-116.0
15:52:34.146	-115.3
15:52:34.155	-112.8
15:52:34.167	-112.6
15:52:34.179	-111.8
15:52:34.187	-110.5
15:52:34.200	-108.4
15:52:34.212	-107.3
15:52:34.220	-104.1
15:52:34.232	-104.9
15:52:34.245	-100.9
15:52:34.253	-99.4
15:52:34.265	-99.8
15:52:34.278	-96.5
15:52:34.290	-95.8
15:52:34.298	-94.6
15:52:34.310	-94.8
15:52:34.323	-93.5
15:52:34.331	-93.1
15:52:34.343	-90.4
15:52:34.355	-91.6
15:52:34.363	-89.5
15:52:34.376	-87.2
15:52:34.388	-88.8
15:52:34.396	-87.4
15:52:34.409	-86.6
15:52:34.421	-84.0
15:52:34.429	-81.5
15:52:34.441	-82.3
15:52:34.454	-80.0
15:52:34.466	-75.9
15:52:34.474	-73.8
15:52:34.486	-74.4
15:52:34.499	-70.7
15:52:34.507	-67.9
15:52:34.519	-66.7
15:52:34.531	-67.1
15:52:34.544	-66.3
15:52:34.552	-63.7
15:52:34.564	-63.4
15:52:34.576	-64.4
15:52:34.585	-65.1
15:52:34.597	-61.7
15:52:34.609	-60.5
15:52:34.617	-59.5
15:52:34.630	-58.9
15:52:34.642	-55.5
15:52:34.650	-54.8
15:52:34.662	-55.6
15:52:34.675	-55.8
15:52:34.683	-56.8
15:52:34.695	-54.8
15:52:34.707	-55.1
15:52:34.720	-54.9
15:52:34.728	-54.6
15:52:34.740	-52.8
15:52:34.753	-52.8
15:52:34.761	-51.5
15:52:34.773	-49.5
15:52:34.785	-47.3
15:52:34.798	-44.1
15:52:34.806	-42.7
15:52:34.818	-40.2
15:52:34.830	-38.7
15:52:34.839	-37.2
15:52:34.851	-34.5
15:52:34.863	-33.0
15:52:34.871	-31.3
15:52:34.884	-26.6
15:52:34.896	-24.8
15:52:34.904	-23.0
15:52:34.916	-21.1
15:52:34.929	-19.1
15:52:34.937	-17.8
15:52:34.949	-16.1
15:52:34.962	-15.5
15:52:34.974	-14.6
15:52:34.982	-15.3
15:52:34.994	-16.9
15:52:35.007	-17.6
15:52:35.015	-18.3
15:52:35.027	-21.3
15:52:35.039	-23.0
15:52:35.048	-25.1
15:52:35.060	-25.3
15:52:35.072	-28.0
15:52:35.080	-28.1
15:52:35.093	-28.0
15:52:35.105	-25.6
15:52:35.117	-25.1
15:52:35.125	-25.2
15:52:35.138	-22.4
15:52:35.150	-21.8
15:52:35.158	-18.2
15:52:35.170	-15.1
15:52:35.183	-7.2
15:52:35.191	-0.6
15:52:35.203	5.7
15:52:35.215	11.5
15:52:35.228	20.9
15:52:35.236	31.6
15:52:35.248	38.9
15:52:35.261	48.4
15:52:35.269	55.8
15:52:35.281	62.2
15:52:35.293	66.7
15:52:35.302	68.0
15:52:35.314	71.3
15:52:35.326	71.9
15:52:35.334	73.4
15:52:35.347	73.2
15:52:35.359	76.6
15:52:35.367	77.4
15:52:35.380	79.0
15:52:35.392	79.9
15:52:35.404	78.1
15:52:35.412	80.9
15:52:35.425	82.0
15:52:35.437	85.7
15:52:35.445	87.3
15:52:35.457	89.8
15:52:35.470	93.2
15:52:35.482	94.9
15:52:35.490	96.6
15:52:35.502	98.4
15:52:35.515	102.5
15:52:35.527	108.4
15:52:35.535	116.4
15:52:35.547	120.9
15:52:35.560	125.1
15:52:35.568	132.4
15:52:35.580	139.1
15:52:35.592	146.2
15:52:35.601	154.0
15:52:35.613	161.4
15:52:35.625	166.8
15:52:35.633	169.1
15:52:35.646	170.2
15:52:35.658	171.7
15:52:35.666	174.8
15:52:35.678	175.0
15:52:35.691	172.5
15:52:35.703	172.9
15:52:35.711	172.2
15:52:35.723	170.4
15:52:35.736	168.7
15:52:35.744	170.2
15:52:35.756	169.6
15:52:35.769	171.6
15:52:35.781	174.2
15:52:35.789	173.5
15:52:35.801	174.8
15:52:35.813	175.0
15:52:35.822	174.6
15:52:35.834	175.0
15:52:35.846	175.4
15:52:35.854	173.3
15:52:35.867	172.4
15:52:35.879	169.0
15:52:35.887	164.5
15:52:35.900	164.6
15:52:35.912	163.6
15:52:35.920	163.0
15:52:35.932	163.4
15:52:35.945	163.7
15:52:35.957	164.5
15:52:35.965	164.6
15:52:35.977	165.1
15:52:35.990	166.5
15:52:35.998	168.1
15:52:36.010	166.7
15:52:36.022	165.8
15:52:36.031	165.8
15:52:36.043	165.8
15:52:36.055	164.6
15:52:36.067	165.0
15:52:36.076	164.8
15:52:36.088	165.4
15:52:36.100	166.1
15:52:36.109	166.7
15:52:36.121	167.9
15:52:36.133	167.5
15:52:36.141	167.6
15:52:36.154	166.7
15:52:36.166	167.6
15:52:36.174	168.1
15:52:36.186	169.4
15:52:36.199	170.4
15:52:36.211	168.4
15:52:36.219	171.7
15:52:36.231	171.4
15:52:36.244	172.1
15:52:36.252	172.4
15:52:36.264	173.6
15:52:36.276	174.8
15:52:36.285	175.1
15:52:36.297	175.6
15:52:36.309	173.1
15:52:36.317	176.2
15:52:36.330	174.5
15:52:36.342	175.3
15:52:36.350	176.4
15:52:36.362	177.0
15:52:36.375	177.6
15:52:36.387	177.6
15:52:36.395	179.3
15:52:36.407	179.1
15:52:36.420	183.9
15:52:36.428	183.9
15:52:36.440	185.0
15:52:36.453	188.0
15:52:36.465	190.7
15:52:36.473	193.0
15:52:36.485	194.5
15:52:36.498	196.3
15:52:36.506	196.4
15:52:36.518	197.6
15:52:36.530	197.3
15:52:36.539	196.6
15:52:36.551	196.9
15:52:36.563	197.2
15:52:36.571	193.2
15:52:36.584	191.4
15:52:36.596	188.9
15:52:36.604	188.4
15:52:36.617	186.5
15:52:36.629	183.5
15:52:36.641	181.8
15:52:36.650	179.4
15:52:36.662	175.1
15:52:36.674	170.2
15:52:36.682	170.7
15:52:36.694	165.5
15:52:36.707	158.4
15:52:36.719	152.0
15:52:36.727	143.8
15:52:36.739	137.7
15:52:36.752	128.7
15:52:36.760	124.8
15:52:36.772	115.8
15:52:36.785	108.2
15:52:36.793	97.8
15:52:36.805	89.8
15:52:36.817	83.7
15:52:36.826	73.6
15:52:36.838	68.6
15:52:36.850	61.3
15:52:36.858	58.1
15:52:36.871	50.0
15:52:36.883	45.3
15:52:36.895	39.4
15:52:36.903	35.8
15:52:36.916	31.8
15:52:36.928	29.6
15:52:36.936	28.4
15:52:36.948	25.8
15:52:36.961	25.5
15:52:36.969	21.3
15:52:36.981	19.9
15:52:36.993	16.9
15:52:37.002	15.2
15:52:37.014	12.8
15:52:37.026	7.1
15:52:37.038	4.7
15:52:37.047	1.6
15:52:37.059	0.2
15:52:37.071	-3.9
15:52:37.079	-7.4
15:52:37.092	-13.0
15:52:37.104	-14.8
15:52:37.112	-21.1
15:52:37.125	-24.7
15:52:37.137	-26.5
15:52:37.149	-31.0
15:52:37.157	-36.2
15:52:37.170	-42.3
15:52:37.182	-47.1
15:52:37.190	-51.2
15:52:37.202	-52.1
15:52:37.215	-54.9
15:52:37.223	-55.5
15:52:37.235	-57.9
15:52:37.247	-59.5
15:52:37.255	-62.4
15:52:37.268	-61.6
15:52:37.280	-63.5
15:52:37.288	-68.6
15:52:37.301	-74.2
15:52:37.313	-82.4
15:52:37.325	-90.0
15:52:37.333	-96.5
15:52:37.346	-103.6
15:52:37.358	-109.0
15:52:37.366	-112.8
15:52:37.378	-119.2
15:52:37.391	-122.9
15:52:37.403	-123.9
15:52:37.411	-124.1
15:52:37.423	-121.5
15:52:37.436	-122.5
15:52:37.448	-121.1
15:52:37.456	-119.7
15:52:37.468	-118.6
15:52:37.481	-118.6
15:52:37.489	-118.6
15:52:37.501	-119.1
15:52:37.513	-118.6
15:52:37.522	-119.5
15:52:37.534	-122.4
15:52:37.546	-123.1
15:52:37.554	-125.4
15:52:37.567	-128.3
15:52:37.579	-129.2
15:52:37.587	-132.6
15:52:37.600	-132.5
15:52:37.612	-133.0
15:52:37.624	-134.8
15:52:37.632	-135.2
15:52:37.644	-136.6
15:52:37.657	-134.5
15:52:37.665	-135.7
15:52:37.677	-134.5
15:52:37.690	-134.4
15:52:37.702	-130.3
15:52:37.710	-128.5
15:52:37.722	-129.1
15:52:37.735	-129.0
15:52:37.743	-128.7
15:52:37.755	-125.3
15:52:37.767	-125.2
15:52:37.776	-122.7
15:52:37.788	-122.8
15:52:37.800	-121.9
15:52:37.808	-124.5
15:52:37.821	-126.1
15:52:37.833	-125.1
15:52:37.841	-124.0
15:52:37.853	-123.1
15:52:37.866	-124.5
15:52:37.878	-125.1
15:52:37.886	-126.6
15:52:37.898	-129.0
15:52:37.911	-128.8
15:52:37.919	-129.5
15:52:37.931	-132.4
15:52:37.943	-132.2
15:52:37.952	-134.0
15:52:37.964	-136.4
15:52:37.976	-138.6
15:52:37.989	-137.8
15:52:37.997	-136.2
15:52:38.009	-133.6
15:52:38.021	-134.5
15:52:38.030	-132.9
15:52:38.042	-129.1
15:52:38.054	-130.2
15:52:38.062	-127.1
15:52:38.075	-124.4
15:52:38.087	-120.1
15:52:38.095	-119.2
15:52:38.107	-119.3
15:52:38.120	-117.3
15:52:38.132	-115.9
15:52:38.140	-111.5
15:52:38.153	-109.5
15:52:38.165	-104.9
15:52:38.173	-102.6
15:52:38.185	-99.1
15:52:38.197	-97.3
15:52:38.206	-94.9
15:52:38.218	-89.1
15:52:38.230	-85.6
15:52:38.239	-81.3
15:52:38.251	-81.4
15:52:38.263	-78.8
15:52:38.271	-77.6
15:52:38.283	-76.7
15:52:38.296	-74.4
15:52:38.308	-74.5
15:52:38.316	-72.3
15:52:38.329	-70.2
15:52:38.341	-68.1
15:52:38.349	-67.2
15:52:38.361	-62.6
15:52:38.374	-61.2
15:52:38.386	-60.0
15:52:38.394	-57.2
15:52:38.406	-57.4
15:52:38.419	-54.6
15:52:38.427	-54.4
15:52:38.439	-54.5
15:52:38.451	-54.5
15:52:38.460	-52.8
15:52:38.472	-54.6
15:52:38.484	-54.7
15:52:38.492	-52.9
15:52:38.505	-52.2
15:52:38.517	-50.9
15:52:38.525	-50.4
15:52:38.537	-49.5
15:52:38.550	-48.7
15:52:38.562	-46.8
15:52:38.570	-45.8
15:52:38.582	-45.0
15:52:38.595	-44.1
15:52:38.603	-45.8
15:52:38.615	-45.7
15:52:38.627	-44.3
15:52:38.640	-42.5
15:52:38.648	-40.6
15:52:38.660	-39.9
15:52:38.672	-41.1
15:52:38.681	-40.4
15:52:38.693	-37.6
15:52:38.705	-37.5
15:52:38.713	-33.8
15:52:38.726	-33.2
15:52:38.738	-33.6
15:52:38.746	-34.3
15:52:38.758	-34.2
15:52:38.771	-33.6
15:52:38.779	-32.8
15:52:38.791	-32.0
15:52:38.804	-34.0
15:52:38.816	-32.2
15:52:38.824	-33.4
15:52:38.836	-32.9
15:52:38.849	-33.3
15:52:38.857	-32.6
15:52:38.869	-32.7
15:52:38.882	-34.0
15:52:38.890	-34.2
15:52:38.902	-34.8
15:52:38.914	-37.2
15:52:38.923	-38.6
15:52:38.935	-37.9
15:52:38.947	-38.3
15:52:38.959	-36.6
15:52:38.968	-38.2
15:52:38.980	-36.1
15:52:38.992	-35.0
15:52:39.000	-33.6
15:52:39.013	-33.9
15:52:39.025	-29.9
15:52:39.033	-27.5
15:52:39.045	-27.3
15:52:39.058	-27.4
15:52:39.070	-28.0
15:52:39.078	-27.1
15:52:39.090	-28.2
15:52:39.103	-27.6
15:52:39.111	-29.0
15:52:39.123	-28.3
15:52:39.135	-29.4
15:52:39.144	-31.8
15:52:39.156	-33.6
15:52:39.168	-34.9
15:52:39.176	-34.2
15:52:39.189	-33.0
15:52:39.201	-33.2
15:52:39.209	-33.9
15:52:39.221	-30.7
15:52:39.234	-32.9
15:52:39.246	-30.8
15:52:39.254	-29.5
15:52:39.266	-27.5
15:52:39.279	-23.9
15:52:39.287	-24.0
15:52:39.299	-22.6
15:52:39.311	-23.1
15:52:39.324	-20.3
15:52:39.332	-21.5
15:52:39.344	-18.5
15:52:39.356	-19.4
15:52:39.365	-17.9
15:52:39.377	-18.4
15:52:39.389	-18.5
15:52:39.398	-17.2
15:52:39.410	-15.7
15:52:39.422	-13.2
15:52:39.430	-11.7
15:52:39.442	-10.7
15:52:39.455	-6.4
15:52:39.463	-1.5
15:52:39.475	1.2
15:52:39.487	9.0
15:52:39.500	19.8
15:52:39.508	31.2
15:52:39.520	40.7
15:52:39.533	51.2
15:52:39.541	57.9
15:52:39.553	68.0
15:52:39.565	72.1
15:52:39.574	76.4
15:52:39.586	84.1
15:52:39.598	89.1
15:52:39.610	89.2
15:52:39.623	89.8
15:52:39.631	90.4
15:52:39.643	89.6
15:52:39.655	90.4
15:52:39.664	91.3
15:52:39.676	94.8
15:52:39.688	97.1
15:52:39.697	99.0
15:52:39.709	100.7
15:52:39.721	101.3
15:52:39.729	101.4
15:52:39.742	102.8
15:52:39.754	104.3
15:52:39.762	105.8
15:52:39.774	106.6
15:52:39.787	107.4
15:52:39.799	111.0
15:52:39.807	110.9
15:52:39.819	110.4
15:52:39.832	111.9
15:52:39.840	114.2
15:52:39.852	115.1
15:52:39.864	116.9
15:52:39.873	118.3
15:52:39.885	120.7
15:52:39.897	122.1
15:52:39.910	120.1
15:52:39.918	124.3
15:52:39.930	126.4
15:52:39.942	131.2
15:52:39.951	132.3
15:52:39.963	136.4
15:52:39.975	139.2
15:52:39.983	143.4
15:52:39.996	145.9
15:52:40.008	149.9
15:52:40.016	154.2
15:52:40.028	153.0
15:52:40.041	159.6
15:52:40.053	161.8
15:52:40.061	166.8
15:52:40.073	168.3
15:52:40.086	173.5
15:52:40.094	179.6
15:52:40.106	183.2
15:52:40.118	185.3
15:52:40.127	189.6
15:52:40.139	196.0
15:52:40.151	198.4
15:52:40.159	204.1
15:52:40.172	207.0
15:52:40.184	211.6
15:52:40.192	214.6
15:52:40.204	215.2
15:52:40.217	216.5
15:52:40.229	222.3
15:52:40.237	226.3
15:52:40.249	228.4
15:52:40.262	230.1
15:52:40.270	228.6
15:52:40.282	229.6
15:52:40.294	229.8
15:52:40.307	229.2
15:52:40.315	229.9
15:52:40.327	231.5
15:52:40.339	230.3
15:52:40.348	227.8
15:52:40.360	228.9
15:52:40.372	228.7
15:52:40.381	229.3
15:52:40.393	228.3
15:52:40.405	226.7
15:52:40.413	226.7
15:52:40.425	226.2
15:52:40.438	225.8
15:52:40.446	226.1
15:52:40.458	228.5
15:52:40.471	228.1
15:52:40.483	227.7
15:52:40.491	226.9
15:52:40.503	227.9
15:52:40.516	229.2
15:52:40.524	229.0
15:52:40.536	226.5
15:52:40.548	223.9
15:52:40.561	220.4
15:52:40.569	217.0
15:52:40.581	215.8
15:52:40.593	214.4
15:52:40.602	212.0
15:52:40.614	211.0
15:52:40.626	209.0
15:52:40.634	206.7
15:52:40.647	205.4
15:52:40.659	205.9
15:52:40.667	204.4
15:52:40.679	203.5
15:52:40.692	198.0
15:52:40.700	194.8
15:52:40.712	191.3
15:52:40.724	183.5
15:52:40.737	178.4
15:52:40.745	170.4
15:52:40.757	163.7
15:52:40.769	156.8
15:52:40.778	150.1
15:52:40.790	142.3
15:52:40.802	136.3
15:52:40.810	127.9
15:52:40.823	121.4
15:52:40.835	116.8
15:52:40.843	108.4
15:52:40.855	103.9
15:52:40.868	97.2
15:52:40.880	89.7
15:52:40.888	81.1
15:52:40.901	75.9
15:52:40.913	71.0
15:52:40.921	66.4
15:52:40.933	60.3
15:52:40.946	52.5
15:52:40.954	48.8
15:52:40.966	44.6
15:52:40.978	39.5
15:52:40.991	35.4
15:52:40.999	32.7
15:52:41.011	26.2
15:52:41.024	21.3
15:52:41.032	16.9
15:52:41.044	13.4
15:52:41.056	10.4
15:52:41.064	6.3
15:52:41.077	3.5
15:52:41.089	2.5
15:52:41.098	0.3
15:52:41.109	-2.0
15:52:41.122	-4.4
15:52:41.130	-5.2
15:52:41.142	-7.3
15:52:41.155	-9.9
15:52:41.167	-11.3
15:52:41.175	-13.3
15:52:41.187	-17.7
15:52:41.199	-19.3
15:52:41.207	-23.0
15:52:41.220	-25.3
15:52:41.232	-27.4
15:52:41.244	-31.5
15:52:41.252	-36.7
15:52:41.265	-40.6
15:52:41.277	-42.9
15:52:41.285	-47.1
15:52:41.297	-48.6
15:52:41.310	-52.3
15:52:41.318	-52.6
15:52:41.330	-55.9
15:52:41.343	-58.8
15:52:41.351	-62.4
15:52:41.363	-65.3
15:52:41.375	-66.0
15:52:41.383	-69.2
15:52:41.396	-70.5
15:52:41.408	-74.2
15:52:41.420	-77.1
15:52:41.429	-82.3
15:52:41.441	-82.9
15:52:41.453	-85.5
15:52:41.462	-88.7
15:52:41.474	-90.6
15:52:41.486	-94.7
15:52:41.494	-98.1
15:52:41.507	-102.5
15:52:41.519	-105.5
15:52:41.531	-109.6
15:52:41.543	-110.9
15:52:41.552	-116.4
15:52:41.564	-117.1
15:52:41.576	-119.6
15:52:41.584	-122.1
15:52:41.597	-125.3
15:52:41.609	-127.1
15:52:41.617	-125.8
15:52:41.630	-126.8
15:52:41.642	-124.5
15:52:41.650	-126.3
15:52:41.662	-125.4
15:52:41.675	-127.4
15:52:41.683	-127.0
15:52:41.695	-127.2
15:52:41.707	-128.2
15:52:41.720	-128.1
15:52:41.728	-131.0
15:52:41.740	-131.7
15:52:41.752	-136.0
15:52:41.761	-137.4
15:52:41.773	-139.3
15:52:41.785	-140.9
15:52:41.793	-142.2
15:52:41.806	-143.0
15:52:41.818	-142.7
15:52:41.830	-142.1
15:52:41.839	-140.3
15:52:41.851	-140.7
15:52:41.863	-139.3
15:52:41.871	-137.5
15:52:41.884	-135.9
15:52:41.896	-133.8
15:52:41.904	-133.7
15:52:41.917	-132.8
15:52:41.929	-130.5
15:52:41.937	-130.9
15:52:41.949	-131.3
15:52:41.962	-127.0
15:52:41.974	-126.2
15:52:41.982	-124.8
15:52:41.994	-124.1
15:52:42.007	-121.4
15:52:42.015	-118.7
15:52:42.027	-115.5
15:52:42.039	-113.9
15:52:42.047	-114.7
15:52:42.060	-113.4
15:52:42.072	-113.4
15:52:42.080	-112.2
15:52:42.093	-111.2
15:52:42.105	-111.3
15:52:42.113	-109.5
15:52:42.125	-108.6
15:52:42.138	-109.2
15:52:42.150	-110.1
15:52:42.158	-106.4
15:52:42.170	-104.5
15:52:42.183	-100.8
15:52:42.191	-98.3
15:52:42.203	-98.0
15:52:42.216	-95.0
15:52:42.228	-96.6
15:52:42.236	-94.7
15:52:42.248	-93.3
15:52:42.260	-88.8
15:52:42.269	-87.6
15:52:42.281	-85.4
15:52:42.293	-87.6
15:52:42.301	-85.4
15:52:42.314	-83.4
15:52:42.326	-81.6
15:52:42.334	-78.8
15:52:42.347	-76.3
15:52:42.359	-74.2
15:52:42.367	-74.9
15:52:42.379	-74.0
15:52:42.392	-74.1
15:52:42.404	-72.0
15:52:42.412	-71.5
15:52:42.424	-68.6
15:52:42.437	-67.5
15:52:42.445	-67.6
15:52:42.457	-67.3
15:52:42.469	-63.9
15:52:42.482	-61.2
15:52:42.490	-58.6
15:52:42.502	-55.8
15:52:42.514	-55.2
15:52:42.523	-54.0
15:52:42.535	-53.9
15:52:42.547	-53.7
15:52:42.555	-50.7
15:52:42.568	-49.8
15:52:42.580	-52.2
15:52:42.588	-51.0
15:52:42.601	-48.9
15:52:42.613	-47.3
15:52:42.621	-43.8
15:52:42.633	-43.7
15:52:42.646	-40.2
15:52:42.658	-39.2
15:52:42.666	-40.9
15:52:42.678	-40.6
15:52:42.691	-38.1
15:52:42.699	-39.4
15:52:42.711	-40.7
15:52:42.723	-40.6
15:52:42.732	-41.1
15:52:42.744	-38.1
15:52:42.756	-38.5
15:52:42.764	-37.3
15:52:42.777	-33.4
15:52:42.789	-31.5
15:52:42.801	-30.9
15:52:42.809	-27.9
15:52:42.822	-25.6
15:52:42.834	-24.2
15:52:42.842	-21.4
15:52:42.854	-21.5
15:52:42.867	-17.6
15:52:42.875	-15.6
15:52:42.887	-14.8
15:52:42.899	-13.0
15:52:42.912	-9.9
15:52:42.920	-5.6
15:52:42.932	-4.2
15:52:42.945	-2.7
15:52:42.953	-3.2
15:52:42.965	-0.8
15:52:42.977	-3.2
15:52:42.985	-2.2
15:52:42.998	-1.0
15:52:43.010	1.0
15:52:43.018	1.5
15:52:43.031	1.0
15:52:43.043	3.4
15:52:43.051	6.2
15:52:43.063	8.1
15:52:43.075	10.1
15:52:43.088	13.0
15:52:43.096	15.7
15:52:43.108	18.4
15:52:43.121	20.0
15:52:43.129	21.2
15:52:43.141	21.8
15:52:43.153	23.9
15:52:43.166	24.9
15:52:43.174	26.2
15:52:43.186	26.1
15:52:43.198	28.0
15:52:43.207	28.9
15:52:43.219	30.2
15:52:43.231	31.4
15:52:43.239	34.9
15:52:43.252	37.7
15:52:43.264	39.9
15:52:43.272	41.7
15:52:43.284	47.6
15:52:43.297	57.3
15:52:43.305	64.7
15:52:43.317	73.3
15:52:43.329	80.2
15:52:43.342	87.7
15:52:43.350	94.4
15:52:43.362	102.8
15:52:43.374	108.3
15:52:43.387	116.4
15:52:43.395	118.6
15:52:43.407	117.6
15:52:43.419	117.2
15:52:43.428	118.2
15:52:43.440	119.0
15:52:43.452	119.4
15:52:43.464	121.1
15:52:43.473	120.7
15:52:43.485	121.9
15:52:43.497	120.2
15:52:43.505	122.8
15:52:43.518	124.1
15:52:43.530	125.3
15:52:43.538	125.4
15:52:43.550	127.6
15:52:43.563	130.1
15:52:43.571	129.7
15:52:43.583	130.9
15:52:43.596	132.6
15:52:43.604	134.0
15:52:43.616	136.3
15:52:43.628	138.8
15:52:43.641	140.5
15:52:43.649	141.1
15:52:43.661	141.2
15:52:43.673	139.6
15:52:43.682	141.0
15:52:43.694	139.2
15:52:43.706	138.1
15:52:43.714	137.6
15:52:43.727	134.0
15:52:43.739	132.2
15:52:43.751	132.1
15:52:43.759	131.2
15:52:43.772	127.5
15:52:43.784	128.3
15:52:43.792	125.7
15:52:43.804	124.7
15:52:43.817	123.2
15:52:43.825	121.9
15:52:43.837	120.5
15:52:43.849	115.6
15:52:43.858	110.7
15:52:43.870	105.6
15:52:43.882	104.4
15:52:43.894	101.0
15:52:43.903	95.4
15:52:43.915	90.9
15:52:43.927	86.0
15:52:43.935	80.4
15:52:43.948	75.0
15:52:43.960	73.0
15:52:43.968	68.9
15:52:43.980	68.0
15:52:43.993	64.5
15:52:44.001	59.3
15:52:44.013	57.1
15:52:44.025	54.8
15:52:44.034	50.9
15:52:44.046	50.6
15:52:44.058	49.2
15:52:44.070	47.3
15:52:44.079	44.9
15:52:44.091	40.0
15:52:44.103	37.4
15:52:44.111	33.8
15:52:44.124	30.7
15:52:44.136	27.7
15:52:44.148	24.7
15:52:44.157	20.0
15:52:44.169	13.1
15:52:44.181	7.8
15:52:44.189	2.4
15:52:44.202	-3.6
15:52:44.214	-12.1
15:52:44.222	-16.7
15:52:44.234	-25.3
15:52:44.247	-33.8
15:52:44.255	-39.4
15:52:44.267	-43.9
15:52:44.279	-47.3
15:52:44.288	-53.3
15:52:44.300	-58.7
15:52:44.312	-61.0
15:52:44.324	-63.3
15:52:44.333	-67.5
15:52:44.345	-69.0
15:52:44.357	-73.6
15:52:44.365	-80.9
15:52:44.378	-92.0
15:52:44.390	-97.0
15:52:44.402	-102.3
15:52:44.410	-107.1
15:52:44.423	-112.3
15:52:44.435	-116.1
15:52:44.443	-119.5
15:52:44.455	-120.0
15:52:44.468	-120.7
15:52:44.476	-120.2
15:52:44.488	-120.7
15:52:44.500	-126.1
15:52:44.509	-130.8
15:52:44.521	-132.6
15:52:44.533	-138.1
15:52:44.541	-144.6
15:52:44.554	-152.0
15:52:44.566	-161.8
15:52:44.578	-168.7
15:52:44.586	-175.9
15:52:44.599	-180.4
15:52:44.611	-185.2
15:52:44.619	-187.0
15:52:44.632	-193.0
15:52:44.644	-195.5
15:52:44.652	-198.2
15:52:44.664	-204.7
15:52:44.677	-210.3
15:52:44.685	-216.3
15:52:44.697	-221.6
15:52:44.709	-227.6
15:52:44.722	-231.1
15:52:44.730	-238.3
15:52:44.742	-243.1
15:52:44.755	-246.6
15:52:44.763	-251.3
15:52:44.775	-251.5
15:52:44.787	-248.6
15:52:44.796	-249.0
15:52:44.808	-246.2
15:52:44.820	-243.6
15:52:44.832	-241.8
15:52:44.841	-239.3
15:52:44.853	-236.8
15:52:44.866	-235.2
15:52:44.873	-232.2
15:52:44.886	-230.1
15:52:44.898	-230.2
15:52:44.906	-226.4
15:52:44.918	-225.4
15:52:44.931	-222.4
15:52:44.939	-219.0
15:52:44.951	-215.6
15:52:44.963	-209.6
15:52:44.972	-207.0
15:52:44.984	-205.7
15:52:44.996	-202.0
15:52:45.008	-199.4
15:52:45.017	-196.2
15:52:45.029	-190.8
15:52:45.041	-190.0
15:52:45.049	-187.2
15:52:45.062	-185.3
15:52:45.074	-187.7
15:52:45.086	-188.7
15:52:45.094	-186.8
15:52:45.107	-188.2
15:52:45.119	-187.2
15:52:45.127	-187.4
15:52:45.139	-190.5
15:52:45.152	-189.0
15:52:45.160	-188.3
15:52:45.172	-187.0
15:52:45.185	-184.5
15:52:45.193	-180.2
15:52:45.205	-178.4
15:52:45.217	-174.4
15:52:45.225	-171.7
15:52:45.238	-168.6
15:52:45.250	-166.3
15:52:45.262	-163.4
15:52:45.271	-162.4
15:52:45.283	-161.5
15:52:45.295	-160.0
15:52:45.307	-159.0
15:52:45.316	-157.0
15:52:45.328	-155.7
15:52:45.340	-154.3
15:52:45.349	-153.2
15:52:45.361	-150.6
15:52:45.373	-149.8
15:52:45.386	-147.8
15:52:45.394	-144.7
15:52:45.406	-143.0
15:52:45.418	-143.0
15:52:45.426	-141.8
15:52:45.439	-138.9
15:52:45.451	-138.6
15:52:45.459	-137.1
15:52:45.472	-136.1
15:52:45.484	-133.3
15:52:45.492	-132.2
15:52:45.504	-130.7
15:52:45.517	-128.2
15:52:45.525	-126.4
15:52:45.537	-124.0
15:52:45.549	-123.7
15:52:45.562	-120.9
15:52:45.570	-119.1
15:52:45.582	-117.2
15:52:45.594	-116.7
15:52:45.603	-116.1
15:52:45.615	-115.6
15:52:45.627	-115.0
15:52:45.635	-112.3
15:52:45.648	-112.8
15:52:45.660	-110.7
15:52:45.672	-110.6
15:52:45.680	-110.5
15:52:45.693	-109.1
15:52:45.705	-107.4
15:52:45.713	-105.5
15:52:45.726	-105.3
15:52:45.738	-103.3
15:52:45.746	-103.9
15:52:45.758	-101.3
15:52:45.770	-101.7
15:52:45.779	-100.0
15:52:45.791	-96.7
15:52:45.803	-94.3
15:52:45.816	-92.1
15:52:45.824	-89.9
15:52:45.836	-87.0
15:52:45.848	-87.1
15:52:45.857	-83.0
15:52:45.869	-80.3
15:52:45.881	-78.2
15:52:45.889	-76.5
15:52:45.902	-73.8
15:52:45.914	-73.6
15:52:45.922	-74.4
15:52:45.934	-72.1
15:52:45.947	-72.4
15:52:45.955	-72.1
15:52:45.967	-70.4
15:52:45.979	-73.0
15:52:45.992	-71.2
15:52:46.000	-70.9
15:52:46.012	-72.7
15:52:46.024	-71.9
15:52:46.033	-70.7
15:52:46.045	-70.6
15:52:46.057	-68.0
15:52:46.069	-67.6
15:52:46.078	-69.4
15:52:46.090	-66.2
15:52:46.102	-66.5
15:52:46.110	-66.6
15:52:46.123	-64.8
15:52:46.135	-65.1
15:52:46.143	-62.8
15:52:46.155	-64.6
15:52:46.168	-64.7
15:52:46.176	-63.9
15:52:46.188	-63.1
15:52:46.200	-62.9
15:52:46.209	-61.9
15:52:46.221	-59.0
15:52:46.233	-59.8
15:52:46.245	-57.9
15:52:46.254	-56.7
15:52:46.266	-54.9
15:52:46.278	-53.7
15:52:46.286	-50.5
15:52:46.299	-50.3
15:52:46.311	-49.1
15:52:46.324	-47.5
15:52:46.332	-46.7
15:52:46.344	-41.9
15:52:46.356	-41.4
15:52:46.365	-42.6
15:52:46.377	-41.7
15:52:46.389	-42.0
15:52:46.397	-42.5
15:52:46.409	-40.1
15:52:46.422	-39.1
15:52:46.430	-37.2
15:52:46.442	-37.2
15:52:46.455	-38.4
15:52:46.463	-37.5
15:52:46.475	-37.6
15:52:46.487	-36.4
15:52:46.500	-33.5
15:52:46.508	-32.4
15:52:46.520	-31.0
15:52:46.532	-28.5
15:52:46.541	-29.4
15:52:46.553	-28.0
15:52:46.565	-28.9
15:52:46.573	-28.3
15:52:46.586	-26.8
15:52:46.598	-25.2
15:52:46.606	-26.6
15:52:46.618	-25.5
15:52:46.631	-25.0
15:52:46.643	-25.3
15:52:46.651	-23.7
15:52:46.664	-23.8
15:52:46.676	-23.8
15:52:46.684	-22.0
15:52:46.696	-22.2
15:52:46.709	-23.3
15:52:46.717	-23.5
15:52:46.729	-24.2
15:52:46.741	-24.4
15:52:46.754	-26.6
15:52:46.762	-27.4
15:52:46.774	-27.5
15:52:46.786	-25.2
15:52:46.795	-25.8
15:52:46.807	-25.6
15:52:46.819	-23.9
15:52:46.827	-23.3
15:52:46.840	-22.2
15:52:46.852	-21.3
15:52:46.860	-19.4
15:52:46.872	-18.1
15:52:46.885	-15.4
15:52:46.893	-16.7
15:52:46.905	-15.9
15:52:46.917	-13.7
15:52:46.930	-14.2
15:52:46.938	-13.1
15:52:46.950	-11.2
15:52:46.962	-10.0
15:52:46.971	-10.0
15:52:46.982	-7.3
15:52:46.994	-7.6
15:52:47.007	-4.7
15:52:47.015	-0.2
15:52:47.027	4.4
15:52:47.039	10.6
15:52:47.048	19.1
15:52:47.060	25.4
15:52:47.072	34.8
15:52:47.080	46.6
15:52:47.093	55.5
15:52:47.105	66.9
15:52:47.113	77.0
15:52:47.125	85.3
15:52:47.138	93.5
15:52:47.146	98.6
15:52:47.158	102.9
15:52:47.171	108.9
15:52:47.183	110.2
15:52:47.191	109.4
15:52:47.203	111.0
15:52:47.216	110.8
15:52:47.228	112.7
15:52:47.236	117.9
15:52:47.249	123.6
15:52:47.261	132.7
15:52:47.269	141.1
15:52:47.281	148.2
15:52:47.294	154.2
15:52:47.306	165.2
15:52:47.314	171.8
15:52:47.326	178.1
15:52:47.339	184.5
15:52:47.347	185.7
15:52:47.359	186.5
15:52:47.371	186.2
15:52:47.380	186.3
15:52:47.392	185.6
15:52:47.404	188.1
15:52:47.412	187.7
15:52:47.425	186.9
15:52:47.437	189.6
15:52:47.445	191.3
15:52:47.457	191.0
15:52:47.470	191.5
15:52:47.482	191.6
15:52:47.491	188.8
15:52:47.503	186.8
15:52:47.515	187.2
15:52:47.523	185.4
15:52:47.536	185.4
15:52:47.548	183.1
15:52:47.556	179.3
15:52:47.568	179.4
15:52:47.581	177.7
15:52:47.593	174.5
15:52:47.601	173.8
15:52:47.613	173.0
15:52:47.626	170.3
15:52:47.634	169.2
15:52:47.646	167.6
15:52:47.658	163.9
15:52:47.667	161.9
15:52:47.679	159.8
15:52:47.691	158.6
15:52:47.700	159.3
15:52:47.712	158.6
15:52:47.724	158.1
15:52:47.736	157.2
15:52:47.744	156.4
15:52:47.757	157.6
15:52:47.769	157.4
15:52:47.777	157.8
15:52:47.790	157.4
15:52:47.802	157.3
15:52:47.810	156.4
15:52:47.822	157.9
15:52:47.834	157.0
15:52:47.843	157.1
15:52:47.855	156.4
15:52:47.867	154.0
15:52:47.876	155.3
15:52:47.888	158.3
15:52:47.900	158.8
15:52:47.913	158.6
15:52:47.921	159.3
15:52:47.933	159.1
15:52:47.945	161.1
15:52:47.953	162.4
15:52:47.966	162.5
15:52:47.978	163.7
15:52:47.990	163.7
15:52:47.999	161.4
15:52:48.011	161.7
15:52:48.023	160.5
15:52:48.031	159.4
15:52:48.044	157.4
15:52:48.056	155.4
15:52:48.064	151.4
15:52:48.076	149.6
15:52:48.089	145.0
15:52:48.097	141.7
15:52:48.109	136.8
15:52:48.121	132.0
15:52:48.130	128.2
15:52:48.142	123.5
15:52:48.154	119.9
15:52:48.166	117.8
15:52:48.175	115.5
15:52:48.187	109.7
15:52:48.199	109.8
15:52:48.207	106.9
15:52:48.220	104.9
15:52:48.232	101.1
15:52:48.244	98.5
15:52:48.252	94.8
15:52:48.265	91.7
15:52:48.277	88.1
15:52:48.285	84.2
15:52:48.297	82.6
15:52:48.310	79.2
15:52:48.318	77.5
15:52:48.330	74.4
15:52:48.342	72.6
15:52:48.350	71.7
15:52:48.362	72.0
15:52:48.375	68.2
15:52:48.383	64.6
15:52:48.395	63.8
15:52:48.407	63.3
15:52:48.420	59.1
15:52:48.428	57.3
15:52:48.440	55.1
15:52:48.453	52.2
15:52:48.461	49.8
15:52:48.473	45.9
15:52:48.485	44.7
15:52:48.493	42.2
15:52:48.506	37.7
15:52:48.518	33.9
15:52:48.526	33.1
15:52:48.539	30.1
15:52:48.551	28.2
15:52:48.563	27.2
15:52:48.571	23.7
15:52:48.584	22.1
15:52:48.596	21.6
15:52:48.604	20.7
15:52:48.616	18.5
15:52:48.629	16.8
15:52:48.637	13.1
15:52:48.649	11.0
15:52:48.661	10.2
15:52:48.674	8.0
15:52:48.682	8.3
15:52:48.694	7.7
15:52:48.706	4.8
15:52:48.715	3.9
15:52:48.727	5.0
15:52:48.739	5.1
15:52:48.747	4.4
15:52:48.760	3.6
15:52:48.772	1.4
15:52:48.780	0.6
15:52:48.792	-1.9
15:52:48.805	-0.6
15:52:48.813	0.5
15:52:48.825	-1.4
15:52:48.837	-3.9
15:52:48.850	-3.2
15:52:48.858	-3.3
15:52:48.870	-3.8
15:52:48.882	-4.3
15:52:48.891	-3.7
15:52:48.903	-1.8
15:52:48.915	-4.4
15:52:48.927	-5.8
15:52:48.936	-4.6
15:52:48.948	-4.2
15:52:48.960	-6.2
15:52:48.968	-6.0
15:52:48.981	-4.9
15:52:48.993	-3.8
15:52:49.001	-4.3
15:52:49.013	-8.0
15:52:49.026	-6.8
15:52:49.034	-7.8
15:52:49.046	-7.3
15:52:49.059	-7.7
15:52:49.067	-7.3
15:52:49.079	-6.3
15:52:49.091	-6.8
15:52:49.104	-5.9
15:52:49.112	-6.7
15:52:49.124	-4.2
15:52:49.136	-5.0
15:52:49.145	-3.8
15:52:49.157	-6.4
15:52:49.169	-6.1
15:52:49.177	-4.5
15:52:49.190	-6.1
15:52:49.202	-5.1
15:52:49.214	-5.2
15:52:49.222	-3.5
15:52:49.236	-4.3
15:52:49.248	-3.7
15:52:49.256	-2.6
15:52:49.268	0.2
15:52:49.281	0.3
15:52:49.289	0.9
15:52:49.301	2.7
15:52:49.313	0.6
15:52:49.322	0.8
15:52:49.334	2.7
15:52:49.346	2.8
15:52:49.358	2.5
15:52:49.367	1.1
15:52:49.379	0.7
15:52:49.391	2.5
15:52:49.399	-0.6
15:52:49.412	0.7
15:52:49.424	3.6
15:52:49.432	2.9
15:52:49.444	3.1
15:52:49.457	3.9
15:52:49.465	2.6
15:52:49.477	3.9
15:52:49.490	4.3
15:52:49.502	4.9
15:52:49.510	6.8
15:52:49.522	7.1
15:52:49.535	6.2
15:52:49.543	6.9
15:52:49.555	3.8
15:52:49.567	2.3
15:52:49.576	1.5
15:52:49.588	2.0
15:52:49.600	0.8
15:52:49.612	-0.1
15:52:49.621	-0.1
15:52:49.633	-0.5
15:52:49.645	2.3
15:52:49.657	3.8
15:52:49.666	5.4
15:52:49.678	6.1
15:52:49.690	8.0
15:52:49.698	6.3
15:52:49.711	5.4
15:52:49.723	6.7
15:52:49.731	6.6
15:52:49.743	7.2
15:52:49.756	4.2
15:52:49.764	2.0
15:52:49.776	2.5
15:52:49.788	2.8
15:52:49.797	2.0
15:52:49.809	2.8
15:52:49.821	6.1
15:52:49.834	4.7
15:52:49.842	5.1
15:52:49.854	3.2
15:52:49.866	4.8
15:52:49.874	7.4
15:52:49.887	8.8
15:52:49.899	11.2
15:52:49.911	12.6
15:52:49.919	14.5
15:52:49.932	14.0
15:52:49.944	14.1
15:52:49.952	14.0
15:52:49.965	16.9
15:52:49.977	18.4
15:52:49.985	19.1
15:52:49.997	16.9
15:52:50.010	19.0
15:52:50.018	22.8
15:52:50.030	23.6
15:52:50.042	21.6
15:52:50.050	22.8
15:52:50.063	23.0
15:52:50.075	20.9
15:52:50.087	20.6
15:52:50.096	19.1
15:52:50.108	20.9
15:52:50.120	16.5
15:52:50.128	14.5
15:52:50.141	12.4
15:52:50.153	13.8
15:52:50.165	14.2
15:52:50.173	14.9
15:52:50.186	19.1
15:52:50.198	17.8
15:52:50.206	18.8
15:52:50.218	19.6
15:52:50.231	21.2
15:52:50.239	21.9
15:52:50.251	23.9
15:52:50.264	25.8
15:52:50.272	25.6
15:52:50.284	30.2
15:52:50.296	28.0
15:52:50.304	30.0
15:52:50.317	32.3
15:52:50.329	34.8
15:52:50.341	39.9
15:52:50.349	43.1
15:52:50.362	46.2
15:52:50.374	49.4
15:52:50.382	54.0
15:52:50.394	54.4
15:52:50.407	56.3
15:52:50.415	59.7
15:52:50.427	61.7
15:52:50.440	62.1
15:52:50.448	61.7
15:52:50.460	61.1
15:52:50.472	61.9
15:52:50.485	63.0
15:52:50.493	64.0
15:52:50.505	64.2
15:52:50.517	66.1
15:52:50.525	62.3
15:52:50.538	62.2
15:52:50.550	62.4
15:52:50.558	63.1
15:52:50.571	62.6
15:52:50.583	62.4
15:52:50.595	62.2
15:52:50.603	60.9
15:52:50.616	59.8
15:52:50.628	58.0
15:52:50.636	61.7
15:52:50.648	63.5
15:52:50.661	62.9
15:52:50.669	63.6
15:52:50.681	63.0
15:52:50.694	63.1
15:52:50.702	62.6
15:52:50.714	63.8
15:52:50.726	65.7
15:52:50.734	69.1
15:52:50.747	68.4
15:52:50.759	66.5
15:52:50.771	66.8
15:52:50.780	66.4
15:52:50.792	69.9
15:52:50.804	72.0
15:52:50.812	73.5
15:52:50.825	75.6
15:52:50.837	81.2
15:52:50.849	85.3
15:52:50.857	91.6
15:52:50.870	98.1
15:52:50.882	105.5
15:52:50.890	109.3
15:52:50.902	113.0
15:52:50.915	116.1
15:52:50.923	120.6
15:52:50.935	123.9
15:52:50.947	123.6
15:52:50.956	121.3
15:52:50.968	121.0
15:52:50.980	119.6
15:52:50.988	116.0
15:52:51.001	117.4
15:52:51.013	117.9
15:52:51.025	116.9
15:52:51.033	116.5
15:52:51.046	116.0
15:52:51.058	116.0
15:52:51.066	118.1
15:52:51.078	119.1
15:52:51.091	122.2
15:52:51.103	122.8
15:52:51.111	123.0
15:52:51.123	122.3
15:52:51.136	122.8
15:52:51.148	123.9
15:52:51.156	123.2
15:52:51.169	120.8
15:52:51.181	119.6
15:52:51.189	118.2
15:52:51.201	114.3
15:52:51.214	113.3
15:52:51.222	111.7
15:52:51.234	112.0
15:52:51.246	114.1
15:52:51.255	112.7
15:52:51.267	112.1
15:52:51.279	113.1
15:52:51.287	111.8
15:52:51.300	110.0
15:52:51.312	109.1
15:52:51.324	109.2
15:52:51.332	107.9
15:52:51.345	106.0
15:52:51.357	102.1
15:52:51.365	101.5
15:52:51.377	100.7
15:52:51.390	98.0
15:52:51.398	97.0
15:52:51.410	97.6
15:52:51.422	94.3
15:52:51.435	90.5
15:52:51.443	87.1
15:52:51.455	82.6
15:52:51.467	80.6
15:52:51.476	73.7
15:52:51.488	68.9
15:52:51.500	63.0
15:52:51.508	58.5
15:52:51.521	52.0
15:52:51.533	47.8
15:52:51.541	47.0
15:52:51.553	43.9
15:52:51.566	42.8
15:52:51.578	39.4
15:52:51.586	39.5
15:52:51.598	37.3
15:52:51.611	36.9
15:52:51.619	33.4
15:52:51.631	30.6
15:52:51.643	29.7
15:52:51.652	24.9
15:52:51.664	23.5
15:52:51.676	20.0
15:52:51.684	18.6
15:52:51.697	15.3
15:52:51.709	13.8
15:52:51.717	10.6
15:52:51.730	9.5
15:52:51.742	6.2
15:52:51.754	2.2
15:52:51.762	0.7
15:52:51.775	-4.0
15:52:51.787	-8.4
15:52:51.795	-13.1
15:52:51.808	-19.5
15:52:51.820	-25.3
15:52:51.832	-28.6
15:52:51.840	-33.1
15:52:51.853	-35.7
15:52:51.865	-37.4
15:52:51.873	-40.8
15:52:51.885	-42.5
15:52:51.898	-44.5
15:52:51.906	-47.5
15:52:51.918	-50.0
15:52:51.931	-52.0
15:52:51.939	-58.0
15:52:51.951	-63.4
15:52:51.963	-69.3
15:52:51.971	-76.9
15:52:51.984	-82.4
15:52:51.996	-87.4
15:52:52.008	-92.2
15:52:52.016	-96.6
15:52:52.029	-99.6
15:52:52.041	-104.7
15:52:52.049	-108.1
15:52:52.062	-112.7
15:52:52.074	-116.3
15:52:52.086	-120.4
15:52:52.094	-125.3
15:52:52.107	-130.1
15:52:52.119	-135.0
15:52:52.126	-141.1
15:52:52.139	-144.4
15:52:52.151	-149.9
15:52:52.159	-154.8
15:52:52.171	-157.5
15:52:52.184	-161.1
15:52:52.192	-163.4
15:52:52.204	-165.3
15:52:52.216	-169.5
15:52:52.225	-173.0
15:52:52.237	-174.7
15:52:52.249	-178.6
15:52:52.261	-178.8
15:52:52.270	-177.1
15:52:52.282	-175.4
15:52:52.294	-174.3
15:52:52.303	-171.2
15:52:52.315	-169.7
15:52:52.327	-165.3
15:52:52.335	-164.2
15:52:52.348	-165.0
15:52:52.360	-162.2
15:52:52.368	-159.8
15:52:52.380	-157.3
15:52:52.393	-157.9
15:52:52.405	-157.1
15:52:52.413	-155.9
15:52:52.425	-154.0
15:52:52.438	-154.2
15:52:52.446	-149.3
15:52:52.458	-146.1
15:52:52.470	-144.7
15:52:52.479	-144.4
15:52:52.491	-143.4
15:52:52.503	-141.2
15:52:52.516	-139.6
15:52:52.524	-139.1
15:52:52.536	-139.7
15:52:52.548	-138.6
15:52:52.556	-139.3
15:52:52.569	-138.4
15:52:52.581	-138.4
15:52:52.589	-136.7
15:52:52.602	-137.6
15:52:52.614	-137.1
15:52:52.622	-138.0
15:52:52.634	-138.2
15:52:52.647	-137.6
15:52:52.655	-138.2
15:52:52.667	-137.5
15:52:52.679	-136.1
15:52:52.692	-134.1
15:52:52.700	-133.6
15:52:52.712	-131.9
15:52:52.724	-131.0
15:52:52.733	-129.7
15:52:52.745	-128.0
15:52:52.757	-125.6
15:52:52.769	-125.1
15:52:52.778	-125.1
15:52:52.790	-125.6
15:52:52.802	-125.4
15:52:52.810	-125.3
15:52:52.823	-124.0
15:52:52.835	-122.9
15:52:52.843	-120.1
15:52:52.855	-118.9
15:52:52.868	-118.8
15:52:52.876	-116.0
15:52:52.888	-112.2
15:52:52.900	-110.4
15:52:52.909	-109.4
15:52:52.921	-106.8
15:52:52.933	-106.4
15:52:52.945	-105.1
15:52:52.954	-103.8
15:52:52.966	-102.3
15:52:52.978	-101.0
15:52:52.986	-101.0
15:52:52.999	-101.1
15:52:53.011	-98.4
15:52:53.019	-98.9
15:52:53.031	-100.2
15:52:53.044	-99.0
15:52:53.056	-97.9
15:52:53.064	-96.6
15:52:53.076	-96.6
15:52:53.089	-95.2
15:52:53.097	-94.4
15:52:53.109	-96.0
15:52:53.122	-96.1
15:52:53.130	-93.0
15:52:53.142	-89.0
15:52:53.154	-89.3
15:52:53.163	-87.9
15:52:53.175	-88.6
15:52:53.187	-87.5
15:52:53.199	-86.6
15:52:53.207	-82.4
15:52:53.221	-77.8
15:52:53.233	-75.7
15:52:53.241	-73.9
15:52:53.254	-72.9
15:52:53.266	-68.8
15:52:53.278	-67.2
15:52:53.286	-62.6
15:52:53.299	-58.9
15:52:53.311	-55.5
15:52:53.319	-54.7
15:52:53.331	-54.8
15:52:53.344	-53.3
15:52:53.355	-51.8
15:52:53.363	-50.0
15:52:53.375	-49.3
15:52:53.388	-47.2
15:52:53.396	-47.7
15:52:53.408	-49.1
15:52:53.420	-49.6
15:52:53.429	-49.4
15:52:53.441	-47.4
15:52:53.453	-46.6
15:52:53.461	-46.8
15:52:53.474	-46.6
15:52:53.486	-43.9
15:52:53.498	-44.4
15:52:53.507	-41.5
15:52:53.520	-39.6
15:52:53.532	-40.6
15:52:53.540	-40.5
15:52:53.552	-39.9
15:52:53.565	-38.4
15:52:53.573	-37.3
15:52:53.585	-36.6
15:52:53.598	-38.5
15:52:53.606	-37.2
15:52:53.618	-39.9
15:52:53.630	-39.9
15:52:53.639	-37.0
15:52:53.651	-34.6
15:52:53.663	-34.1
15:52:53.675	-36.0
15:52:53.684	-37.7
15:52:53.696	-38.8
15:52:53.708	-35.4
15:52:53.716	-35.3
15:52:53.729	-32.8
15:52:53.741	-32.9
15:52:53.753	-32.9
15:52:53.761	-33.6
15:52:53.774	-32.6
15:52:53.786	-29.7
15:52:53.794	-29.2
15:52:53.806	-28.2
15:52:53.819	-30.4
15:52:53.827	-27.0
15:52:53.839	-28.3
15:52:53.851	-27.8
15:52:53.860	-30.5
15:52:53.872	-31.5
15:52:53.884	-34.2
15:52:53.892	-35.2
15:52:53.905	-32.2
15:52:53.917	-33.0
15:52:53.929	-32.9
15:52:53.938	-38.0
15:52:53.950	-37.1
15:52:53.962	-36.4
15:52:53.970	-34.5
15:52:53.983	-34.0
15:52:53.995	-32.1
15:52:54.007	-30.9
15:52:54.015	-32.2
15:52:54.028	-29.9
15:52:54.040	-31.0
15:52:54.048	-26.7
15:52:54.060	-27.3
15:52:54.073	-26.3
15:52:54.081	-25.7
15:52:54.093	-22.7
15:52:54.105	-21.4
15:52:54.114	-22.5
15:52:54.126	-20.6
15:52:54.138	-20.9
15:52:54.146	-18.3
15:52:54.158	-18.7
15:52:54.170	-17.0
15:52:54.182	-16.8
15:52:54.191	-15.3
15:52:54.203	-17.0
15:52:54.215	-16.9
15:52:54.223	-15.8
15:52:54.236	-15.8
15:52:54.248	-14.0
15:52:54.256	-13.1
15:52:54.269	-12.8
15:52:54.281	-11.3
15:52:54.289	-10.8
15:52:54.302	-9.3
15:52:54.314	-8.7
15:52:54.326	-7.9
15:52:54.335	-8.7
15:52:54.347	-8.2
15:52:54.359	-9.7
15:52:54.367	-11.7
15:52:54.380	-13.1
15:52:54.392	-15.4
15:52:54.400	-16.9
15:52:54.412	-18.1
15:52:54.425	-17.4
15:52:54.437	-18.3
15:52:54.445	-14.7
15:52:54.457	-15.5
15:52:54.470	-15.4
15:52:54.478	-13.3
15:52:54.490	-11.8
15:52:54.502	-11.3
15:52:54.511	-9.5
15:52:54.523	-9.3
15:52:54.535	-10.8
15:52:54.543	-9.2
15:52:54.556	-8.9
15:52:54.568	-6.3
15:52:54.576	-4.5
15:52:54.588	-0.8
15:52:54.601	1.2
15:52:54.613	4.8
15:52:54.621	8.2
15:52:54.634	14.1
15:52:54.646	25.5
15:52:54.654	36.9
15:52:54.666	44.0
15:52:54.679	53.2
15:52:54.691	63.1
15:52:54.699	69.6
15:52:54.711	77.6
15:52:54.724	85.3
15:52:54.732	93.2
15:52:54.744	98.8
15:52:54.756	100.6
15:52:54.765	99.2
15:52:54.777	101.9
15:52:54.789	103.1
15:52:54.797	103.9
15:52:54.810	104.7
15:52:54.822	107.3
15:52:54.830	110.7
15:52:54.842	111.8
15:52:54.855	113.1
15:52:54.867	114.9
15:52:54.875	115.7
15:52:54.888	117.5
15:52:54.900	119.6
15:52:54.908	120.1
15:52:54.920	121.4
15:52:54.933	122.8
15:52:54.941	123.3
15:52:54.953	124.2
15:52:54.965	123.5
15:52:54.978	123.1
15:52:54.986	125.5
15:52:54.998	126.7
15:52:55.010	127.0
15:52:55.023	129.9
15:52:55.031	131.8
15:52:55.043	133.1
15:52:55.056	135.2
15:52:55.064	140.7
15:52:55.076	147.7
15:52:55.088	152.7
15:52:55.097	156.9
15:52:55.109	159.5
15:52:55.121	163.7
15:52:55.129	166.5
15:52:55.142	170.0
15:52:55.154	172.0
15:52:55.166	173.3
15:52:55.174	172.0
15:52:55.187	170.9
15:52:55.199	170.7
15:52:55.207	170.9
15:52:55.219	170.3
15:52:55.232	166.5
15:52:55.240	165.0
15:52:55.252	163.6
15:52:55.264	163.1
15:52:55.277	163.6
15:52:55.285	164.5
15:52:55.297	164.8
15:52:55.309	168.2
15:52:55.318	169.3
15:52:55.330	172.0
15:52:55.342	175.9
15:52:55.350	178.0
15:52:55.363	182.6
15:52:55.375	186.8
15:52:55.383	188.9
15:52:55.395	190.4
15:52:55.408	194.2
15:52:55.420	194.9
15:52:55.428	195.8
15:52:55.440	196.4
15:52:55.453	196.8
15:52:55.461	201.5
15:52:55.473	202.4
15:52:55.486	200.9
15:52:55.494	200.2
15:52:55.506	198.7
15:52:55.518	194.0
15:52:55.526	190.9
15:52:55.539	186.9
15:52:55.551	183.0
15:52:55.559	177.9
15:52:55.572	168.2
15:52:55.584	161.4
15:52:55.596	154.2
15:52:55.604	148.7
15:52:55.617	143.1
15:52:55.629	139.8
15:52:55.637	133.4
15:52:55.649	128.1
15:52:55.662	123.4
15:52:55.674	118.6
15:52:55.682	115.2
15:52:55.694	109.7
15:52:55.707	107.1
15:52:55.715	101.2
15:52:55.727	97.0
15:52:55.739	91.8
15:52:55.748	88.4
15:52:55.760	85.2
15:52:55.772	82.5
15:52:55.780	81.5
15:52:55.793	81.9
15:52:55.805	77.5
15:52:55.813	74.5
15:52:55.825	73.4
15:52:55.838	70.5
15:52:55.850	70.1
15:52:55.858	66.9
15:52:55.870	62.8
15:52:55.883	58.6
15:52:55.891	55.2
15:52:55.903	48.5
15:52:55.915	47.4
15:52:55.928	43.0
15:52:55.936	40.4
15:52:55.948	38.0
15:52:55.960	30.8
15:52:55.969	27.6
15:52:55.981	26.7
15:52:55.994	22.5
15:52:56.002	17.0
15:52:56.014	11.4
15:52:56.026	4.9
15:52:56.035	3.4
15:52:56.047	-0.4
15:52:56.059	-4.4
15:52:56.067	-4.0
15:52:56.079	-8.1
15:52:56.092	-12.8
15:52:56.104	-13.5
15:52:56.112	-14.1
15:52:56.124	-15.2
15:52:56.137	-14.5
15:52:56.145	-17.9
15:52:56.157	-22.4
15:52:56.169	-25.4
15:52:56.178	-33.1
15:52:56.190	-38.1
15:52:56.202	-42.3
15:52:56.210	-48.8
15:52:56.223	-53.8
15:52:56.235	-57.7
15:52:56.247	-63.3
15:52:56.255	-67.5
15:52:56.268	-69.4
15:52:56.280	-71.6
15:52:56.288	-72.6
15:52:56.301	-71.5
15:52:56.313	-72.6
15:52:56.321	-72.7
15:52:56.333	-72.8
15:52:56.346	-73.4
15:52:56.358	-73.6
15:52:56.366	-73.8
15:52:56.378	-76.3
15:52:56.391	-77.3
15:52:56.399	-78.2
15:52:56.411	-79.0
15:52:56.423	-81.1
15:52:56.432	-83.6
15:52:56.444	-84.9
15:52:56.456	-85.7
15:52:56.464	-87.2
15:52:56.477	-87.8
15:52:56.489	-86.5
15:52:56.497	-88.6
15:52:56.509	-91.1
15:52:56.522	-97.2
15:52:56.534	-101.0
15:52:56.542	-105.2
15:52:56.554	-108.1
15:52:56.567	-112.0
15:52:56.575	-114.5
15:52:56.587	-116.8
15:52:56.599	-120.2
15:52:56.612	-123.3
15:52:56.620	-124.7
15:52:56.632	-122.5
15:52:56.645	-121.1
15:52:56.653	-118.3
15:52:56.665	-119.1
15:52:56.677	-117.6
15:52:56.686	-115.4
15:52:56.698	-116.9
15:52:56.710	-115.2
15:52:56.719	-113.3
15:52:56.731	-113.2
15:52:56.743	-113.0
15:52:56.751	-111.0
15:52:56.763	-112.3
15:52:56.776	-111.8
15:52:56.788	-110.0
15:52:56.796	-109.7
15:52:56.809	-105.8
15:52:56.821	-105.5
15:52:56.829	-104.5
15:52:56.841	-102.3
15:52:56.854	-100.2
15:52:56.862	-98.9
15:52:56.874	-95.8
15:52:56.886	-91.8
15:52:56.899	-91.8
15:52:56.907	-88.8
15:52:56.919	-89.8
15:52:56.932	-87.5
15:52:56.940	-85.6
15:52:56.952	-82.1
15:52:56.964	-81.6
15:52:56.972	-79.3
15:52:56.985	-76.8
15:52:56.997	-74.8
15:52:57.005	-72.0
15:52:57.017	-73.0
15:52:57.030	-68.4
15:52:57.042	-67.8
15:52:57.050	-65.5
15:52:57.062	-65.9
15:52:57.075	-64.1
15:52:57.083	-64.6
15:52:57.095	-64.8
15:52:57.107	-65.8
15:52:57.116	-65.3
15:52:57.128	-62.9
15:52:57.140	-65.6
15:52:57.148	-64.2
15:52:57.161	-66.1
15:52:57.173	-64.4
15:52:57.185	-63.6
15:52:57.197	-62.4
15:52:57.206	-61.7
15:52:57.218	-60.4
15:52:57.230	-59.6
15:52:57.238	-58.7
15:52:57.251	-54.6
15:52:57.263	-55.0
15:52:57.271	-52.5
15:52:57.283	-48.7
15:52:57.296	-47.4
15:52:57.304	-45.2
15:52:57.316	-40.6
15:52:57.328	-37.9
15:52:57.341	-34.4
15:52:57.349	-33.5
15:52:57.361	-32.1
15:52:57.373	-31.2
15:52:57.381	-27.9
15:52:57.394	-26.8
15:52:57.406	-23.6
15:52:57.414	-18.3
15:52:57.426	-19.1
15:52:57.439	-17.7
15:52:57.447	-16.9
15:52:57.459	-15.5
15:52:57.471	-14.3
15:52:57.480	-12.6
15:52:57.492	-14.6
15:52:57.504	-15.8
15:52:57.516	-17.6
15:52:57.525	-20.6
15:52:57.537	-19.6
15:52:57.549	-19.7
15:52:57.557	-19.0
15:52:57.570	-19.7
15:52:57.582	-19.8
15:52:57.594	-20.7
15:52:57.602	-18.7
15:52:57.615	-17.6
15:52:57.627	-18.1
15:52:57.635	-18.6
15:52:57.647	-20.5
15:52:57.660	-21.0
15:52:57.668	-22.0
15:52:57.680	-20.0
15:52:57.692	-18.4
15:52:57.701	-12.9
15:52:57.713	-8.0
15:52:57.725	-5.6
15:52:57.733	-0.9
15:52:57.746	3.5
15:52:57.758	9.8
15:52:57.770	14.0
15:52:57.779	19.8
15:52:57.791	21.6
15:52:57.803	22.5
15:52:57.811	23.7
15:52:57.824	23.4
15:52:57.836	25.8
15:52:57.848	28.0
15:52:57.856	29.0
15:52:57.869	31.1
15:52:57.881	33.9
15:52:57.889	32.8
15:52:57.901	36.6
15:52:57.914	37.9
15:52:57.922	39.3
15:52:57.934	38.2
15:52:57.946	39.0
15:52:57.955	39.5
15:52:57.967	40.5
15:52:57.979	40.6
15:52:57.987	42.1
15:52:58.000	43.1
15:52:58.012	45.7
15:52:58.024	49.8
15:52:58.033	51.9
15:52:58.045	56.9
15:52:58.057	59.1
15:52:58.065	63.8
15:52:58.077	65.8
15:52:58.090	68.8
15:52:58.098	68.2
15:52:58.110	69.9
15:52:58.122	70.1
15:52:58.131	70.6
15:52:58.143	71.2
15:52:58.155	70.3
15:52:58.168	69.4
15:52:58.176	66.3
15:52:58.188	66.7
15:52:58.200	65.0
15:52:58.208	63.8
15:52:58.221	64.8
15:52:58.233	63.8
15:52:58.241	62.4
15:52:58.255	61.7
15:52:58.266	66.4
15:52:58.278	70.8
15:52:58.286	76.3
15:52:58.299	80.7
15:52:58.311	87.5
15:52:58.319	95.5
15:52:58.331	100.3
15:52:58.344	104.7
15:52:58.352	109.3
15:52:58.364	114.1
15:52:58.376	115.2
15:52:58.385	114.8
15:52:58.397	114.4
15:52:58.409	116.5
15:52:58.417	115.0
15:52:58.430	113.9
15:52:58.442	113.0
15:52:58.454	114.0
15:52:58.462	115.8
15:52:58.475	117.5
15:52:58.487	116.2
15:52:58.495	116.9
15:52:58.507	119.3
15:52:58.520	119.0
15:52:58.532	120.6
15:52:58.540	122.1
15:52:58.552	125.8
15:52:58.565	126.7
15:52:58.573	127.6
15:52:58.586	128.3
15:52:58.598	132.2
15:52:58.607	134.7
15:52:58.619	136.0
15:52:58.631	137.5
15:52:58.639	140.1
15:52:58.652	141.9
15:52:58.664	139.5
15:52:58.672	141.2
15:52:58.684	142.6
15:52:58.696	141.7
15:52:58.708	141.4
15:52:58.716	144.0
15:52:58.729	146.6
15:52:58.741	147.3
15:52:58.749	147.7
15:52:58.761	146.5
15:52:58.774	149.5
15:52:58.782	148.9
15:52:58.794	147.6
15:52:58.807	148.4
15:52:58.819	148.9
15:52:58.827	147.6
15:52:58.839	145.1
15:52:58.852	143.4
15:52:58.860	140.9
15:52:58.872	138.6
15:52:58.884	136.8
15:52:58.893	137.5
15:52:58.905	135.8
15:52:58.917	134.2
15:52:58.929	132.1
15:52:58.938	129.5
15:52:58.950	126.3
15:52:58.962	124.6
15:52:58.970	122.5
15:52:58.983	121.8
15:52:58.995	118.6
15:52:59.007	113.4
15:52:59.015	113.8
15:52:59.028	110.9
15:52:59.040	109.2
15:52:59.048	107.3
15:52:59.060	104.6
15:52:59.073	101.8
15:52:59.081	98.3
15:52:59.093	95.3
15:52:59.105	92.2
15:52:59.114	89.3
15:52:59.126	81.9
15:52:59.138	77.8
15:52:59.146	72.7
15:52:59.159	66.4
15:52:59.171	61.7
15:52:59.183	56.6
15:52:59.191	52.4
15:52:59.204	48.5
15:52:59.216	44.8
15:52:59.224	41.4
15:52:59.236	39.9
15:52:59.249	36.5
15:52:59.261	34.5
15:52:59.269	34.4
15:52:59.282	32.1
15:52:59.294	31.9
15:52:59.302	29.5
15:52:59.314	25.7
15:52:59.327	22.8
15:52:59.335	20.5
15:52:59.347	18.0
15:52:59.359	16.6
15:52:59.368	14.3
15:52:59.380	10.0
15:52:59.392	10.3
15:52:59.400	5.1
15:52:59.413	4.0
15:52:59.425	3.4
15:52:59.437	1.3
15:52:59.445	1.2
15:52:59.458	0.4
15:52:59.470	1.5
15:52:59.478	0.4
15:52:59.490	3.6
15:52:59.503	-0.2
15:52:59.515	0.0
15:52:59.523	-0.2
15:52:59.536	-0.6
15:52:59.548	-0.6
15:52:59.556	-2.0
15:52:59.568	-2.5
15:52:59.580	-4.5
15:52:59.589	-5.5
15:52:59.601	-7.9
15:52:59.613	-6.8
15:52:59.621	-6.1
15:52:59.634	-7.7
15:52:59.646	-6.6
15:52:59.654	-7.5
15:52:59.667	-7.8
15:52:59.679	-10.0
15:52:59.691	-11.1
15:52:59.699	-14.3
15:52:59.712	-16.6
15:52:59.724	-18.8
15:52:59.732	-21.1
15:52:59.744	-20.8
15:52:59.757	-23.9
15:52:59.769	-23.6
15:52:59.777	-26.4
15:52:59.789	-27.5
15:52:59.802	-27.9
15:52:59.810	-27.3
15:52:59.822	-28.7
15:52:59.834	-28.0
15:52:59.843	-27.6
15:52:59.855	-30.0
15:52:59.867	-29.9
15:52:59.875	-30.9
15:52:59.889	-29.3
15:52:59.901	-29.0
15:52:59.909	-30.2
15:52:59.921	-37.2
15:52:59.934	-44.4
15:52:59.946	-50.7
15:52:59.954	-55.8
15:52:59.966	-61.7
15:52:59.979	-69.6
15:52:59.987	-77.1
15:52:59.999	-85.4
15:53:00.011	-92.9
15:53:00.020	-100.1
15:53:00.032	-100.2
15:53:00.044	-99.3
15:53:00.052	-100.0
15:53:00.065	-101.9
15:53:00.077	-102.3
15:53:00.089	-101.6
15:53:00.097	-101.6
15:53:00.109	-100.2
15:53:00.121	-99.5
15:53:00.129	-98.5
15:53:00.142	-99.5
15:53:00.154	-98.4
15:53:00.162	-101.1
15:53:00.174	-103.5
15:53:00.187	-105.7
15:53:00.199	-108.8
15:53:00.207	-110.6
15:53:00.219	-116.3
15:53:00.232	-117.5
15:53:00.240	-122.0
15:53:00.252	-125.7
15:53:00.264	-130.7
15:53:00.273	-130.8
15:53:00.285	-132.5
15:53:00.297	-133.9
15:53:00.306	-134.6
15:53:00.318	-134.3
15:53:00.330	-130.8
15:53:00.338	-131.9
15:53:00.351	-131.0
15:53:00.363	-130.0
15:53:00.375	-128.8
15:53:00.383	-129.9
15:53:00.396	-128.7
15:53:00.408	-126.1
15:53:00.416	-125.7
15:53:00.428	-122.8
15:53:00.441	-124.3
15:53:00.453	-121.9
15:53:00.461	-119.9
15:53:00.473	-117.8
15:53:00.487	-116.0
15:53:00.494	-115.0
15:53:00.507	-113.9
15:53:00.519	-112.5
15:53:00.528	-109.7
15:53:00.540	-109.9
15:53:00.552	-107.5
15:53:00.560	-109.1
15:53:00.573	-108.4
15:53:00.585	-107.4
15:53:00.593	-107.2
15:53:00.605	-104.9
15:53:00.618	-104.7
15:53:00.630	-102.5
15:53:00.638	-100.7
15:53:00.650	-98.0
15:53:00.663	-96.5
15:53:00.671	-94.3
15:53:00.683	-92.8
15:53:00.695	-87.8
15:53:00.703	-86.8
15:53:00.715	-84.9
15:53:00.728	-81.0
15:53:00.740	-80.9
15:53:00.748	-79.2
15:53:00.760	-78.6
15:53:00.773	-76.3
15:53:00.781	-72.4
15:53:00.793	-71.2
15:53:00.805	-72.2
15:53:00.814	-69.7
15:53:00.826	-67.9
15:53:00.838	-66.9
15:53:00.846	-65.2
15:53:00.859	-64.3
15:53:00.871	-63.6
15:53:00.883	-62.4
15:53:00.891	-61.9
15:53:00.904	-60.3
15:53:00.916	-57.8
15:53:00.924	-55.1
15:53:00.936	-54.0
15:53:00.949	-52.8
15:53:00.957	-53.6
15:53:00.969	-51.0
15:53:00.982	-50.6
15:53:00.990	-50.4
15:53:01.002	-51.1
15:53:01.014	-49.8
15:53:01.026	-48.7
15:53:01.035	-48.3
15:53:01.047	-48.5
15:53:01.059	-46.2
15:53:01.067	-43.9
15:53:01.080	-44.2
15:53:01.092	-43.6
15:53:01.100	-41.8
15:53:01.113	-39.5
15:53:01.125	-38.2
15:53:01.137	-38.9
15:53:01.145	-39.0
15:53:01.158	-36.5
15:53:01.170	-34.9
15:53:01.182	-32.4
15:53:01.190	-28.5
15:53:01.203	-26.8
15:53:01.215	-27.9
15:53:01.223	-27.8
15:53:01.235	-27.2
15:53:01.248	-24.1
15:53:01.256	-21.5
15:53:01.268	-19.6
15:53:01.280	-18.5
15:53:01.289	-16.2
15:53:01.301	-13.2
15:53:01.313	-4.4
15:53:01.321	6.5
15:53:01.334	17.1
15:53:01.346	27.4
15:53:01.358	36.6
15:53:01.366	44.6
15:53:01.379	55.2
15:53:01.391	63.9
15:53:01.399	72.0
15:53:01.411	77.1
15:53:01.424	79.5
15:53:01.436	80.5
15:53:01.444	79.5
15:53:01.457	80.9
15:53:01.469	80.3
15:53:01.477	81.3
15:53:01.489	79.6
15:53:01.501	78.1
15:53:01.510	76.3
15:53:01.522	75.3
15:53:01.534	72.9
15:53:01.542	71.6
15:53:01.555	73.1
15:53:01.567	68.8
15:53:01.575	67.2
15:53:01.587	65.5
15:53:01.600	63.1
15:53:01.612	63.0
15:53:01.620	61.3
15:53:01.633	59.6
15:53:01.645	58.5
15:53:01.653	55.7
15:53:01.665	51.4
15:53:01.678	52.7
15:53:01.690	50.1
15:53:01.698	49.6
15:53:01.710	47.8
15:53:01.723	45.3
15:53:01.731	44.8
15:53:01.743	42.3
15:53:01.755	39.2
15:53:01.764	41.0
15:53:01.776	39.8
15:53:01.788	36.7
15:53:01.796	37.0
15:53:01.809	36.2
15:53:01.821	36.0
15:53:01.829	34.7
15:53:01.841	32.4
15:53:01.854	31.1
15:53:01.866	32.9
15:53:01.874	29.6
15:53:01.886	30.6
15:53:01.899	31.4
15:53:01.907	31.5
15:53:01.919	29.5
15:53:01.931	30.0
15:53:01.940	30.7
15:53:01.952	31.4
15:53:01.964	33.2
15:53:01.972	34.6
15:53:01.985	35.3
15:53:01.997	35.9
15:53:02.009	35.4
15:53:02.018	34.7
15:53:02.030	36.3
15:53:02.042	36.4
15:53:02.050	35.4
15:53:02.063	36.6
15:53:02.075	37.6
15:53:02.083	35.9
15:53:02.095	35.7
15:53:02.108	34.9
15:53:02.120	35.3
15:53:02.128	35.7
15:53:02.140	35.6
15:53:02.153	34.2
15:53:02.161	35.0
15:53:02.173	32.0
15:53:02.185	32.3
15:53:02.194	32.4
15:53:02.207	33.5
15:53:02.219	31.9
15:53:02.227	32.7
15:53:02.239	36.4
15:53:02.251	41.0
15:53:02.259	47.7
15:53:02.271	54.7
15:53:02.284	65.1
15:53:02.296	74.0
15:53:02.304	84.4
15:53:02.316	92.4
15:53:02.329	104.4
15:53:02.337	113.4
15:53:02.349	122.8
15:53:02.362	129.6
15:53:02.374	134.2
15:53:02.382	137.0
15:53:02.394	138.1
15:53:02.407	139.5
15:53:02.415	139.6
15:53:02.427	144.5
15:53:02.439	147.3
15:53:02.448	151.3
15:53:02.460	150.9
15:53:02.472	155.0
15:53:02.480	157.6
15:53:02.493	162.7
15:53:02.505	166.1
15:53:02.513	169.2
15:53:02.525	171.6
15:53:02.538	170.9
15:53:02.550	171.3
15:53:02.558	172.7
15:53:02.570	180.3
15:53:02.583	185.6
15:53:02.591	194.4
15:53:02.603	202.4
15:53:02.615	212.6
15:53:02.624	222.8
15:53:02.636	233.8
15:53:02.648	244.5
15:53:02.660	252.6
15:53:02.669	260.1
15:53:02.681	260.2
15:53:02.693	260.2
15:53:02.702	258.8
15:53:02.715	257.2
15:53:02.726	255.3
15:53:02.734	249.3
15:53:02.746	245.2
15:53:02.760	240.3
15:53:02.768	238.6
15:53:02.780	236.9
15:53:02.792	236.0
15:53:02.805	235.3
15:53:02.813	232.2
15:53:02.825	228.1
15:53:02.838	222.7
15:53:02.850	218.8
15:53:02.858	215.9
15:53:02.870	214.1
15:53:02.883	210.6
15:53:02.891	207.0
15:53:02.903	204.6
15:53:02.915	201.5
15:53:02.924	198.4
15:53:02.936	193.9
15:53:02.948	192.0
15:53:02.960	189.9
15:53:02.969	186.6
15:53:02.980	182.4
15:53:02.992	179.7
15:53:03.000	176.8
15:53:03.013	171.4
15:53:03.025	167.6
15:53:03.034	164.3
15:53:03.046	162.5
15:53:03.058	159.9
15:53:03.066	156.1
15:53:03.079	153.5
15:53:03.091	153.6
15:53:03.103	152.0
15:53:03.111	146.6
15:53:03.124	147.3
15:53:03.136	142.9
15:53:03.144	141.2
15:53:03.156	138.8
15:53:03.169	135.7
15:53:03.177	136.1
15:53:03.189	132.7
15:53:03.201	127.8
15:53:03.210	126.9
15:53:03.222	126.9
15:53:03.234	123.4
15:53:03.242	121.3
15:53:03.255	118.7
15:53:03.267	117.0
15:53:03.279	114.1
15:53:03.287	111.9
15:53:03.300	111.0
15:53:03.312	111.6
15:53:03.320	108.4
15:53:03.332	106.9
15:53:03.345	106.1
15:53:03.357	106.9
15:53:03.365	106.6
15:53:03.378	104.8
15:53:03.390	107.0
15:53:03.398	106.1
15:53:03.410	105.7
15:53:03.423	104.0
15:53:03.431	103.8
15:53:03.443	103.3
15:53:03.455	104.1
15:53:03.464	102.9
15:53:03.476	103.5
15:53:03.488	105.4
15:53:03.496	103.1
15:53:03.509	103.2
15:53:03.521	104.6
15:53:03.533	104.4
15:53:03.542	104.0
15:53:03.554	102.8
15:53:03.566	99.4
15:53:03.574	97.3
15:53:03.587	96.4
15:53:03.599	95.1
15:53:03.611	95.4
15:53:03.619	92.8
15:53:03.632	90.7
15:53:03.644	89.9
15:53:03.652	87.5
15:53:03.664	87.0
15:53:03.677	85.2
15:53:03.685	85.5
15:53:03.697	84.2
15:53:03.709	83.1
15:53:03.718	81.6
15:53:03.730	85.2
15:53:03.742	85.5
15:53:03.750	85.8
15:53:03.763	85.5
15:53:03.775	83.0
15:53:03.787	83.7
15:53:03.795	81.5
15:53:03.808	80.1
15:53:03.820	78.7
15:53:03.828	80.9
15:53:03.840	77.3
15:53:03.853	74.7
15:53:03.861	74.6
15:53:03.873	75.2
15:53:03.886	75.5
15:53:03.894	74.9
15:53:03.906	74.9
15:53:03.918	71.2
15:53:03.930	70.5
15:53:03.939	66.6
15:53:03.951	65.3
15:53:03.963	63.6
15:53:03.971	59.0
15:53:03.984	55.4
15:53:03.996	55.3
15:53:04.004	52.6
15:53:04.016	50.1
15:53:04.029	49.9
15:53:04.041	48.0
15:53:04.049	47.7
15:53:04.062	47.2
15:53:04.074	46.3
15:53:04.082	46.0
15:53:04.094	47.4
15:53:04.107	43.2
15:53:04.115	43.5
15:53:04.127	45.0
15:53:04.140	46.3
15:53:04.148	45.6
15:53:04.160	43.4
15:53:04.172	42.6
15:53:04.180	43.3
15:53:04.193	45.0
15:53:04.205	42.5
15:53:04.217	45.6
15:53:04.225	44.6
15:53:04.238	44.3
15:53:04.250	45.5
15:53:04.258	46.1
15:53:04.271	47.4
15:53:04.283	46.9
15:53:04.295	47.4
15:53:04.303	45.1
15:53:04.316	45.8
15:53:04.328	46.5
15:53:04.336	45.9
15:53:04.348	45.6
15:53:04.361	44.8
15:53:04.369	45.3
15:53:04.381	45.7
15:53:04.393	45.6
15:53:04.402	44.6
15:53:04.414	47.9
15:53:04.426	49.6
15:53:04.434	48.9
15:53:04.447	57.0
15:53:04.459	68.5
15:53:04.471	79.1
15:53:04.479	89.7
15:53:04.492	102.3
15:53:04.504	113.6
15:53:04.512	124.4
15:53:04.524	133.7
15:53:04.537	141.0
15:53:04.545	151.0
15:53:04.557	155.1
15:53:04.569	153.5
15:53:04.582	152.7
15:53:04.590	153.4
15:53:04.602	150.8
15:53:04.615	151.3
15:53:04.623	152.7
15:53:04.635	149.4
15:53:04.647	148.7
15:53:04.655	146.3
15:53:04.668	144.4
15:53:04.680	143.2
15:53:04.688	142.8
15:53:04.701	140.9
15:53:04.713	139.1
15:53:04.725	135.6
15:53:04.733	132.2
15:53:04.746	129.9
15:53:04.758	129.8
15:53:04.766	127.7
15:53:04.778	124.6
15:53:04.791	123.3
15:53:04.799	119.9
15:53:04.811	118.4
15:53:04.823	117.4
15:53:04.836	115.8
15:53:04.844	112.5
15:53:04.856	111.8
15:53:04.868	110.1
15:53:04.881	109.7
15:53:04.889	110.8
15:53:04.901	107.4
15:53:04.913	104.3
15:53:04.922	100.2
15:53:04.934	95.6
15:53:04.942	93.0
15:53:04.954	88.9
15:53:04.967	85.2
15:53:04.979	77.4
15:53:04.987	70.1
15:53:04.999	62.7
15:53:05.012	58.3
15:53:05.020	53.9
15:53:05.032	49.8
15:53:05.045	42.9
15:53:05.057	36.0
15:53:05.065	32.2
15:53:05.077	27.4
15:53:05.089	24.6
15:53:05.098	21.8
15:53:05.110	18.5
15:53:05.122	12.6
15:53:05.130	8.9
15:53:05.143	3.6
15:53:05.155	0.2
15:53:05.163	-5.4
15:53:05.176	-10.3
15:53:05.188	-16.6
15:53:05.200	-22.3
15:53:05.208	-27.2
15:53:05.221	-32.5
15:53:05.233	-34.1
15:53:05.241	-38.8
15:53:05.253	-43.0
15:53:05.266	-46.5
15:53:05.278	-47.1
15:53:05.286	-50.8
15:53:05.298	-50.0
15:53:05.311	-52.9
15:53:05.319	-53.8
15:53:05.331	-54.8
15:53:05.343	-57.2
15:53:05.352	-59.5
15:53:05.364	-61.4
15:53:05.376	-63.6
15:53:05.384	-66.5
15:53:05.397	-67.9
15:53:05.409	-70.1
15:53:05.417	-69.2
15:53:05.429	-68.2
15:53:05.442	-69.6
15:53:05.454	-69.3
15:53:05.462	-69.0
15:53:05.474	-66.3
15:53:05.487	-63.4
15:53:05.495	-61.1
15:53:05.507	-59.1
15:53:05.519	-62.6
15:53:05.532	-62.6
15:53:05.540	-65.2
15:53:05.552	-65.8
15:53:05.564	-68.4
15:53:05.573	-71.4
15:53:05.585	-76.5
15:53:05.598	-81.5
15:53:05.605	-87.0
15:53:05.618	-93.5
15:53:05.630	-98.8
15:53:05.638	-111.1
15:53:05.651	-125.9
15:53:05.663	-139.9
15:53:05.671	-153.0
15:53:05.683	-163.6
15:53:05.696	-177.5
15:53:05.708	-188.6
15:53:05.716	-198.4
15:53:05.729	-205.4
15:53:05.741	-210.6
15:53:05.749	-211.1
15:53:05.761	-208.6
15:53:05.774	-207.5
15:53:05.782	-208.6
15:53:05.794	-211.0
15:53:05.806	-208.2
15:53:05.815	-207.2
15:53:05.827	-208.3
15:53:05.839	-207.9
15:53:05.851	-208.2
15:53:05.860	-210.3
15:53:05.872	-214.0
15:53:05.884	-217.1
15:53:05.892	-218.0
15:53:05.905	-218.9
15:53:05.917	-221.7
15:53:05.925	-223.1
15:53:05.937	-222.2
15:53:05.950	-225.0
15:53:05.962	-226.6
15:53:05.970	-225.5
15:53:05.982	-225.2
15:53:05.995	-222.0
15:53:06.003	-221.3
15:53:06.015	-220.7
15:53:06.027	-219.5
15:53:06.036	-220.8
15:53:06.048	-221.5
15:53:06.061	-223.2
15:53:06.069	-224.1
15:53:06.081	-226.0
15:53:06.093	-225.9
15:53:06.101	-227.3
15:53:06.113	-226.0
15:53:06.126	-224.3
15:53:06.138	-226.4
15:53:06.146	-225.9
15:53:06.158	-228.8
15:53:06.171	-227.2
15:53:06.179	-225.1
15:53:06.191	-224.1
15:53:06.203	-221.5
15:53:06.216	-222.0
15:53:06.224	-222.2
15:53:06.236	-222.2
15:53:06.248	-218.9
15:53:06.257	-217.2
15:53:06.269	-213.8
15:53:06.281	-210.6
15:53:06.289	-209.9
15:53:06.302	-208.0
15:53:06.314	-207.1
15:53:06.322	-204.4
15:53:06.334	-203.3
15:53:06.347	-202.0
15:53:06.355	-200.6
15:53:06.367	-197.5
15:53:06.380	-195.7
15:53:06.392	-192.5
15:53:06.400	-189.0
15:53:06.412	-186.7
15:53:06.425	-184.0
15:53:06.433	-179.5
15:53:06.445	-177.2
15:53:06.458	-173.3
15:53:06.466	-170.7
15:53:06.478	-170.1
15:53:06.490	-166.3
15:53:06.502	-166.3
15:53:06.511	-163.9
15:53:06.523	-160.8
15:53:06.535	-160.7
15:53:06.543	-162.3
15:53:06.556	-160.6
15:53:06.568	-159.9
15:53:06.576	-156.6
15:53:06.588	-153.8
15:53:06.601	-152.9
15:53:06.609	-151.3
15:53:06.621	-151.4
15:53:06.634	-151.7
15:53:06.646	-149.7
15:53:06.654	-145.9
15:53:06.666	-142.0
15:53:06.679	-140.6
15:53:06.687	-139.1
15:53:06.699	-137.0
15:53:06.711	-134.4
15:53:06.720	-133.0
15:53:06.732	-131.9
15:53:06.744	-129.3
15:53:06.756	-126.7
15:53:06.765	-125.8
15:53:06.777	-126.3
15:53:06.789	-123.2
15:53:06.801	-122.8
15:53:06.810	-120.9
15:53:06.822	-118.9
15:53:06.834	-116.8
15:53:06.842	-114.1
15:53:06.855	-112.4
15:53:06.867	-110.6
15:53:06.875	-109.7
15:53:06.887	-107.9
15:53:06.900	-107.5
15:53:06.908	-105.0
15:53:06.920	-105.3
15:53:06.933	-104.1
15:53:06.945	-102.3
15:53:06.953	-97.0
15:53:06.965	-94.8
15:53:06.973	-92.8
15:53:06.986	-91.4
15:53:06.998	-87.9
15:53:07.010	-85.5
15:53:07.018	-86.0
15:53:07.031	-84.3
15:53:07.043	-83.6
15:53:07.051	-83.3
15:53:07.063	-85.9
15:53:07.076	-84.6
15:53:07.084	-84.2
15:53:07.096	-84.2
15:53:07.109	-84.1
15:53:07.121	-81.5
15:53:07.129	-77.3
15:53:07.141	-73.1
15:53:07.154	-71.1
15:53:07.162	-67.8
15:53:07.174	-67.6
15:53:07.186	-68.3
15:53:07.199	-67.0
15:53:07.207	-62.9
15:53:07.219	-62.2
15:53:07.231	-62.8
15:53:07.240	-64.7
15:53:07.252	-65.2
15:53:07.264	-64.0
15:53:07.272	-64.6
15:53:07.285	-62.6
15:53:07.297	-60.7
15:53:07.305	-58.8
15:53:07.317	-59.7
15:53:07.330	-57.9
15:53:07.338	-56.7
15:53:07.350	-52.8
15:53:07.362	-52.0
15:53:07.375	-50.8
15:53:07.383	-49.9
15:53:07.395	-48.1
15:53:07.408	-46.5
15:53:07.416	-45.7
15:53:07.429	-43.4
15:53:07.441	-43.1
15:53:07.453	-42.1
15:53:07.461	-42.4
15:53:07.474	-39.9
15:53:07.486	-38.9
15:53:07.494	-37.4
15:53:07.507	-36.8
15:53:07.519	-37.4
15:53:07.527	-38.9
15:53:07.539	-40.0
15:53:07.551	-38.7
15:53:07.560	-38.4
15:53:07.572	-38.5
15:53:07.584	-40.3
15:53:07.592	-37.9
15:53:07.605	-38.8
15:53:07.617	-37.7
15:53:07.629	-35.7
15:53:07.637	-32.5
15:53:07.650	-31.9
15:53:07.662	-32.0
15:53:07.670	-30.5
15:53:07.683	-28.5
15:53:07.695	-28.1
15:53:07.703	-31.3
15:53:07.715	-30.8
15:53:07.728	-32.0
15:53:07.736	-30.4
15:53:07.748	-32.0
15:53:07.761	-28.4
15:53:07.773	-27.3
15:53:07.781	-26.5
15:53:07.793	-25.5
15:53:07.806	-24.4
15:53:07.814	-22.2
15:53:07.826	-17.9
15:53:07.838	-15.8
15:53:07.847	-16.0
15:53:07.859	-14.3
15:53:07.871	-15.4
15:53:07.883	-16.0
15:53:07.892	-16.3
15:53:07.904	-17.7
15:53:07.916	-18.5
15:53:07.924	-18.5
15:53:07.937	-21.9
15:53:07.949	-22.3
15:53:07.957	-23.8
15:53:07.969	-23.1
15:53:07.982	-22.7
15:53:07.990	-22.0
15:53:08.002	-22.0
15:53:08.015	-22.3
15:53:08.023	-20.4
15:53:08.035	-22.1
15:53:08.047	-20.0
15:53:08.059	-18.6
15:53:08.068	-15.8
15:53:08.080	-16.2
15:53:08.092	-14.1
15:53:08.100	-12.1
15:53:08.113	-10.7
15:53:08.125	-10.2
15:53:08.137	-9.4
15:53:08.146	-6.5
15:53:08.158	-5.6
15:53:08.170	-5.6
15:53:08.178	-7.9
15:53:08.191	-5.8
15:53:08.203	-6.6
15:53:08.211	-5.5
15:53:08.223	-5.2
15:53:08.236	-3.6
15:53:08.244	-2.5
15:53:08.256	-2.4
15:53:08.268	-1.1
15:53:08.277	1.0
15:53:08.289	3.8
15:53:08.301	3.5
15:53:08.313	5.7
15:53:08.322	7.4
15:53:08.334	11.3
15:53:08.346	14.1
15:53:08.355	18.7
15:53:08.367	26.9
15:53:08.379	32.8
15:53:08.387	37.6
15:53:08.400	43.8
15:53:08.412	51.9
15:53:08.424	57.9
15:53:08.432	62.5
15:53:08.445	64.7
15:53:08.457	66.6
15:53:08.465	67.8
15:53:08.477	66.0
15:53:08.490	65.4
15:53:08.498	65.8
15:53:08.509	65.4
15:53:08.522	65.1
15:53:08.530	63.5
15:53:08.542	62.2
15:53:08.555	62.5
15:53:08.567	64.7
15:53:08.575	65.9
15:53:08.587	66.5
15:53:08.599	65.3
15:53:08.608	65.0
15:53:08.620	65.3
15:53:08.632	63.5
15:53:08.640	63.5
15:53:08.653	63.8
15:53:08.665	62.6
15:53:08.673	63.1
15:53:08.685	61.0
15:53:08.698	59.0
15:53:08.710	58.6
15:53:08.718	57.5
15:53:08.730	57.2
15:53:08.743	56.3
15:53:08.751	55.6
15:53:08.764	53.1
15:53:08.775	52.5
15:53:08.784	51.9
15:53:08.796	51.6
15:53:08.808	52.1
15:53:08.820	51.4
15:53:08.829	52.7
15:53:08.841	51.8
15:53:08.853	54.0
15:53:08.861	54.0
15:53:08.874	55.7
15:53:08.886	56.9
15:53:08.894	54.6
15:53:08.906	54.6
15:53:08.919	56.2
15:53:08.927	58.4
15:53:08.939	58.1
15:53:08.951	61.3
15:53:08.964	61.5
15:53:08.972	63.7
15:53:08.984	66.4
15:53:08.997	68.7
15:53:09.005	72.2
15:53:09.017	76.4
15:53:09.029	78.4
15:53:09.042	80.8
15:53:09.050	85.2
15:53:09.063	85.4
15:53:09.075	88.9
15:53:09.084	90.8
15:53:09.096	92.6
15:53:09.108	95.7
15:53:09.120	97.5
15:53:09.129	97.5
15:53:09.141	97.7
15:53:09.153	99.2
15:53:09.161	97.9
15:53:09.174	102.6
15:53:09.186	101.0
15:53:09.194	101.9
15:53:09.206	103.3
15:53:09.219	103.5
15:53:09.227	106.3
15:53:09.239	107.4
15:53:09.251	109.5
15:53:09.260	108.2
15:53:09.272	109.7
15:53:09.284	105.5
15:53:09.297	107.0
15:53:09.305	105.2
15:53:09.317	101.9
15:53:09.329	99.7
15:53:09.337	95.1
15:53:09.350	91.6
15:53:09.362	89.2
15:53:09.374	89.0
15:53:09.383	85.4
15:53:09.395	82.9
15:53:09.407	77.6
15:53:09.415	71.3
15:53:09.428	67.9
15:53:09.440	64.2
15:53:09.448	61.4
15:53:09.460	60.7
15:53:09.473	56.6
15:53:09.481	51.7
15:53:09.493	48.9
15:53:09.505	46.0
15:53:09.514	44.3
15:53:09.526	46.1
15:53:09.538	42.8
15:53:09.550	40.7
15:53:09.559	38.5
15:53:09.571	35.6
15:53:09.583	31.1
15:53:09.591	30.9
15:53:09.604	28.3
15:53:09.616	27.0
15:53:09.624	24.0
15:53:09.636	21.8
15:53:09.649	21.7
15:53:09.657	19.9
15:53:09.669	18.5
15:53:09.681	17.3
15:53:09.694	19.1
15:53:09.702	16.4
15:53:09.714	16.0
15:53:09.726	11.4
15:53:09.735	11.4
15:53:09.747	8.8
15:53:09.759	7.3
15:53:09.767	6.0
15:53:09.780	4.8
15:53:09.792	4.1
15:53:09.804	1.8
15:53:09.812	1.2
15:53:09.825	-1.6
15:53:09.837	2.6
15:53:09.845	0.8
15:53:09.857	1.1
15:53:09.870	-1.6
15:53:09.878	-2.5
15:53:09.890	-3.4
15:53:09.903	-6.6
15:53:09.911	-7.1
15:53:09.923	-9.2
15:53:09.935	-10.0
15:53:09.943	-13.6
15:53:09.956	-15.5
15:53:09.968	-20.3
15:53:09.980	-25.4
15:53:09.989	-33.0
15:53:10.001	-41.0
15:53:10.013	-46.7
15:53:10.021	-53.5
15:53:10.034	-59.8
15:53:10.046	-65.6
15:53:10.058	-72.1
15:53:10.066	-79.0
15:53:10.079	-81.3
15:53:10.091	-82.0
15:53:10.099	-83.4
15:53:10.111	-82.8
15:53:10.124	-83.4
15:53:10.132	-84.0
15:53:10.144	-83.5
15:53:10.156	-85.7
15:53:10.165	-86.8
15:53:10.177	-86.7
15:53:10.189	-89.0
15:53:10.197	-88.7
15:53:10.210	-86.8
15:53:10.222	-85.6
15:53:10.234	-85.2
15:53:10.242	-85.0
15:53:10.255	-84.2
15:53:10.267	-82.7
15:53:10.275	-84.5
15:53:10.287	-85.2
15:53:10.300	-85.9
15:53:10.308	-88.6
15:53:10.320	-92.0
15:53:10.332	-95.7
15:53:10.345	-100.4
15:53:10.353	-104.7
15:53:10.365	-110.3
15:53:10.378	-113.5
15:53:10.386	-114.3
15:53:10.398	-116.0
15:53:10.410	-116.8
15:53:10.419	-117.2
15:53:10.431	-115.1
15:53:10.443	-116.8
15:53:10.451	-115.1
15:53:10.464	-114.0
15:53:10.476	-111.8
15:53:10.488	-111.2
15:53:10.496	-109.7
15:53:10.509	-108.2
15:53:10.521	-108.5
15:53:10.529	-104.8
15:53:10.541	-105.4
15:53:10.554	-101.8
15:53:10.562	-101.5
15:53:10.574	-100.5
15:53:10.586	-99.1
15:53:10.595	-97.4
15:53:10.607	-96.0
15:53:10.619	-95.9
15:53:10.631	-94.0
15:53:10.640	-95.5
15:53:10.652	-94.2
15:53:10.664	-94.2
15:53:10.672	-90.8
15:53:10.685	-88.0
15:53:10.697	-87.3
15:53:10.705	-85.8
15:53:10.717	-83.6
15:53:10.730	-81.3
15:53:10.742	-79.3
15:53:10.750	-75.9
15:53:10.762	-73.1
15:53:10.775	-73.2
15:53:10.783	-73.5
15:53:10.795	-73.0
15:53:10.807	-72.1
15:53:10.816	-72.4
15:53:10.828	-72.4
15:53:10.840	-71.3
15:53:10.848	-68.6
15:53:10.861	-69.3
15:53:10.873	-69.4
15:53:10.885	-66.1
15:53:10.893	-64.8
15:53:10.906	-65.0
15:53:10.918	-62.7
15:53:10.926	-59.7
15:53:10.938	-58.2
15:53:10.951	-57.1
15:53:10.963	-57.8
15:53:10.971	-56.5
15:53:10.984	-55.5
15:53:10.996	-54.7
15:53:11.004	-53.4
15:53:11.016	-51.2
15:53:11.029	-51.3
15:53:11.041	-49.3
15:53:11.049	-48.0
15:53:11.061	-46.3
15:53:11.074	-44.6
15:53:11.082	-44.6
15:53:11.094	-45.0
15:53:11.106	-43.7
15:53:11.115	-43.9
15:53:11.127	-42.3
15:53:11.139	-41.3
15:53:11.147	-40.4
15:53:11.160	-37.9
15:53:11.172	-36.4
15:53:11.180	-35.3
15:53:11.192	-32.9
15:53:11.205	-30.8
15:53:11.217	-29.3
15:53:11.225	-26.8
15:53:11.237	-24.7
15:53:11.250	-22.9
15:53:11.258	-23.2
15:53:11.270	-25.0
15:53:11.282	-24.2
15:53:11.295	-24.0
15:53:11.303	-24.0
15:53:11.315	-22.9
15:53:11.328	-23.1
15:53:11.336	-23.3
15:53:11.348	-22.3
15:53:11.360	-21.9
15:53:11.369	-19.5
15:53:11.381	-15.4
15:53:11.393	-13.0
15:53:11.402	-10.1
15:53:11.414	-6.9
15:53:11.426	-5.2
15:53:11.434	-2.7
15:53:11.447	-0.2
15:53:11.459	1.3
15:53:11.471	2.9
15:53:11.479	2.5
15:53:11.492	-0.1
15:53:11.504	0.0
15:53:11.512	0.8
15:53:11.524	0.3
15:53:11.537	1.7
15:53:11.545	1.5
15:53:11.557	4.3
15:53:11.569	2.0
15:53:11.578	2.5
15:53:11.590	4.8
15:53:11.602	7.3
15:53:11.615	7.4
15:53:11.623	7.4
15:53:11.635	9.1
15:53:11.647	6.0
15:53:11.656	6.4
15:53:11.668	4.2
15:53:11.680	4.3
15:53:11.688	5.0
15:53:11.701	4.8
15:53:11.713	7.3
15:53:11.725	6.8
15:53:11.733	6.3
15:53:11.746	5.1
15:53:11.758	7.7
15:53:11.766	9.3
15:53:11.778	10.0
15:53:11.791	13.1
15:53:11.799	11.3
15:53:11.811	12.7
15:53:11.823	9.9
15:53:11.832	10.2
15:53:11.844	10.7
15:53:11.856	10.9
15:53:11.864	11.8
15:53:11.877	11.2
15:53:11.889	11.7
15:53:11.901	12.0
15:53:11.909	14.8
15:53:11.922	13.8
15:53:11.934	16.5
15:53:11.942	15.5
15:53:11.955	16.5
15:53:11.967	18.6
15:53:11.979	17.6
15:53:11.987	19.4
15:53:12.000	19.4
15:53:12.012	18.3
15:53:12.020	19.1
15:53:12.032	21.3
15:53:12.045	20.4
15:53:12.053	23.3
15:53:12.065	23.0
15:53:12.077	22.3
15:53:12.086	24.5
15:53:12.098	22.9
15:53:12.110	22.1
15:53:12.118	22.3
15:53:12.131	21.9
15:53:12.143	22.4
15:53:12.155	22.0
15:53:12.163	21.5
15:53:12.176	23.2
15:53:12.188	23.7
15:53:12.196	25.9
15:53:12.208	29.6
15:53:12.221	33.4
15:53:12.229	38.7
15:53:12.241	43.5
15:53:12.253	48.1
15:53:12.266	52.9
15:53:12.274	60.5
15:53:12.286	66.6
15:53:12.299	71.8
15:53:12.307	77.5
15:53:12.319	80.5
15:53:12.331	88.7
15:53:12.339	93.0
15:53:12.352	97.0
15:53:12.364	101.0
15:53:12.372	109.7
15:53:12.384	114.4
15:53:12.397	119.1
15:53:12.409	123.1
15:53:12.417	125.7
15:53:12.430	131.1
15:53:12.442	132.7
15:53:12.450	137.5
15:53:12.462	143.0
15:53:12.475	144.6
15:53:12.483	143.4
15:53:12.495	145.1
15:53:12.507	149.8
15:53:12.516	155.6
15:53:12.528	161.7
15:53:12.540	166.1
15:53:12.552	170.2
15:53:12.561	173.3
15:53:12.573	176.0
15:53:12.585	180.5
15:53:12.593	185.9
15:53:12.606	189.4
15:53:12.618	190.7
15:53:12.630	191.1
15:53:12.639	190.0
15:53:12.651	190.6
15:53:12.663	187.8
15:53:12.671	188.0
15:53:12.684	185.4
15:53:12.696	183.2
15:53:12.708	177.9
15:53:12.716	174.6
15:53:12.729	172.2
15:53:12.741	171.5
15:53:12.749	170.3
15:53:12.761	167.6
15:53:12.774	169.6
15:53:12.782	166.4
15:53:12.794	165.6
15:53:12.806	164.7
15:53:12.815	165.4
15:53:12.827	163.7
15:53:12.839	160.1
15:53:12.847	158.5
15:53:12.860	157.6
15:53:12.872	158.6
15:53:12.884	155.5
15:53:12.892	156.1
15:53:12.905	155.0
15:53:12.917	152.9
15:53:12.925	150.3
15:53:12.937	148.3
15:53:12.950	148.3
15:53:12.962	145.1
15:53:12.970	141.6
15:53:12.983	138.2
15:53:12.995	137.2
15:53:13.003	133.4
15:53:13.015	130.0
15:53:13.028	127.7
15:53:13.036	126.7
15:53:13.048	124.1
15:53:13.060	120.4
15:53:13.069	117.0
15:53:13.081	112.9
15:53:13.093	109.5
15:53:13.101	105.0
15:53:13.114	101.3
15:53:13.126	95.6
15:53:13.138	89.4
15:53:13.146	83.7
15:53:13.159	79.8
15:53:13.171	76.3
15:53:13.179	73.2
15:53:13.192	70.3
15:53:13.204	65.9
15:53:13.216	63.8
15:53:13.224	60.7
15:53:13.236	60.2
15:53:13.249	60.9
15:53:13.257	61.7
15:53:13.269	62.5
15:53:13.281	62.5
15:53:13.290	62.6
15:53:13.302	63.6
15:53:13.314	65.8
15:53:13.322	65.5
15:53:13.335	65.3
15:53:13.347	66.2
15:53:13.355	65.7
15:53:13.367	68.0
15:53:13.380	65.7
15:53:13.392	65.2
15:53:13.400	67.4
15:53:13.412	68.1
15:53:13.425	67.4
15:53:13.433	68.1
15:53:13.445	68.3
15:53:13.457	69.3
15:53:13.466	69.7
15:53:13.478	66.5
15:53:13.490	67.4
15:53:13.498	66.3
15:53:13.511	63.7
15:53:13.523	60.2
15:53:13.535	57.3
15:53:13.543	56.1
15:53:13.556	53.7
15:53:13.568	51.9
15:53:13.576	48.9
15:53:13.589	48.4
15:53:13.601	45.7
15:53:13.609	45.5
15:53:13.621	44.7
15:53:13.634	45.7
15:53:13.646	47.7
15:53:13.654	45.9
15:53:13.666	46.5
15:53:13.679	45.3
15:53:13.687	47.8
15:53:13.699	49.3
15:53:13.712	51.2
15:53:13.720	52.8
15:53:13.732	57.7
15:53:13.744	61.8
15:53:13.753	65.7
15:53:13.765	70.9
15:53:13.777	76.8
15:53:13.785	84.2
15:53:13.798	89.4
15:53:13.810	94.4
15:53:13.822	100.2
15:53:13.831	107.0
15:53:13.843	111.3
15:53:13.855	117.4
15:53:13.863	119.5
15:53:13.875	121.4
15:53:13.888	124.2
15:53:13.900	125.0
15:53:13.908	128.4
15:53:13.921	130.1
15:53:13.933	132.5
15:53:13.941	131.9
15:53:13.953	133.0
15:53:13.966	129.3
15:53:13.974	129.6
15:53:13.986	132.3
15:53:13.998	133.2
15:53:14.007	132.9
15:53:14.019	131.7
15:53:14.031	130.2
15:53:14.039	127.9
15:53:14.052	128.2
15:53:14.064	125.8
15:53:14.076	127.2
15:53:14.084	127.1
15:53:14.097	124.8
15:53:14.109	122.1
15:53:14.117	121.5
15:53:14.129	119.2
15:53:14.142	117.2
15:53:14.150	117.1
15:53:14.161	116.0
15:53:14.174	115.6
15:53:14.186	116.9
15:53:14.194	137.9
15:53:14.207	159.8
15:53:14.219	181.6
15:53:14.227	203.7
15:53:14.240	224.3
15:53:14.252	246.0
15:53:14.260	268.6
15:53:14.272	289.1
15:53:14.285	307.7
15:53:14.293	324.7
15:53:14.305	321.4
15:53:14.317	315.4
15:53:14.330	311.1
15:53:14.338	299.2
15:53:14.350	290.0
15:53:14.362	279.6
15:53:14.371	267.2
15:53:14.383	256.3
15:53:14.395	245.5
15:53:14.403	231.9
15:53:14.416	220.2
15:53:14.428	207.5
15:53:14.436	195.0
15:53:14.448	188.4
15:53:14.461	180.3
15:53:14.473	173.7
15:53:14.481	167.0
15:53:14.493	157.7
15:53:14.506	148.8
15:53:14.514	142.5
15:53:14.526	134.8
15:53:14.538	129.4
15:53:14.547	122.4
15:53:14.559	116.5
15:53:14.571	112.7
15:53:14.583	106.8
15:53:14.592	101.7
15:53:14.604	97.4
15:53:14.616	93.0
15:53:14.624	86.9
15:53:14.637	82.7
15:53:14.649	78.4
15:53:14.657	73.1
15:53:14.669	67.4
15:53:14.682	58.5
15:53:14.690	54.6
15:53:14.702	49.1
15:53:14.715	43.1
15:53:14.723	37.9
15:53:14.735	34.4
15:53:14.747	29.0
15:53:14.760	23.4
15:53:14.768	18.6
15:53:14.780	14.3
15:53:14.792	12.2
15:53:14.800	4.9
15:53:14.813	-0.8
15:53:14.825	-7.4
15:53:14.837	-10.3
15:53:14.846	-17.8
15:53:14.858	-25.5
15:53:14.870	-34.5
15:53:14.882	-45.2
15:53:14.891	-57.0
15:53:14.903	-69.8
15:53:14.915	-81.2
15:53:14.923	-94.5
15:53:14.936	-105.6
15:53:14.948	-121.0
15:53:14.956	-133.0
15:53:14.968	-142.3
15:53:14.981	-153.0
15:53:14.989	-158.1
15:53:15.001	-165.2
15:53:15.013	-168.6
15:53:15.022	-172.3
15:53:15.034	-175.9
15:53:15.046	-177.9
15:53:15.058	-178.3
15:53:15.067	-177.4
15:53:15.079	-180.4
15:53:15.091	-177.8
15:53:15.100	-178.4
15:53:15.112	-175.9
15:53:15.124	-178.5
15:53:15.136	-177.3
15:53:15.144	-176.5
15:53:15.157	-177.8
15:53:15.169	-179.6
15:53:15.177	-181.3
15:53:15.189	-178.9
15:53:15.202	-179.4
15:53:15.210	-178.7
15:53:15.222	-179.7
15:53:15.234	-177.4
15:53:15.243	-176.8
15:53:15.255	-174.6
15:53:15.267	-172.0
15:53:15.275	-170.0
15:53:15.288	-171.0
15:53:15.300	-171.4
15:53:15.312	-172.8
15:53:15.321	-176.3
15:53:15.333	-176.0
15:53:15.345	-178.6
15:53:15.353	-180.8
15:53:15.366	-181.6
15:53:15.378	-183.9
15:53:15.386	-183.4
15:53:15.398	-180.5
15:53:15.411	-181.5
15:53:15.419	-180.9
15:53:15.431	-177.4
15:53:15.443	-177.5
15:53:15.456	-176.0
15:53:15.464	-174.9
15:53:15.476	-176.6
15:53:15.488	-178.7
15:53:15.497	-182.9
15:53:15.509	-185.2
15:53:15.521	-187.0
15:53:15.529	-187.0
15:53:15.542	-190.4
15:53:15.554	-191.6
15:53:15.566	-192.8
15:53:15.574	-193.4
15:53:15.587	-194.5
15:53:15.599	-191.3
15:53:15.607	-188.9
15:53:15.619	-185.9
15:53:15.632	-183.8
15:53:15.640	-182.0
15:53:15.652	-179.3
15:53:15.665	-177.3
15:53:15.673	-174.4
15:53:15.685	-173.2
15:53:15.697	-170.5
15:53:15.705	-170.5
15:53:15.718	-168.3
15:53:15.730	-167.4
15:53:15.742	-165.6
15:53:15.750	-162.9
15:53:15.763	-160.5
15:53:15.775	-159.9
15:53:15.783	-156.8
15:53:15.796	-152.2
15:53:15.808	-147.8
15:53:15.820	-145.3
15:53:15.828	-143.5
15:53:15.841	-142.1
15:53:15.853	-138.8
15:53:15.861	-138.5
15:53:15.873	-137.7
15:53:15.886	-134.1
15:53:15.894	-134.6
15:53:15.906	-134.3
15:53:15.918	-133.5
15:53:15.927	-129.5
15:53:15.939	-126.2
15:53:15.951	-123.4
15:53:15.959	-122.8
15:53:15.972	-118.9
15:53:15.984	-117.4
15:53:15.996	-116.4
15:53:16.004	-112.7
15:53:16.017	-110.2
15:53:16.030	-109.5
15:53:16.038	-109.5
15:53:16.050	-109.3
15:53:16.063	-109.6
15:53:16.071	-106.5
15:53:16.083	-106.1
15:53:16.095	-101.6
15:53:16.108	-99.8
15:53:16.116	-99.5
15:53:16.128	-99.2
15:53:16.140	-97.3
15:53:16.149	-96.1
15:53:16.161	-93.9
15:53:16.173	-89.8
15:53:16.181	-90.0
15:53:16.194	-87.8
15:53:16.206	-88.7
15:53:16.214	-87.3
15:53:16.227	-84.6
15:53:16.239	-83.2
15:53:16.251	-80.7
15:53:16.259	-79.1
15:53:16.272	-77.0
15:53:16.284	-78.1
15:53:16.292	-72.8
15:53:16.304	-72.6
15:53:16.317	-69.4
15:53:16.325	-67.4
15:53:16.337	-65.7
15:53:16.349	-62.2
15:53:16.358	-62.7
15:53:16.370	-60.2
15:53:16.382	-58.5
15:53:16.394	-54.7
15:53:16.403	-54.3
15:53:16.415	-52.9
15:53:16.427	-52.8
15:53:16.435	-51.9
15:53:16.448	-50.8
15:53:16.460	-51.6
15:53:16.468	-49.7
15:53:16.480	-48.2
15:53:16.493	-47.7
15:53:16.505	-47.4
15:53:16.513	-47.0
15:53:16.525	-44.3
15:53:16.538	-41.1
15:53:16.546	-37.4
15:53:16.558	-36.1
15:53:16.570	-32.7
15:53:16.579	-29.0
15:53:16.591	-24.4
15:53:16.603	-21.6
15:53:16.611	-16.4
15:53:16.624	-15.0
15:53:16.636	-13.1
15:53:16.644	-10.0
15:53:16.657	-8.7
15:53:16.669	-7.2
15:53:16.681	-5.4
15:53:16.689	-3.2
15:53:16.702	-2.3
15:53:16.714	-0.6
15:53:16.722	-1.1
15:53:16.734	0.5
15:53:16.747	3.3
15:53:16.759	2.7
15:53:16.767	4.2
15:53:16.779	8.1
15:53:16.792	5.3
15:53:16.800	5.3
15:53:16.812	4.9
15:53:16.824	7.3
15:53:16.837	11.0
15:53:16.845	10.9
15:53:16.857	10.9
15:53:16.869	12.3
15:53:16.878	13.6
15:53:16.890	14.4
15:53:16.902	18.2
15:53:16.910	19.6
15:53:16.923	20.6
15:53:16.935	23.2
15:53:16.943	24.2
15:53:16.955	29.2
15:53:16.968	32.5
15:53:16.980	38.8
15:53:16.988	44.9
15:53:17.000	49.6
15:53:17.013	57.0
15:53:17.021	62.8
15:53:17.033	70.9
15:53:17.046	74.2
15:53:17.058	77.6
15:53:17.066	79.3
15:53:17.078	81.5
15:53:17.090	81.4
15:53:17.099	80.6
15:53:17.111	81.4
15:53:17.123	79.7
15:53:17.132	80.1
15:53:17.144	80.3
15:53:17.156	81.3
15:53:17.164	81.8
15:53:17.177	83.6
15:53:17.189	83.9
15:53:17.197	82.8
15:53:17.209	84.2
15:53:17.222	84.0
15:53:17.234	84.5
15:53:17.242	84.4
15:53:17.254	82.8
15:53:17.267	82.4
15:53:17.275	79.1
15:53:17.287	79.0
15:53:17.299	80.3
15:53:17.308	81.1
15:53:17.320	80.0
15:53:17.332	80.3
15:53:17.340	80.0
15:53:17.353	80.4
15:53:17.365	80.3
15:53:17.377	78.8
15:53:17.385	81.6
15:53:17.398	78.9
15:53:17.410	77.4
15:53:17.418	77.9
15:53:17.430	75.0
15:53:17.443	72.2
15:53:17.451	73.6
15:53:17.463	72.4
15:53:17.475	75.7
15:53:17.488	74.7
15:53:17.496	72.7
15:53:17.508	74.3
15:53:17.520	74.3
15:53:17.528	73.3
15:53:17.540	74.6
15:53:17.553	75.8
15:53:17.561	73.7
15:53:17.573	73.4
15:53:17.586	69.7
15:53:17.594	71.4
15:53:17.606	72.2
15:53:17.618	72.1
15:53:17.627	72.3
15:53:17.639	71.3
15:53:17.651	74.2
15:53:17.663	73.9
15:53:17.671	77.3
15:53:17.684	79.5
15:53:17.696	81.4
15:53:17.704	80.6
15:53:17.717	83.3
15:53:17.729	84.8
15:53:17.741	83.5
15:53:17.749	86.9
15:53:17.762	84.9
15:53:17.774	86.7
15:53:17.782	85.1
15:53:17.794	85.1
15:53:17.807	82.5
15:53:17.815	84.6
15:53:17.827	83.7
15:53:17.839	84.4
15:53:17.848	87.1
15:53:17.860	85.5
15:53:17.872	87.6
15:53:17.880	87.3
15:53:17.893	89.4
15:53:17.905	87.9
15:53:17.917	89.1
15:53:17.925	88.0
15:53:17.938	88.0
15:53:17.950	86.0
15:53:17.958	85.2
15:53:17.970	85.0
15:53:17.983	83.4
15:53:17.991	84.1
15:53:18.003	80.1
15:53:18.015	82.6
15:53:18.028	81.2
15:53:18.036	81.0
15:53:18.048	77.9
15:53:18.060	75.9
15:53:18.069	75.2
15:53:18.081	73.9
15:53:18.093	73.0
15:53:18.101	71.5
15:53:18.114	71.5
15:53:18.126	66.0
15:53:18.134	64.0
15:53:18.146	61.5
15:53:18.159	60.7
15:53:18.171	60.0
15:53:18.179	57.6
15:53:18.192	56.1
15:53:18.204	53.6
15:53:18.212	49.8
15:53:18.224	47.3
15:53:18.237	45.2
15:53:18.245	44.0
15:53:18.257	41.1
15:53:18.269	38.9
15:53:18.277	36.5
15:53:18.290	33.6
15:53:18.302	30.5
15:53:18.314	29.8
15:53:18.323	27.6
15:53:18.335	25.4
15:53:18.347	23.4
15:53:18.356	18.3
15:53:18.368	14.5
15:53:18.381	9.9
15:53:18.388	6.0
15:53:18.401	0.1
15:53:18.414	-1.6
15:53:18.426	-7.9
15:53:18.434	-10.9
15:53:18.446	-16.7
15:53:18.459	-21.4
15:53:18.467	-23.8
15:53:18.479	-26.1
15:53:18.491	-27.8
15:53:18.500	-30.1
15:53:18.512	-28.9
15:53:18.524	-33.6
15:53:18.532	-33.4
15:53:18.545	-35.7
15:53:18.557	-35.7
15:53:18.565	-35.8
15:53:18.577	-37.6
15:53:18.590	-39.5
15:53:18.602	-41.6
15:53:18.610	-43.3
15:53:18.623	-45.8
15:53:18.635	-45.9
15:53:18.643	-49.4
15:53:18.655	-50.4
15:53:18.668	-51.8
15:53:18.680	-53.8
15:53:18.688	-52.7
15:53:18.700	-53.9
15:53:18.713	-53.4
15:53:18.725	-53.8
15:53:18.733	-53.0
15:53:18.745	-54.5
15:53:18.758	-52.5
15:53:18.766	-53.8
15:53:18.778	-55.6
15:53:18.790	-55.6
15:53:18.799	-58.3
15:53:18.811	-57.7
15:53:18.823	-60.6
15:53:18.831	-61.9
15:53:18.844	-63.3
15:53:18.856	-62.3
15:53:18.864	-65.0
15:53:18.876	-66.8
15:53:18.889	-67.1
15:53:18.901	-70.0
15:53:18.909	-72.4
15:53:18.921	-75.5
15:53:18.934	-76.4
15:53:18.942	-76.7
15:53:18.954	-77.8
15:53:18.966	-80.4
15:53:18.979	-80.6
15:53:18.987	-81.5
15:53:18.999	-80.8
15:53:19.011	-80.7
15:53:19.020	-81.0
15:53:19.032	-81.2
15:53:19.044	-81.3
15:53:19.052	-80.2
15:53:19.065	-82.4
15:53:19.077	-83.3
15:53:19.085	-86.5
15:53:19.097	-89.5
15:53:19.110	-94.8
15:53:19.118	-98.6
15:53:19.130	-101.1
15:53:19.143	-103.5
15:53:19.155	-106.4
15:53:19.163	-111.5
15:53:19.175	-114.0
15:53:19.188	-116.3
15:53:19.196	-116.4
15:53:19.208	-116.4
15:53:19.221	-115.2
15:53:19.229	-113.1
15:53:19.241	-110.6
15:53:19.253	-109.5
15:53:19.261	-106.8
15:53:19.274	-104.7
15:53:19.286	-102.9
15:53:19.298	-101.4
15:53:19.306	-100.1
15:53:19.319	-97.9
15:53:19.331	-95.7
15:53:19.339	-95.6
15:53:19.351	-94.6
15:53:19.364	-94.7
15:53:19.372	-93.9
15:53:19.384	-94.7
15:53:19.397	-92.6
15:53:19.409	-90.7
15:53:19.417	-89.8
15:53:19.429	-88.8
15:53:19.441	-89.3
15:53:19.450	-88.1
15:53:19.462	-88.7
15:53:19.474	-86.3
15:53:19.482	-87.2
15:53:19.495	-86.2
15:53:19.507	-87.0
15:53:19.515	-88.9
15:53:19.527	-87.3
15:53:19.540	-86.2
15:53:19.548	-84.8
15:53:19.560	-83.1
15:53:19.573	-80.7
15:53:19.585	-79.0
15:53:19.593	-76.4
15:53:19.605	-72.6
15:53:19.618	-70.9
15:53:19.625	-68.8
15:53:19.637	-69.2
15:53:19.650	-68.7
15:53:19.662	-68.1
15:53:19.670	-66.5
15:53:19.682	-65.3
15:53:19.695	-65.1
15:53:19.703	-63.5
15:53:19.715	-63.0
15:53:19.728	-61.1
15:53:19.736	-57.8
15:53:19.748	-56.5
15:53:19.760	-54.4
15:53:19.768	-52.4
15:53:19.781	-51.2
15:53:19.793	-48.8
15:53:19.801	-47.2
15:53:19.813	-46.8
15:53:19.826	-46.9
15:53:19.838	-45.9
15:53:19.846	-44.7
15:53:19.859	-44.7
15:53:19.871	-43.6
15:53:19.879	-42.4
15:53:19.891	-40.1
15:53:19.904	-40.0
15:53:19.912	-35.6
15:53:19.924	-33.7
15:53:19.936	-32.7
15:53:19.949	-30.9
15:53:19.957	-31.2
15:53:19.969	-27.3
15:53:19.981	-27.0
15:53:19.990	-25.9
15:53:20.002	-26.7
15:53:20.014	-25.4
15:53:20.022	-28.7
15:53:20.035	-28.3
15:53:20.048	-25.6
15:53:20.056	-24.9
15:53:20.068	-23.2
15:53:20.081	-22.7
15:53:20.093	-21.5
15:53:20.101	-20.1
15:53:20.113	-16.9
15:53:20.126	-15.5
15:53:20.134	-13.3
15:53:20.146	-9.6
15:53:20.158	-5.4
15:53:20.167	-1.8
15:53:20.179	2.2
15:53:20.191	6.9
15:53:20.199	12.4
15:53:20.212	16.8
15:53:20.224	18.7
15:53:20.236	22.1
15:53:20.244	25.6
15:53:20.257	26.7
15:53:20.269	27.3
15:53:20.277	25.2
15:53:20.289	25.0
15:53:20.302	23.7
15:53:20.310	24.4
15:53:20.322	24.5
15:53:20.334	27.0
15:53:20.347	26.2
15:53:20.355	26.6
15:53:20.367	25.4
15:53:20.380	23.9
15:53:20.388	25.0
15:53:20.400	24.5
15:53:20.412	25.1
15:53:20.421	23.5
15:53:20.433	24.0
15:53:20.445	20.6
15:53:20.453	21.2
15:53:20.466	21.2
15:53:20.478	22.9
15:53:20.486	22.3
15:53:20.498	24.7
15:53:20.511	24.9
15:53:20.523	24.8
15:53:20.531	24.3
15:53:20.543	20.7
15:53:20.556	23.2
15:53:20.563	22.3
15:53:20.575	21.1
15:53:20.588	20.8
15:53:20.600	19.8
15:53:20.608	17.1
15:53:20.620	17.2
15:53:20.633	16.3
15:53:20.641	17.2
15:53:20.653	20.0
15:53:20.666	18.5
15:53:20.674	19.6
15:53:20.686	19.4
15:53:20.698	19.2
15:53:20.711	20.0
15:53:20.719	18.2
15:53:20.731	17.3
15:53:20.743	17.3
15:53:20.752	16.9
15:53:20.764	16.3
15:53:20.776	15.9
15:53:20.784	12.9
15:53:20.797	12.6
15:53:20.809	12.2
15:53:20.821	13.9
15:53:20.829	17.3
15:53:20.842	17.5
15:53:20.854	17.2
15:53:20.862	15.1
15:53:20.874	16.7
15:53:20.887	17.2
15:53:20.899	18.5
15:53:20.907	17.4
15:53:20.919	15.0
15:53:20.932	12.1
15:53:20.940	10.2
15:53:20.952	9.0
15:53:20.964	6.1
15:53:20.973	5.7
15:53:20.985	2.0
15:53:20.997	-1.1
15:53:21.005	-2.8
15:53:21.018	-4.8
15:53:21.030	-5.5
15:53:21.038	-6.8
15:53:21.050	-9.7
15:53:21.063	-10.9
15:53:21.075	-11.6
15:53:21.083	-13.7
15:53:21.096	-16.4
15:53:21.108	-17.8
15:53:21.116	-20.5
15:53:21.128	-22.2
15:53:21.140	-26.2
15:53:21.149	-28.4
15:53:21.161	-28.3
15:53:21.173	-29.8
15:53:21.182	-30.7
15:53:21.194	-31.4
15:53:21.206	-33.0
15:53:21.218	-35.3
15:53:21.227	-36.9
15:53:21.239	-38.2
15:53:21.251	-39.1
15:53:21.259	-40.2
15:53:21.272	-43.3
15:53:21.284	-46.6
15:53:21.292	-48.8
15:53:21.304	-49.6
15:53:21.317	-47.7
15:53:21.329	-47.0
15:53:21.337	-44.1
15:53:21.349	-43.0
15:53:21.362	-41.6
15:53:21.370	-42.6
15:53:21.382	-50.7
15:53:21.394	-57.5
15:53:21.403	-65.1
15:53:21.415	-73.8
15:53:21.427	-84.0
15:53:21.435	-91.5
15:53:21.448	-103.5
15:53:21.460	-111.8
15:53:21.468	-120.4
15:53:21.480	-128.4
15:53:21.493	-127.5
15:53:21.505	-127.3
15:53:21.513	-124.4
15:53:21.525	-125.0
15:53:21.538	-129.1
15:53:21.546	-132.0
15:53:21.558	-134.8
15:53:21.570	-141.1
15:53:21.583	-145.3
15:53:21.591	-148.3
15:53:21.603	-153.5
15:53:21.616	-158.0
15:53:21.624	-165.8
15:53:21.636	-169.5
15:53:21.648	-170.6
15:53:21.657	-173.8
15:53:21.669	-176.2
15:53:21.681	-174.9
15:53:21.689	-176.1
15:53:21.702	-177.8
15:53:21.714	-178.0
15:53:21.722	-180.4
15:53:21.734	-180.0
15:53:21.747	-182.0
15:53:21.759	-181.4
15:53:21.767	-184.0
15:53:21.779	-183.0
15:53:21.792	-184.9
15:53:21.801	-185.4
15:53:21.813	-186.6
15:53:21.825	-187.9
15:53:21.834	-187.8
15:53:21.846	-190.9
15:53:21.858	-188.2
15:53:21.870	-189.9
15:53:21.879	-188.0
15:53:21.891	-188.6
15:53:21.903	-189.0
15:53:21.911	-188.6
15:53:21.924	-188.9
15:53:21.936	-187.5
15:53:21.944	-188.3
15:53:21.956	-186.3
15:53:21.969	-186.8
15:53:21.977	-186.3
15:53:21.989	-186.6
15:53:22.002	-185.6
15:53:22.014	-183.0
15:53:22.022	-182.7
15:53:22.034	-180.8
15:53:22.047	-181.3
15:53:22.055	-178.1
15:53:22.067	-177.3
15:53:22.079	-178.1
15:53:22.088	-178.2
15:53:22.100	-176.9
15:53:22.112	-176.3
15:53:22.120	-177.4
15:53:22.133	-176.6
15:53:22.145	-175.8
15:53:22.157	-173.2
15:53:22.165	-172.2
15:53:22.178	-170.6
15:53:22.190	-168.8
15:53:22.198	-166.0
15:53:22.210	-162.9
15:53:22.223	-162.4
15:53:22.231	-158.2
15:53:22.243	-155.6
15:53:22.255	-152.7
15:53:22.268	-151.7
15:53:22.276	-150.6
15:53:22.288	-148.5
15:53:22.300	-144.5
15:53:22.309	-144.5
15:53:22.321	-144.1
15:53:22.333	-141.9
15:53:22.341	-142.0
15:53:22.354	-143.4
15:53:22.366	-142.5
15:53:22.374	-142.4
15:53:22.387	-140.4
15:53:22.399	-141.0
15:53:22.411	-143.4
15:53:22.419	-142.6
15:53:22.431	-141.1
15:53:22.444	-138.9
15:53:22.452	-136.9
15:53:22.464	-132.2
15:53:22.476	-130.7
15:53:22.489	-128.2
15:53:22.497	-126.2
15:53:22.509	-122.7
15:53:22.522	-119.7
15:53:22.530	-116.9
15:53:22.542	-115.7
15:53:22.554	-113.4
15:53:22.566	-112.0
15:53:22.575	-110.8
15:53:22.587	-108.7
15:53:22.599	-104.9
15:53:22.608	-104.0
15:53:22.620	-101.7
15:53:22.632	-100.8
15:53:22.640	-99.0
15:53:22.653	-97.5
15:53:22.665	-97.1
15:53:22.673	-95.1
15:53:22.685	-94.3
15:53:22.698	-93.9
15:53:22.706	-94.5
15:53:22.718	-93.1
15:53:22.730	-94.7
15:53:22.743	-91.9
15:53:22.751	-91.6
15:53:22.764	-89.9
15:53:22.775	-89.0
15:53:22.784	-89.4
15:53:22.796	-86.5
15:53:22.808	-84.3
15:53:22.820	-82.9
15:53:22.829	-81.6
15:53:22.840	-79.9
15:53:22.853	-81.0
15:53:22.861	-77.1
15:53:22.873	-76.8
15:53:22.885	-76.2
15:53:22.894	-75.0
15:53:22.906	-75.7
15:53:22.918	-76.7
15:53:22.926	-76.5
15:53:22.939	-78.2
15:53:22.951	-76.6
15:53:22.959	-73.8
15:53:22.971	-76.5
15:53:22.984	-74.5
15:53:22.996	-74.6
15:53:23.004	-73.2
15:53:23.016	-71.9
15:53:23.029	-71.0
15:53:23.037	-70.0
15:53:23.049	-68.8
15:53:23.062	-68.0
15:53:23.070	-68.1
15:53:23.082	-65.3
15:53:23.095	-65.6
15:53:23.103	-63.5
15:53:23.115	-62.6
15:53:23.127	-63.0
15:53:23.140	-58.3
15:53:23.148	-56.1
15:53:23.160	-54.3
15:53:23.172	-53.7
15:53:23.181	-54.4
15:53:23.193	-54.3
15:53:23.205	-54.6
15:53:23.213	-54.5
15:53:23.226	-53.2
15:53:23.238	-53.1
15:53:23.250	-57.3
15:53:23.258	-59.2
15:53:23.271	-59.2
15:53:23.283	-58.0
15:53:23.291	-55.8
15:53:23.304	-55.5
15:53:23.316	-53.2
15:53:23.324	-52.0
15:53:23.336	-52.5
15:53:23.349	-50.5
15:53:23.357	-49.0
15:53:23.369	-47.5
15:53:23.382	-46.5
15:53:23.390	-47.9
15:53:23.402	-46.5
15:53:23.414	-45.0
15:53:23.427	-45.2
15:53:23.435	-44.9
15:53:23.447	-44.7
15:53:23.459	-45.1
15:53:23.467	-44.7
15:53:23.480	-45.5
15:53:23.492	-44.5
15:53:23.504	-41.9
15:53:23.513	-44.1
15:53:23.525	-45.5
15:53:23.537	-46.0
15:53:23.545	-45.4
15:53:23.558	-43.5
15:53:23.570	-43.5
15:53:23.578	-43.6
15:53:23.590	-42.0
15:53:23.603	-41.8
15:53:23.611	-40.1
15:53:23.623	-39.1
15:53:23.635	-36.9
15:53:23.644	-36.8
15:53:23.656	-36.9
15:53:23.668	-36.2
15:53:23.680	-34.1
15:53:23.689	-33.3
15:53:23.701	-32.2
15:53:23.713	-32.4
15:53:23.721	-34.7
15:53:23.734	-34.1
15:53:23.746	-34.2
15:53:23.754	-32.3
15:53:23.766	-31.3
15:53:23.779	-33.2
15:53:23.791	-36.4
15:53:23.799	-37.2
15:53:23.811	-39.2
15:53:23.824	-39.5
15:53:23.832	-38.7
15:53:23.844	-37.3
15:53:23.857	-36.6
15:53:23.865	-37.8
15:53:23.877	-38.3
15:53:23.889	-38.0
15:53:23.897	-35.8
15:53:23.910	-34.4
15:53:23.922	-31.8
15:53:23.934	-28.0
15:53:23.943	-27.6
15:53:23.955	-28.3
15:53:23.967	-28.3
15:53:23.975	-25.6
15:53:23.988	-24.5
15:53:24.000	-24.0
15:53:24.008	-22.6
15:53:24.020	-21.7
15:53:24.033	-22.5
15:53:24.041	-22.8
15:53:24.053	-24.0
15:53:24.065	-21.4
15:53:24.078	-20.7
15:53:24.086	-22.4
15:53:24.098	-20.9
15:53:24.110	-19.2
15:53:24.119	-18.6
15:53:24.131	-18.6
15:53:24.143	-16.8
15:53:24.151	-16.9
15:53:24.164	-16.6
15:53:24.176	-17.3
15:53:24.188	-16.9
15:53:24.196	-15.0
15:53:24.209	-16.1
15:53:24.221	-16.4
15:53:24.229	-17.2
15:53:24.241	-15.8
15:53:24.254	-18.6
15:53:24.262	-19.9
15:53:24.274	-17.2
15:53:24.287	-18.6
15:53:24.295	-17.6
15:53:24.307	-17.9
15:53:24.319	-17.9
15:53:24.327	-17.5
15:53:24.340	-16.0
15:53:24.352	-16.5
15:53:24.364	-15.6
15:53:24.372	-15.5
15:53:24.385	-17.8
15:53:24.397	-15.7
15:53:24.405	-18.3
15:53:24.418	-17.4
15:53:24.430	-18.2
15:53:24.442	-17.2
15:53:24.450	-19.6
15:53:24.463	-17.6
15:53:24.475	-15.5
15:53:24.483	-13.8
15:53:24.495	-10.3
15:53:24.508	-11.7
15:53:24.516	-9.2
15:53:24.528	-9.5
15:53:24.540	-9.0
15:53:24.549	-9.6
15:53:24.561	-6.2
15:53:24.573	-9.5
15:53:24.581	-10.2
15:53:24.594	-7.8
15:53:24.606	-9.4
15:53:24.618	-9.0
15:53:24.626	-9.1
15:53:24.639	-9.2
15:53:24.651	-8.6
15:53:24.659	-8.9
15:53:24.671	-10.9
15:53:24.684	-8.8
15:53:24.692	-6.8
15:53:24.704	-9.2
15:53:24.716	-8.0
15:53:24.729	-7.8
15:53:24.737	-7.7
15:53:24.749	-7.6
15:53:24.762	-7.4
15:53:24.770	-7.7
15:53:24.782	-5.4
15:53:24.794	-6.4
15:53:24.803	-7.8
15:53:24.815	-7.1
15:53:24.827	-7.9
15:53:24.839	-6.0
15:53:24.848	-4.8
15:53:24.860	-7.0
15:53:24.872	-9.9
15:53:24.880	-9.6
15:53:24.893	-11.0
15:53:24.905	-9.7
15:53:24.917	-9.3
15:53:24.925	-12.3
15:53:24.938	-12.1
15:53:24.950	-15.2
15:53:24.958	-16.1
15:53:24.970	-13.1
15:53:24.983	-9.8
15:53:24.991	-9.2
15:53:25.003	-10.0
15:53:25.015	-10.4
15:53:25.024	-10.1
15:53:25.036	-6.6
15:53:25.048	-6.1
15:53:25.061	-5.4
15:53:25.069	-5.7
15:53:25.081	-7.2
15:53:25.093	-8.6
15:53:25.102	-8.3
15:53:25.114	-6.3
15:53:25.126	-6.6
15:53:25.134	-6.4
15:53:25.146	-7.5
15:53:25.159	-9.2
15:53:25.171	-8.3
15:53:25.179	-4.9
15:53:25.192	-4.1
15:53:25.204	-1.7
15:53:25.212	-1.9
15:53:25.224	-2.6
15:53:25.237	-1.6
15:53:25.245	-1.5
15:53:25.257	-1.3
15:53:25.269	1.2
15:53:25.277	1.2
15:53:25.290	-1.3
15:53:25.302	-0.2
15:53:25.310	-1.0
15:53:25.323	-1.0
15:53:25.335	-0.5
15:53:25.347	1.1
15:53:25.355	3.6
15:53:25.368	4.4
15:53:25.380	4.1
15:53:25.388	5.2
15:53:25.400	5.6
15:53:25.413	4.9
15:53:25.425	7.0
15:53:25.433	7.9
15:53:25.445	8.3
15:53:25.458	8.3
15:53:25.466	6.1
15:53:25.478	5.6
15:53:25.490	6.6
15:53:25.499	7.6
15:53:25.511	10.0
15:53:25.523	12.4
15:53:25.531	11.5
15:53:25.544	13.0
15:53:25.556	15.9
15:53:25.564	17.2
15:53:25.576	17.7
15:53:25.589	20.3
15:53:25.601	21.2
15:53:25.609	21.9
15:53:25.621	19.9
15:53:25.634	19.3
15:53:25.642	21.3
15:53:25.654	21.8
15:53:25.667	20.4
15:53:25.675	21.4
15:53:25.687	26.9
15:53:25.699	29.8
15:53:25.712	32.8
15:53:25.720	37.2
15:53:25.732	41.5
15:53:25.744	45.2
15:53:25.753	48.4
15:53:25.765	51.9
15:53:25.777	57.9
15:53:25.785	59.7
15:53:25.798	59.3
15:53:25.810	59.1
15:53:25.818	60.5
15:53:25.830	60.4
15:53:25.843	59.2
15:53:25.855	60.6
15:53:25.863	61.8
15:53:25.875	64.5
15:53:25.888	65.9
15:53:25.896	68.6
15:53:25.908	70.7
15:53:25.920	73.8
15:53:25.929	76.4
15:53:25.941	81.3
15:53:25.953	91.0
15:53:25.962	99.3
15:53:25.974	105.2
15:53:25.986	112.3
15:53:25.998	117.4
15:53:26.007	126.3
15:53:26.019	134.3
15:53:26.031	141.7
15:53:26.039	148.4
15:53:26.052	154.5
15:53:26.064	156.7
15:53:26.072	159.6
15:53:26.084	164.7
15:53:26.097	167.1
15:53:26.109	170.2
15:53:26.117	174.5
15:53:26.129	179.1
15:53:26.142	187.4
15:53:26.150	195.1
15:53:26.162	200.6
15:53:26.175	209.0
15:53:26.183	216.0
15:53:26.195	224.8
15:53:26.207	231.8
15:53:26.215	240.8
15:53:26.228	244.5
15:53:26.240	251.8
15:53:26.248	256.3
15:53:26.260	266.3
15:53:26.273	274.9
15:53:26.285	283.4
15:53:26.293	293.3
15:53:26.306	298.7
15:53:26.318	307.5
15:53:26.330	315.3
15:53:26.339	325.3
15:53:26.351	329.9
15:53:26.363	335.8
15:53:26.371	338.5
15:53:26.384	343.5
15:53:26.396	348.4
15:53:26.408	349.9
15:53:26.416	355.7
15:53:26.429	360.1
15:53:26.441	364.8
15:53:26.449	368.2
15:53:26.461	374.7
15:53:26.474	380.4
15:53:26.482	383.2
15:53:26.494	388.0
15:53:26.506	392.0
15:53:26.515	397.8
15:53:26.527	403.5
15:53:26.540	409.0
15:53:26.548	411.8
15:53:26.560	415.7
15:53:26.572	415.8
15:53:26.585	416.8
15:53:26.593	417.3
15:53:26.605	414.6
15:53:26.617	411.7
15:53:26.625	408.6
15:53:26.638	402.7
15:53:26.650	402.2
15:53:26.662	403.3
15:53:26.671	401.6
15:53:26.683	401.6
15:53:26.695	402.2
15:53:26.703	404.6
15:53:26.716	409.4
15:53:26.728	412.0
15:53:26.736	415.6
15:53:26.748	419.5
15:53:26.761	418.8
15:53:26.769	417.8
15:53:26.781	420.6
15:53:26.794	422.2
15:53:26.802	419.0
15:53:26.814	417.3
15:53:26.826	417.6
15:53:26.838	422.2
15:53:26.847	425.9
15:53:26.859	431.0
15:53:26.871	432.8
15:53:26.879	433.8
15:53:26.892	434.5
15:53:26.904	439.6
15:53:26.912	444.2
15:53:26.924	447.7
15:53:26.937	446.1
15:53:26.945	440.3
15:53:26.957	438.0
15:53:26.970	432.7
15:53:26.982	429.2
15:53:26.990	426.6
15:53:27.002	421.2
15:53:27.015	415.7
15:53:27.023	409.4
15:53:27.035	403.8
15:53:27.047	400.2
15:53:27.055	396.7
15:53:27.068	390.5
15:53:27.080	384.2
15:53:27.092	379.8
15:53:27.101	375.5
15:53:27.113	371.8
15:53:27.125	366.6
15:53:27.133	365.3
15:53:27.146	359.4
15:53:27.158	358.5
15:53:27.166	355.6
15:53:27.178	352.2
15:53:27.191	349.8
15:53:27.199	347.5
15:53:27.211	344.4
15:53:27.223	341.3
15:53:27.232	336.9
15:53:27.244	330.2
15:53:27.256	329.3
15:53:27.268	321.2
15:53:27.277	317.7
15:53:27.289	312.9
15:53:27.301	309.9
15:53:27.309	302.4
15:53:27.322	297.5
15:53:27.334	294.4
15:53:27.346	291.4
15:53:27.354	290.3
15:53:27.367	284.6
15:53:27.379	282.0
15:53:27.387	278.9
15:53:27.399	275.2
15:53:27.412	270.6
15:53:27.420	268.8
15:53:27.432	263.8
15:53:27.445	258.1
15:53:27.453	252.4
15:53:27.465	246.7
15:53:27.478	244.6
15:53:27.486	236.4
15:53:27.498	227.5
15:53:27.510	216.3
15:53:27.523	206.7
15:53:27.531	196.8
15:53:27.543	186.4
15:53:27.555	174.9
15:53:27.564	165.5
15:53:27.576	154.3
15:53:27.588	141.2
15:53:27.596	132.4
15:53:27.608	124.7
15:53:27.621	118.3
15:53:27.633	111.1
15:53:27.641	104.2
15:53:27.654	96.6
15:53:27.666	90.9
15:53:27.674	81.9
15:53:27.686	73.8
15:53:27.699	67.4
15:53:27.707	59.2
15:53:27.719	50.4
15:53:27.731	43.8
15:53:27.739	38.1
15:53:27.751	31.2
15:53:27.764	26.8
15:53:27.775	20.9
15:53:27.784	16.8
15:53:27.797	12.8
15:53:27.809	9.1
15:53:27.817	7.6
15:53:27.830	5.0
15:53:27.842	3.8
15:53:27.850	0.1
15:53:27.863	-2.7
15:53:27.875	-6.6
15:53:27.883	-11.5
15:53:27.895	-12.9
15:53:27.908	-13.5
15:53:27.920	-16.3
15:53:27.928	-21.4
15:53:27.940	-26.6
15:53:27.953	-32.3
15:53:27.961	-37.0
15:53:27.973	-41.7
15:53:27.985	-45.1
15:53:27.994	-46.8
15:53:28.006	-51.7
15:53:28.018	-56.7
15:53:28.030	-63.2
15:53:28.039	-66.2
15:53:28.051	-69.1
15:53:28.063	-74.4
15:53:28.071	-77.5
15:53:28.084	-83.3
15:53:28.096	-92.9
15:53:28.104	-103.8
15:53:28.116	-115.0
15:53:28.129	-127.4
15:53:28.137	-136.9
15:53:28.149	-148.3
15:53:28.161	-157.8
15:53:28.170	-166.6
15:53:28.182	-177.5
15:53:28.194	-184.3
15:53:28.207	-186.7
15:53:28.215	-191.2
15:53:28.227	-193.7
15:53:28.239	-194.4
15:53:28.247	-196.6
15:53:28.260	-196.0
15:53:28.272	-195.7
15:53:28.284	-198.4
15:53:28.292	-198.9
15:53:28.305	-202.3
15:53:28.317	-203.6
15:53:28.329	-202.4
15:53:28.338	-201.2
15:53:28.350	-203.4
15:53:28.362	-204.7
15:53:28.370	-205.5
15:53:28.383	-208.5
15:53:28.395	-206.5
15:53:28.403	-207.5
15:53:28.415	-207.7
15:53:28.427	-210.0
15:53:28.436	-211.1
15:53:28.448	-215.6
15:53:28.460	-215.0
15:53:28.469	-215.7
15:53:28.481	-219.4
15:53:28.493	-220.1
15:53:28.505	-223.4
15:53:28.514	-225.7
15:53:28.526	-226.0
15:53:28.538	-226.5
15:53:28.546	-226.9
15:53:28.558	-223.8
15:53:28.571	-225.1
15:53:28.582	-225.6
15:53:28.591	-224.6
15:53:28.604	-225.3
15:53:28.616	-223.1
15:53:28.623	-219.9
15:53:28.636	-218.8
15:53:28.648	-216.7
15:53:28.656	-214.4
15:53:28.668	-213.2
15:53:28.681	-209.7
15:53:28.689	-207.4
15:53:28.701	-205.6
15:53:28.713	-203.8
15:53:28.722	-201.8
15:53:28.734	-199.8
15:53:28.746	-198.1
15:53:28.758	-195.6
15:53:28.767	-193.9
15:53:28.779	-191.7
15:53:28.791	-190.8
15:53:28.799	-188.2
15:53:28.812	-187.3
15:53:28.824	-184.7
15:53:28.832	-183.3
15:53:28.844	-181.3
15:53:28.857	-178.7
15:53:28.865	-176.6
15:53:28.877	-173.1
15:53:28.891	-173.0
15:53:28.903	-170.5
15:53:28.910	-168.3
15:53:28.923	-165.1
15:53:28.935	-162.8
15:53:28.944	-159.4
15:53:28.956	-157.5
15:53:28.968	-155.2
15:53:28.977	-151.8
15:53:28.989	-152.1
15:53:29.001	-148.5
15:53:29.013	-146.8
15:53:29.022	-145.1
15:53:29.034	-143.0
15:53:29.046	-141.9
15:53:29.054	-140.7
15:53:29.067	-139.5
15:53:29.079	-137.8
15:53:29.087	-137.0
15:53:29.099	-135.3
15:53:29.112	-134.7
15:53:29.120	-133.7
15:53:29.132	-131.6
15:53:29.144	-130.3
15:53:29.153	-128.8
15:53:29.165	-126.7
15:53:29.177	-124.8
15:53:29.189	-121.9
15:53:29.198	-119.1
15:53:29.210	-118.1
15:53:29.222	-117.3
15:53:29.230	-114.7
15:53:29.243	-113.0
15:53:29.255	-110.8
15:53:29.267	-109.1
15:53:29.276	-108.4
15:53:29.288	-107.6
15:53:29.300	-105.1
15:53:29.308	-103.1
15:53:29.321	-99.3
15:53:29.333	-97.4
15:53:29.341	-95.3
15:53:29.353	-94.0
15:53:29.366	-92.3
15:53:29.374	-89.4
15:53:29.386	-86.5
15:53:29.398	-85.0
15:53:29.407	-84.6
15:53:29.419	-85.5
15:53:29.431	-84.4
15:53:29.443	-83.9
15:53:29.452	-82.9
15:53:29.464	-81.3
15:53:29.476	-79.3
15:53:29.484	-78.5
15:53:29.497	-77.1
15:53:29.509	-74.8
15:53:29.517	-73.1
15:53:29.529	-72.4
15:53:29.542	-70.0
15:53:29.554	-67.9
15:53:29.562	-67.2
15:53:29.574	-65.7
15:53:29.587	-64.2
15:53:29.595	-62.0
15:53:29.607	-62.1
15:53:29.619	-59.7
15:53:29.628	-59.9
15:53:29.640	-59.9
15:53:29.652	-64.4
15:53:29.660	-65.9
15:53:29.673	-66.6
15:53:29.685	-69.6
15:53:29.697	-71.8
15:53:29.705	-74.6
15:53:29.718	-75.2
15:53:29.730	-77.9
15:53:29.738	-78.7
15:53:29.750	-79.1
15:53:29.763	-76.3
15:53:29.771	-73.5
15:53:29.783	-72.0
15:53:29.796	-67.7
15:53:29.804	-65.2
15:53:29.816	-64.0
15:53:29.828	-62.3
15:53:29.841	-60.5
15:53:29.849	-58.1
15:53:29.861	-55.4
15:53:29.874	-52.4
15:53:29.882	-51.1
15:53:29.894	-49.2
15:53:29.906	-49.8
15:53:29.914	-48.2
15:53:29.927	-46.1
15:53:29.939	-42.8
15:53:29.951	-42.4
15:53:29.959	-42.2
15:53:29.972	-41.4
15:53:29.984	-41.2
15:53:29.992	-40.6
15:53:30.004	-41.4
15:53:30.017	-39.9
15:53:30.025	-40.0
15:53:30.037	-37.8
15:53:30.050	-39.7
15:53:30.058	-37.6
15:53:30.070	-38.0
15:53:30.082	-36.7
15:53:30.090	-36.9
15:53:30.103	-35.4
15:53:30.115	-33.9
15:53:30.127	-33.1
15:53:30.135	-33.1
15:53:30.148	-33.8
15:53:30.160	-31.1
15:53:30.168	-30.2
15:53:30.181	-27.4
15:53:30.193	-25.2
15:53:30.205	-22.9
15:53:30.213	-22.4
15:53:30.226	-18.7
15:53:30.238	-14.9
15:53:30.246	-8.7
15:53:30.258	-2.0
15:53:30.271	10.9
15:53:30.279	26.8
15:53:30.291	41.3
15:53:30.303	55.2
15:53:30.312	68.8
15:53:30.324	83.5
15:53:30.336	95.6
15:53:30.348	106.2
15:53:30.357	116.3
15:53:30.369	125.2
15:53:30.381	126.7
15:53:30.389	124.7
15:53:30.402	126.8
15:53:30.414	126.2
15:53:30.426	124.8
15:53:30.435	125.7
15:53:30.447	125.2
15:53:30.459	125.9
15:53:30.467	126.3
15:53:30.480	130.0
15:53:30.492	133.6
15:53:30.504	138.8
15:53:30.512	143.6
15:53:30.525	149.2
15:53:30.537	157.4
15:53:30.545	161.1
15:53:30.557	168.7
15:53:30.570	175.5
15:53:30.578	182.9
15:53:30.590	188.4
15:53:30.603	192.4
15:53:30.611	195.7
15:53:30.623	195.3
15:53:30.635	197.5
15:53:30.644	197.7
15:53:30.656	201.9
15:53:30.668	200.8
15:53:30.680	201.4
15:53:30.688	200.6
15:53:30.701	200.2
15:53:30.713	199.2
15:53:30.721	196.6
15:53:30.733	196.7
15:53:30.746	196.0
15:53:30.754	195.2
15:53:30.766	192.0
15:53:30.779	191.0
15:53:30.787	188.8
15:53:30.799	188.0
15:53:30.811	184.2
15:53:30.824	181.3
15:53:30.832	179.7
15:53:30.844	177.5
15:53:30.856	173.2
15:53:30.865	170.7
15:53:30.877	170.2
15:53:30.889	169.2
15:53:30.897	168.2
15:53:30.910	165.3
15:53:30.922	164.7
15:53:30.934	162.9
15:53:30.942	162.6
15:53:30.955	160.1
15:53:30.967	159.1
15:53:30.975	157.5
15:53:30.987	155.4
15:53:31.000	155.1
15:53:31.008	154.2
15:53:31.020	153.5
15:53:31.032	151.1
15:53:31.041	147.7
15:53:31.053	145.1
15:53:31.065	144.9
15:53:31.073	143.8
15:53:31.086	143.7
15:53:31.098	140.8
15:53:31.110	139.0
15:53:31.118	137.6
15:53:31.131	135.6
15:53:31.143	136.0
15:53:31.151	135.7
15:53:31.164	136.0
15:53:31.176	132.9
15:53:31.188	132.5
15:53:31.196	131.4
15:53:31.208	130.9
15:53:31.220	130.3
15:53:31.228	127.3
15:53:31.241	125.6
15:53:31.253	122.2
15:53:31.261	123.0
15:53:31.274	121.1
15:53:31.286	120.3
15:53:31.294	118.7
15:53:31.306	116.5
15:53:31.319	116.1
15:53:31.327	114.0
15:53:31.339	114.5
15:53:31.351	112.7
15:53:31.364	109.6
15:53:31.372	108.4
15:53:31.384	105.5
15:53:31.396	103.3
15:53:31.405	99.5
15:53:31.417	97.4
15:53:31.429	92.4
15:53:31.437	87.8
15:53:31.450	84.6
15:53:31.462	81.8
15:53:31.474	80.1
15:53:31.482	74.9
15:53:31.495	70.7
15:53:31.507	68.1
15:53:31.515	65.8
15:53:31.527	63.2
15:53:31.540	60.3
15:53:31.548	56.7
15:53:31.560	52.1
15:53:31.572	48.0
15:53:31.581	46.9
15:53:31.593	45.1
15:53:31.605	42.5
15:53:31.618	37.8
15:53:31.626	34.6
15:53:31.638	31.2
15:53:31.650	29.2
15:53:31.658	28.1
15:53:31.671	26.0
15:53:31.683	23.2
15:53:31.692	18.6
15:53:31.704	12.8
15:53:31.716	8.3
15:53:31.724	6.3
15:53:31.737	2.5
15:53:31.749	-2.1
15:53:31.761	-7.1
15:53:31.769	-15.0
15:53:31.782	-20.7
15:53:31.794	-26.3
15:53:31.802	-33.8
15:53:31.814	-40.3
15:53:31.827	-45.6
15:53:31.835	-51.2
15:53:31.847	-56.3
15:53:31.859	-60.5
15:53:31.872	-65.8
15:53:31.880	-69.0
15:53:31.892	-72.6
15:53:31.905	-75.6
15:53:31.913	-77.2
15:53:31.925	-78.4
15:53:31.937	-79.5
15:53:31.945	-81.6
15:53:31.958	-83.8
15:53:31.970	-85.7
15:53:31.978	-85.3
15:53:31.990	-85.5
15:53:32.003	-87.9
15:53:32.011	-89.5
15:53:32.023	-90.5
15:53:32.036	-91.1
15:53:32.048	-91.3
15:53:32.056	-91.4
15:53:32.068	-92.6
15:53:32.081	-94.5
15:53:32.089	-95.3
15:53:32.101	-100.4
15:53:32.113	-105.8
15:53:32.126	-113.1
15:53:32.134	-118.7
15:53:32.146	-124.6
15:53:32.158	-130.5
15:53:32.167	-136.7
15:53:32.179	-141.9
15:53:32.191	-146.8
15:53:32.203	-153.9
15:53:32.212	-154.9
15:53:32.224	-154.8
15:53:32.236	-152.3
15:53:32.244	-152.8
15:53:32.257	-151.3
15:53:32.269	-151.3
15:53:32.277	-150.0
15:53:32.289	-146.9
15:53:32.302	-143.6
15:53:32.310	-140.4
15:53:32.322	-139.7
15:53:32.334	-138.4
15:53:32.347	-135.6
15:53:32.355	-133.7
15:53:32.367	-134.6
15:53:32.379	-134.2
15:53:32.388	-135.1
15:53:32.400	-135.5
15:53:32.412	-136.6
15:53:32.424	-137.4
15:53:32.433	-137.0
15:53:32.445	-135.7
15:53:32.457	-137.7
15:53:32.465	-139.4
15:53:32.478	-137.5
15:53:32.490	-136.7
15:53:32.498	-135.1
15:53:32.511	-136.1
15:53:32.523	-136.0
15:53:32.531	-133.0
15:53:32.543	-131.0
15:53:32.556	-130.2
15:53:32.564	-128.2
15:53:32.576	-128.4
15:53:32.588	-133.3
15:53:32.601	-138.3
15:53:32.609	-145.1
15:53:32.621	-151.2
15:53:32.633	-158.1
15:53:32.642	-167.2
15:53:32.654	-174.8
15:53:32.666	-183.7
15:53:32.674	-191.5
15:53:32.687	-195.1
15:53:32.699	-195.3
15:53:32.707	-197.6
15:53:32.719	-197.3
15:53:32.732	-196.1
15:53:32.744	-196.6
15:53:32.752	-195.9
15:53:32.764	-194.4
15:53:32.777	-193.0
15:53:32.785	-192.8
15:53:32.797	-192.5
15:53:32.810	-194.8
15:53:32.818	-192.6
15:53:32.830	-192.7
15:53:32.842	-195.1
15:53:32.855	-196.5
15:53:32.863	-197.1
15:53:32.875	-201.2
15:53:32.887	-203.4
15:53:32.896	-206.4
15:53:32.908	-208.1
15:53:32.920	-209.0
15:53:32.928	-209.5
15:53:32.941	-209.8
15:53:32.953	-209.9
15:53:32.961	-209.8
15:53:32.973	-210.7
15:53:32.986	-208.0
15:53:32.994	-206.9
15:53:33.006	-203.8
15:53:33.018	-202.1
15:53:33.031	-202.1
15:53:33.039	-202.3
15:53:33.051	-203.4
15:53:33.063	-202.8
15:53:33.072	-200.9
15:53:33.084	-201.0
15:53:33.096	-202.0
15:53:33.108	-201.1
15:53:33.117	-201.7
15:53:33.129	-201.3
15:53:33.141	-198.7
15:53:33.149	-198.5
15:53:33.162	-195.3
15:53:33.174	-191.8
15:53:33.182	-193.1
15:53:33.195	-189.3
15:53:33.207	-186.4
15:53:33.215	-184.0
15:53:33.227	-181.2
15:53:33.240	-178.9
15:53:33.248	-176.5
15:53:33.260	-172.2
15:53:33.272	-170.4
15:53:33.285	-168.7
15:53:33.293	-165.4
15:53:33.305	-165.3
15:53:33.317	-163.7
15:53:33.325	-162.1
15:53:33.338	-159.5
15:53:33.350	-158.8
15:53:33.358	-157.7
15:53:33.371	-158.1
15:53:33.383	-156.0
15:53:33.395	-155.7
15:53:33.403	-152.3
15:53:33.416	-150.3
15:53:33.428	-148.5
15:53:33.436	-146.8
15:53:33.448	-145.0
15:53:33.461	-140.3
15:53:33.469	-137.8
15:53:33.481	-135.4
15:53:33.494	-133.9
15:53:33.502	-131.1
15:53:33.514	-129.0
15:53:33.526	-127.8
15:53:33.538	-126.5
15:53:33.547	-123.6
15:53:33.559	-122.2
15:53:33.571	-122.8
15:53:33.579	-122.1
15:53:33.592	-120.2
15:53:33.604	-120.5
15:53:33.612	-120.0
15:53:33.624	-119.9
15:53:33.637	-116.6
15:53:33.645	-114.4
15:53:33.657	-113.9
15:53:33.669	-112.4
15:53:33.682	-111.9
15:53:33.690	-109.5
15:53:33.702	-108.2
15:53:33.714	-105.6
15:53:33.723	-102.2
15:53:33.735	-100.5
15:53:33.747	-100.6
15:53:33.755	-99.5
15:53:33.768	-98.8
15:53:33.780	-97.4
15:53:33.792	-95.9
15:53:33.800	-95.4
15:53:33.813	-95.2
15:53:33.825	-91.1
15:53:33.833	-91.1
15:53:33.846	-90.1
15:53:33.858	-88.6
15:53:33.866	-87.4
15:53:33.878	-82.9
15:53:33.891	-82.9
15:53:33.899	-81.2
15:53:33.911	-79.4
15:53:33.923	-79.9
15:53:33.932	-81.6
15:53:33.944	-82.9
15:53:33.956	-81.5
15:53:33.968	-80.3
15:53:33.977	-81.6
15:53:33.989	-82.7
15:53:34.001	-81.7
15:53:34.009	-80.0
15:53:34.022	-79.3
15:53:34.034	-75.2
15:53:34.046	-74.7
15:53:34.054	-71.9
15:53:34.067	-71.9
15:53:34.079	-69.7
15:53:34.087	-68.2
15:53:34.099	-67.1
15:53:34.112	-65.4
15:53:34.120	-64.2
15:53:34.132	-62.5
15:53:34.144	-62.2
15:53:34.153	-60.7
15:53:34.165	-58.6
15:53:34.177	-55.9
15:53:34.185	-56.2
15:53:34.198	-53.3
15:53:34.210	-53.7
15:53:34.222	-52.2
15:53:34.230	-53.3
15:53:34.243	-53.0
15:53:34.255	-51.6
15:53:34.263	-51.9
15:53:34.275	-52.2
15:53:34.288	-52.3
15:53:34.296	-49.3
15:53:34.308	-47.5
15:53:34.321	-44.0
15:53:34.333	-41.4
15:53:34.341	-36.9
15:53:34.353	-32.1
15:53:34.366	-27.3
15:53:34.374	-18.2
15:53:34.386	-8.7
15:53:34.398	-0.4
15:53:34.407	6.1
15:53:34.419	17.3
15:53:34.431	26.3
15:53:34.443	36.3
15:53:34.452	43.5
15:53:34.464	52.2
15:53:34.476	57.4
15:53:34.484	61.5
15:53:34.497	64.7
15:53:34.509	67.0
15:53:34.521	69.5
15:53:34.529	67.4
15:53:34.542	67.0
15:53:34.554	64.3
15:53:34.562	64.7
15:53:34.575	63.3
15:53:34.587	64.8
15:53:34.595	62.5
15:53:34.607	58.8
15:53:34.620	58.6
15:53:34.628	58.3
15:53:34.640	59.4
15:53:34.652	61.2
15:53:34.665	60.2
15:53:34.673	60.5
15:53:34.685	59.0
15:53:34.697	56.0
15:53:34.706	58.2
15:53:34.718	59.9
15:53:34.730	61.1
15:53:34.738	59.9
15:53:34.751	58.0
15:53:34.763	56.7
15:53:34.775	56.6
15:53:34.783	54.3
15:53:34.796	52.2
15:53:34.808	52.0
15:53:34.816	49.0
15:53:34.828	46.2
15:53:34.841	42.7
15:53:34.849	42.5
15:53:34.861	40.5
15:53:34.873	36.6
15:53:34.882	35.8
15:53:34.894	35.8
15:53:34.906	35.4
15:53:34.915	35.1
15:53:34.927	33.4
15:53:34.939	35.2
15:53:34.951	35.7
15:53:34.960	34.3
15:53:34.972	34.5
15:53:34.984	36.9
15:53:34.992	35.5
15:53:35.005	35.6
15:53:35.017	34.8
15:53:35.029	32.8
15:53:35.037	33.7
15:53:35.050	31.4
15:53:35.062	32.9
15:53:35.070	32.7
15:53:35.082	32.7
15:53:35.095	30.6
15:53:35.103	29.4
15:53:35.115	26.6
15:53:35.127	25.2
15:53:35.136	26.8
15:53:35.148	26.9
15:53:35.160	25.4
15:53:35.168	23.0
15:53:35.181	23.5
15:53:35.193	21.9
15:53:35.205	24.0
15:53:35.213	24.3
15:53:35.226	26.4
15:53:35.238	27.7
15:53:35.246	27.5
15:53:35.259	26.1
15:53:35.271	26.3
15:53:35.279	27.6
15:53:35.291	25.6
15:53:35.304	25.6
15:53:35.316	22.7
15:53:35.324	23.2
15:53:35.336	20.4
15:53:35.349	20.0
15:53:35.357	20.1
15:53:35.369	20.0
15:53:35.381	20.1
15:53:35.390	18.9
15:53:35.402	21.3
15:53:35.414	22.5
15:53:35.422	21.3
15:53:35.435	22.2
15:53:35.447	24.3
15:53:35.459	27.2
15:53:35.467	28.8
15:53:35.480	33.2
15:53:35.492	35.4
15:53:35.500	37.2
15:53:35.512	38.4
15:53:35.525	40.9
15:53:35.533	46.2
15:53:35.545	47.9
15:53:35.557	50.0
15:53:35.566	51.7
15:53:35.578	52.7
15:53:35.590	52.1
15:53:35.603	54.0
15:53:35.611	54.2
15:53:35.623	53.3
15:53:35.635	54.1
15:53:35.643	51.6
15:53:35.656	50.5
15:53:35.668	48.8
15:53:35.676	47.7
15:53:35.688	45.2
15:53:35.701	42.7
15:53:35.713	41.0
15:53:35.721	39.9
15:53:35.734	39.3
15:53:35.746	37.0
15:53:35.754	36.6
15:53:35.766	36.5
15:53:35.779	37.4
15:53:35.787	36.6
15:53:35.799	38.0
15:53:35.811	38.5
15:53:35.820	39.8
15:53:35.832	41.5
15:53:35.844	42.1
15:53:35.852	44.6
15:53:35.865	46.3
15:53:35.877	47.0
15:53:35.889	46.2
15:53:35.897	46.8
15:53:35.910	48.0
15:53:35.922	48.9
15:53:35.931	47.8
15:53:35.943	46.5
15:53:35.956	46.6
15:53:35.968	44.5
15:53:35.976	43.9
15:53:35.988	43.0
15:53:36.001	43.9
15:53:36.009	42.5
15:53:36.021	42.1
15:53:36.033	42.8
15:53:36.042	46.2
15:53:36.054	52.0
15:53:36.066	55.6
15:53:36.074	61.3
15:53:36.087	64.0
15:53:36.099	69.5
15:53:36.107	74.0
15:53:36.120	78.7
15:53:36.132	82.8
15:53:36.144	87.9
15:53:36.152	92.8
15:53:36.165	93.4
15:53:36.177	97.3
15:53:36.189	101.4
15:53:36.197	107.8
15:53:36.210	111.9
15:53:36.222	118.2
15:53:36.230	122.4
15:53:36.242	127.0
15:53:36.255	132.3
15:53:36.266	133.4
15:53:36.274	136.3
15:53:36.287	139.6
15:53:36.299	139.2
15:53:36.307	139.8
15:53:36.319	142.2
15:53:36.332	140.9
15:53:36.340	140.8
15:53:36.352	139.7
15:53:36.364	140.7
15:53:36.373	142.3
15:53:36.385	141.3
15:53:36.397	140.3
15:53:36.405	140.5
15:53:36.418	141.3
15:53:36.430	138.8
15:53:36.442	138.7
15:53:36.450	139.3
15:53:36.463	138.1
15:53:36.475	135.2
15:53:36.483	132.1
15:53:36.495	132.5
15:53:36.508	131.4
15:53:36.516	127.8
15:53:36.528	124.3
15:53:36.540	125.3
15:53:36.549	124.7
15:53:36.561	127.8
15:53:36.573	126.3
15:53:36.585	124.4
15:53:36.594	125.3
15:53:36.606	124.9
15:53:36.618	124.2
15:53:36.626	126.9
15:53:36.639	126.6
15:53:36.651	125.4
15:53:36.659	124.3
15:53:36.672	121.6
15:53:36.684	123.4
15:53:36.696	122.0
15:53:36.704	121.8
15:53:36.717	121.4
15:53:36.729	120.5
15:53:36.737	119.6
15:53:36.749	118.5
15:53:36.762	118.6
15:53:36.770	117.8
15:53:36.782	117.2
15:53:36.794	116.7
15:53:36.803	118.4
15:53:36.815	117.7
15:53:36.827	116.8
15:53:36.836	117.6
15:53:36.848	115.1
15:53:36.861	118.8
15:53:36.873	119.0
15:53:36.881	118.4
15:53:36.893	117.9
15:53:36.906	118.6
15:53:36.914	120.1
15:53:36.926	122.1
15:53:36.938	125.0
15:53:36.951	126.3
15:53:36.959	129.1
15:53:36.971	129.6
15:53:36.984	133.2
15:53:36.992	136.1
15:53:37.004	138.7
15:53:37.016	141.8
15:53:37.024	142.5
15:53:37.037	144.1
15:53:37.049	145.8
15:53:37.057	147.1
15:53:37.070	150.0
15:53:37.082	150.6
15:53:37.090	148.6
15:53:37.102	148.1
15:53:37.115	148.4
15:53:37.127	145.6
15:53:37.135	145.3
15:53:37.147	144.4
15:53:37.160	142.8
15:53:37.168	142.6
15:53:37.180	142.5
15:53:37.192	142.9
15:53:37.201	145.5
15:53:37.213	147.6
15:53:37.225	146.5
15:53:37.237	145.3
15:53:37.246	144.7
15:53:37.258	143.7
15:53:37.270	143.8
15:53:37.278	143.7
15:53:37.291	141.5
15:53:37.303	141.4
15:53:37.311	136.5
15:53:37.323	133.4
15:53:37.336	132.1
15:53:37.344	130.7
15:53:37.356	129.5
15:53:37.368	129.8
15:53:37.381	127.2
15:53:37.389	122.6
15:53:37.401	118.7
15:53:37.413	113.2
15:53:37.422	109.7
15:53:37.434	105.6
15:53:37.446	102.1
15:53:37.454	99.8
15:53:37.467	94.3
15:53:37.479	87.2
15:53:37.487	80.7
15:53:37.499	77.3
15:53:37.512	74.1
15:53:37.524	70.2
15:53:37.532	65.3
15:53:37.545	62.6
15:53:37.557	56.0
15:53:37.565	53.1
15:53:37.577	49.4
15:53:37.590	44.9
15:53:37.598	42.4
15:53:37.610	37.8
15:53:37.622	34.4
15:53:37.635	29.2
15:53:37.643	26.1
15:53:37.655	23.2
15:53:37.667	18.9
15:53:37.676	12.4
15:53:37.688	7.6
15:53:37.700	6.8
15:53:37.709	3.4
15:53:37.721	1.9
15:53:37.733	-1.4
15:53:37.741	-0.5
15:53:37.754	2.3
15:53:37.766	2.9
15:53:37.774	7.4
15:53:37.786	9.8
15:53:37.799	13.9
15:53:37.811	13.6
15:53:37.819	17.6
15:53:37.831	19.5
15:53:37.844	19.6
15:53:37.852	17.8
15:53:37.864	6.7
15:53:37.876	-14.8
15:53:37.889	-39.5
15:53:37.897	-60.7
15:53:37.909	-83.6
15:53:37.921	-105.4
15:53:37.930	-131.8
15:53:37.942	-156.8
15:53:37.954	-181.6
15:53:37.962	-207.3
15:53:37.975	-225.6
15:53:37.987	-232.3
15:53:37.995	-238.4
15:53:38.007	-246.4
15:53:38.020	-254.4
15:53:38.032	-263.2
15:53:38.040	-266.9
15:53:38.053	-272.8
15:53:38.065	-276.7
15:53:38.073	-276.9
15:53:38.085	-278.6
15:53:38.098	-281.0
15:53:38.110	-280.4
15:53:38.118	-281.2
15:53:38.130	-279.6
15:53:38.143	-275.9
15:53:38.151	-277.4
15:53:38.163	-274.5
15:53:38.175	-270.9
15:53:38.188	-269.7
15:53:38.196	-268.3
15:53:38.208	-264.6
15:53:38.220	-262.6
15:53:38.229	-258.5
15:53:38.241	-255.2
15:53:38.253	-252.6
15:53:38.261	-248.4
15:53:38.274	-246.1
15:53:38.286	-244.6
15:53:38.294	-243.8
15:53:38.307	-241.0
15:53:38.319	-239.6
15:53:38.327	-238.9
15:53:38.339	-236.4
15:53:38.352	-235.1
15:53:38.364	-233.8
15:53:38.372	-232.9
15:53:38.384	-228.6
15:53:38.397	-225.7
15:53:38.405	-222.4
15:53:38.417	-219.4
15:53:38.429	-218.1
15:53:38.438	-214.1
15:53:38.450	-212.2
15:53:38.462	-208.6
15:53:38.470	-206.5
15:53:38.483	-201.4
15:53:38.495	-201.3
15:53:38.507	-197.5
15:53:38.515	-195.2
15:53:38.528	-191.8
15:53:38.540	-188.6
15:53:38.547	-185.7
15:53:38.560	-180.9
15:53:38.572	-178.8
15:53:38.580	-176.0
15:53:38.592	-175.6
15:53:38.605	-174.0
15:53:38.617	-172.1
15:53:38.625	-170.3
15:53:38.638	-171.0
15:53:38.650	-168.5
15:53:38.658	-167.7
15:53:38.670	-166.6
15:53:38.683	-166.1
15:53:38.691	-163.7
15:53:38.703	-157.9
15:53:38.715	-156.0
15:53:38.723	-156.5
15:53:38.736	-154.0
15:53:38.748	-150.6
15:53:38.756	-149.6
15:53:38.769	-147.8
15:53:38.781	-147.2
15:53:38.793	-144.1
15:53:38.801	-143.1
15:53:38.814	-144.5
15:53:38.826	-142.3
15:53:38.834	-137.6
15:53:38.846	-136.9
15:53:38.859	-135.5
15:53:38.871	-134.4
15:53:38.879	-132.2
15:53:38.891	-130.1
15:53:38.904	-128.9
15:53:38.912	-128.9
15:53:38.924	-125.7
15:53:38.936	-125.4
15:53:38.945	-125.7
15:53:38.957	-123.6
15:53:38.969	-121.3
15:53:38.977	-119.0
15:53:38.990	-117.2
15:53:39.002	-115.1
15:53:39.010	-114.8
15:53:39.022	-111.2
15:53:39.035	-112.1
15:53:39.047	-109.9
15:53:39.055	-108.5
15:53:39.067	-108.6
15:53:39.080	-107.4
15:53:39.088	-107.4
15:53:39.100	-107.0
15:53:39.112	-104.6
15:53:39.121	-103.3
15:53:39.133	-102.7
15:53:39.145	-100.5
15:53:39.158	-99.2
15:53:39.166	-97.5
15:53:39.178	-95.1
15:53:39.190	-95.1
15:53:39.199	-92.4
15:53:39.211	-88.6
15:53:39.223	-89.4
15:53:39.231	-88.4
15:53:39.244	-86.1
15:53:39.256	-83.2
15:53:39.264	-80.4
15:53:39.276	-79.9
15:53:39.289	-78.9
15:53:39.301	-76.2
15:53:39.310	-75.7
15:53:39.322	-76.3
15:53:39.335	-74.3
15:53:39.343	-70.5
15:53:39.355	-70.7
15:53:39.367	-72.9
15:53:39.376	-71.7
15:53:39.388	-69.9
15:53:39.400	-68.0
15:53:39.408	-67.1
15:53:39.421	-63.4
15:53:39.433	-61.8
15:53:39.445	-60.3
15:53:39.453	-60.1
15:53:39.466	-57.8
15:53:39.478	-54.7
15:53:39.486	-53.6
15:53:39.498	-51.5
15:53:39.511	-49.8
15:53:39.519	-47.9
15:53:39.531	-47.0
15:53:39.544	-44.2
15:53:39.556	-43.4
15:53:39.564	-43.5
15:53:39.576	-41.2
15:53:39.589	-40.7
15:53:39.597	-39.0
15:53:39.609	-37.6
15:53:39.621	-34.9
15:53:39.629	-33.1
15:53:39.642	-32.5
15:53:39.654	-30.6
15:53:39.662	-27.0
15:53:39.675	-23.0
15:53:39.687	-21.8
15:53:39.695	-18.2
15:53:39.707	-16.6
15:53:39.720	-15.9
15:53:39.732	-15.3
15:53:39.740	-13.0
15:53:39.752	-10.7
15:53:39.765	-10.9
15:53:39.773	-11.5
15:53:39.785	-8.8
15:53:39.798	-8.4
15:53:39.810	-8.7
15:53:39.818	-6.9
15:53:39.830	-4.3
15:53:39.842	1.1
15:53:39.851	5.4
15:53:39.863	12.0
15:53:39.875	16.6
15:53:39.883	22.7
15:53:39.896	25.0
15:53:39.908	30.5
15:53:39.916	36.9
15:53:39.928	39.3
15:53:39.941	44.5
15:53:39.949	44.6
15:53:39.961	45.8
15:53:39.973	45.1
15:53:39.986	47.3
15:53:39.994	47.1
15:53:40.006	48.3
15:53:40.018	48.2
15:53:40.027	50.1
15:53:40.039	51.3
15:53:40.051	50.8
15:53:40.059	52.6
15:53:40.072	53.8
15:53:40.084	54.6
15:53:40.096	52.9
15:53:40.104	53.3
15:53:40.117	54.7
15:53:40.129	56.7
15:53:40.137	54.1
15:53:40.150	55.9
15:53:40.162	57.1
15:53:40.170	56.5
15:53:40.182	57.3
15:53:40.195	56.4
15:53:40.203	58.6
15:53:40.215	59.2
15:53:40.227	58.7
15:53:40.240	58.8
15:53:40.248	59.9
15:53:40.260	60.8
15:53:40.272	60.6
15:53:40.285	62.6
15:53:40.293	60.1
15:53:40.305	62.6
15:53:40.317	65.0
15:53:40.326	65.4
15:53:40.338	66.6
15:53:40.350	66.6
15:53:40.358	67.6
15:53:40.371	66.3
15:53:40.383	67.7
15:53:40.391	66.8
15:53:40.403	67.2
15:53:40.416	66.9
15:53:40.428	65.9
15:53:40.436	66.9
15:53:40.448	68.4
15:53:40.461	69.8
15:53:40.469	70.8
15:53:40.481	73.9
15:53:40.494	74.4
15:53:40.502	75.6
15:53:40.514	79.0
15:53:40.526	81.1
15:53:40.538	81.6
15:53:40.547	81.4
15:53:40.559	81.8
15:53:40.571	80.9
15:53:40.579	82.5
15:53:40.592	81.8
15:53:40.604	82.2
15:53:40.612	83.5
15:53:40.625	84.5
15:53:40.637	81.2
15:53:40.645	80.9
15:53:40.657	82.5
15:53:40.670	83.7
15:53:40.678	85.6
15:53:40.690	85.3
15:53:40.702	86.0
15:53:40.715	85.8
15:53:40.723	85.6
15:53:40.735	85.0
15:53:40.747	85.2
15:53:40.756	86.9
15:53:40.768	96.0
15:53:40.780	106.4
15:53:40.792	117.1
15:53:40.801	126.6
15:53:40.813	135.0
15:53:40.825	145.4
15:53:40.833	153.0
15:53:40.846	160.2
15:53:40.858	168.6
15:53:40.866	173.1
15:53:40.878	169.8
15:53:40.891	164.0
15:53:40.899	161.1
15:53:40.911	158.6
15:53:40.924	155.8
15:53:40.932	151.0
15:53:40.944	149.2
15:53:40.956	148.7
15:53:40.968	148.5
15:53:40.977	147.5
15:53:40.989	148.2
15:53:41.001	146.6
15:53:41.009	144.5
15:53:41.022	143.2
15:53:41.034	140.0
15:53:41.042	138.6
15:53:41.054	134.5
15:53:41.067	127.5
15:53:41.079	123.8
15:53:41.087	123.0
15:53:41.099	116.6
15:53:41.112	111.5
15:53:41.120	104.5
15:53:41.132	98.3
15:53:41.145	93.9
15:53:41.153	87.8
15:53:41.165	82.4
15:53:41.177	80.5
15:53:41.185	74.2
15:53:41.198	69.1
15:53:41.210	66.6
15:53:41.222	65.4
15:53:41.231	62.6
15:53:41.242	59.8
15:53:41.255	56.6
15:53:41.263	53.6
15:53:41.275	53.6
15:53:41.287	50.1
15:53:41.296	48.0
15:53:41.308	43.5
15:53:41.320	41.8
15:53:41.328	37.6
15:53:41.341	36.5
15:53:41.353	31.7
15:53:41.365	28.3
15:53:41.373	27.7
15:53:41.386	24.6
15:53:41.398	20.2
15:53:41.406	17.4
15:53:41.419	15.0
15:53:41.431	6.2
15:53:41.439	-1.9
15:53:41.451	-9.1
15:53:41.464	-14.1
15:53:41.476	-19.8
15:53:41.484	-30.2
15:53:41.496	-37.2
15:53:41.509	-43.1
15:53:41.517	-49.2
15:53:41.529	-55.1
15:53:41.541	-56.9
15:53:41.549	-59.8
15:53:41.562	-61.6
15:53:41.574	-65.2
15:53:41.582	-66.3
15:53:41.595	-65.6
15:53:41.607	-67.1
15:53:41.615	-68.2
15:53:41.628	-69.0
15:53:41.640	-68.9
15:53:41.652	-70.0
15:53:41.660	-69.8
15:53:41.672	-72.4
15:53:41.685	-70.4
15:53:41.693	-70.3
15:53:41.705	-70.4
15:53:41.717	-71.2
15:53:41.730	-70.1
15:53:41.738	-70.2
15:53:41.750	-72.0
15:53:41.762	-72.9
15:53:41.771	-71.3
15:53:41.783	-69.3
15:53:41.795	-69.1
15:53:41.803	-69.7
15:53:41.816	-70.0
15:53:41.828	-69.9
15:53:41.836	-68.3
15:53:41.848	-66.6
15:53:41.861	-65.2
15:53:41.869	-62.4
15:53:41.881	-61.8
15:53:41.894	-61.6
15:53:41.907	-62.1
15:53:41.914	-61.2
15:53:41.927	-58.1
15:53:41.940	-57.8
15:53:41.948	-60.3
15:53:41.960	-61.0
15:53:41.972	-59.6
15:53:41.981	-61.4
15:53:41.993	-62.4
15:53:42.005	-62.0
15:53:42.017	-60.2
15:53:42.026	-58.8
15:53:42.038	-60.4
15:53:42.050	-58.4
15:53:42.057	-53.8
15:53:42.070	-52.7
15:53:42.082	-52.3
15:53:42.090	-49.9
15:53:42.103	-47.5
15:53:42.115	-45.8
15:53:42.123	-44.0
15:53:42.135	-43.1
15:53:42.148	-40.0
15:53:42.160	-39.5
15:53:42.168	-39.4
15:53:42.180	-36.9
15:53:42.193	-34.1
15:53:42.205	-30.4
15:53:42.213	-28.0
15:53:42.225	-26.7
15:53:42.238	-27.3
15:53:42.246	-25.2
15:53:42.258	-24.6
15:53:42.270	-22.0
15:53:42.279	-21.4
15:53:42.291	-20.8
15:53:42.303	-21.5
15:53:42.311	-22.3
15:53:42.324	-22.2
15:53:42.336	-22.0
15:53:42.348	-19.5
15:53:42.356	-18.4
15:53:42.369	-16.5
15:53:42.381	-15.6
15:53:42.389	-14.4
15:53:42.401	-12.9
15:53:42.414	-12.4
15:53:42.422	-11.5
15:53:42.434	-10.1
15:53:42.446	-9.0
15:53:42.455	-9.1
15:53:42.467	-8.8
15:53:42.479	-9.5
15:53:42.491	-9.2
15:53:42.500	-7.2
15:53:42.512	-6.9
15:53:42.524	-4.8
15:53:42.532	-5.4
15:53:42.545	-5.3
15:53:42.557	-5.4
15:53:42.565	-4.6
15:53:42.578	-4.2
15:53:42.590	-3.4
15:53:42.598	-0.6
15:53:42.610	-1.7
15:53:42.623	-2.7
15:53:42.635	-4.6
15:53:42.643	-2.5
15:53:42.655	-0.8
15:53:42.668	0.2
15:53:42.676	-1.4
15:53:42.688	-1.6
15:53:42.700	0.2
15:53:42.713	-2.7
15:53:42.721	-1.1
15:53:42.733	1.5
15:53:42.745	2.8
15:53:42.754	3.5
15:53:42.766	1.5
15:53:42.778	2.6
15:53:42.787	4.8
15:53:42.800	5.6
15:53:42.811	3.7
15:53:42.819	5.2
15:53:42.832	4.2
15:53:42.845	2.5
15:53:42.853	2.7
15:53:42.865	1.7
15:53:42.877	1.1
15:53:42.890	-0.3
15:53:42.898	-1.9
15:53:42.910	-4.2
15:53:42.922	-3.5
15:53:42.931	-5.2
15:53:42.943	-4.7
15:53:42.955	-3.7
15:53:42.964	-4.9
15:53:42.976	-5.7
15:53:42.988	-3.5
15:53:43.000	-5.0
15:53:43.008	-5.4
15:53:43.021	-3.5
15:53:43.033	-4.2
15:53:43.041	-4.7
15:53:43.053	-5.3
15:53:43.066	-7.8
15:53:43.074	-7.9
15:53:43.086	-8.7
15:53:43.099	-10.5
15:53:43.107	-9.3
15:53:43.119	-6.9
15:53:43.132	-7.8
15:53:43.144	-9.2
15:53:43.152	-8.6
15:53:43.164	-7.8
15:53:43.176	-6.6
15:53:43.185	-5.8
15:53:43.197	-3.9
15:53:43.209	-0.1
15:53:43.217	3.6
15:53:43.230	4.1
15:53:43.242	8.2
15:53:43.250	12.5
15:53:43.262	17.7
15:53:43.275	19.7
15:53:43.287	22.7
15:53:43.295	26.9
15:53:43.307	28.8
15:53:43.320	29.1
15:53:43.328	28.5
15:53:43.340	32.4
15:53:43.352	32.0
15:53:43.361	33.0
15:53:43.373	31.5
15:53:43.385	32.0
15:53:43.397	30.6
15:53:43.406	31.2
15:53:43.418	31.8
15:53:43.430	33.4
15:53:43.438	34.5
15:53:43.451	33.1
15:53:43.463	35.3
15:53:43.471	36.1
15:53:43.483	36.2
15:53:43.496	37.4
15:53:43.504	40.9
15:53:43.516	40.5
15:53:43.528	42.5
15:53:43.537	43.7
15:53:43.549	46.1
15:53:43.561	47.2
15:53:43.574	47.6
15:53:43.582	50.7
15:53:43.594	54.6
15:53:43.606	59.4
15:53:43.614	65.4
15:53:43.627	72.1
15:53:43.639	78.7
15:53:43.651	85.0
15:53:43.659	92.6
15:53:43.671	99.6
15:53:43.683	105.5
15:53:43.692	108.9
15:53:43.704	113.2
15:53:43.716	115.0
15:53:43.724	116.1
15:53:43.737	117.6
15:53:43.749	118.6
15:53:43.757	118.5
15:53:43.769	117.9
15:53:43.782	119.1
15:53:43.790	122.8
15:53:43.802	127.6
15:53:43.815	129.5
15:53:43.827	131.9
15:53:43.835	133.2
15:53:43.847	134.3
15:53:43.859	135.8
15:53:43.868	138.5
15:53:43.880	142.6
15:53:43.892	142.3
15:53:43.900	139.5
15:53:43.913	136.2
15:53:43.925	137.3
15:53:43.937	136.6
15:53:43.950	136.7
15:53:43.958	136.2
15:53:43.970	133.8
15:53:43.982	132.1
15:53:43.991	128.3
15:53:44.003	127.3
15:53:44.015	126.1
15:53:44.023	125.9
15:53:44.036	123.9
15:53:44.048	121.7
15:53:44.056	120.9
15:53:44.068	118.9
15:53:44.081	119.9
15:53:44.089	119.3
15:53:44.101	119.7
15:53:44.113	119.4
15:53:44.126	125.6
15:53:44.134	124.9
15:53:44.146	123.3
15:53:44.158	124.3
15:53:44.167	121.0
15:53:44.179	121.5
15:53:44.192	120.0
15:53:44.200	118.7
15:53:44.213	116.6
15:53:44.224	117.0
15:53:44.232	110.3
15:53:44.244	112.3
15:53:44.258	112.4
15:53:44.270	110.9
15:53:44.278	112.2
15:53:44.291	109.4
15:53:44.303	108.9
15:53:44.311	108.2
15:53:44.323	106.5
15:53:44.336	103.2
15:53:44.344	103.8
15:53:44.356	100.4
15:53:44.368	100.1
15:53:44.381	99.5
15:53:44.389	98.3
15:53:44.401	101.0
15:53:44.413	100.5
15:53:44.421	100.1
15:53:44.434	102.1
15:53:44.446	100.8
15:53:44.454	99.8
15:53:44.467	99.8
15:53:44.479	98.3
15:53:44.487	99.2
15:53:44.499	100.2
15:53:44.512	101.9
15:53:44.520	112.1
15:53:44.532	122.1
15:53:44.544	131.7
15:53:44.557	143.8
15:53:44.565	151.3
15:53:44.577	160.8
15:53:44.589	168.7
15:53:44.598	177.6
15:53:44.610	186.8
15:53:44.622	191.3
15:53:44.634	189.8
15:53:44.643	189.1
15:53:44.655	186.0
15:53:44.667	185.6
15:53:44.675	185.2
15:53:44.688	182.9
15:53:44.700	183.2
15:53:44.708	182.4
15:53:44.720	181.0
15:53:44.733	180.3
15:53:44.741	180.4
15:53:44.753	178.3
15:53:44.765	177.2
15:53:44.774	173.4
15:53:44.786	172.7
15:53:44.798	171.2
15:53:44.810	166.3
15:53:44.819	163.3
15:53:44.831	161.3
15:53:44.843	160.3
15:53:44.851	157.0
15:53:44.864	154.2
15:53:44.876	150.1
15:53:44.884	147.9
15:53:44.897	146.2
15:53:44.909	143.2
15:53:44.921	145.5
15:53:44.929	143.6
15:53:44.942	140.9
15:53:44.954	138.0
15:53:44.962	133.0
15:53:44.974	131.5
15:53:44.987	130.2
15:53:44.995	129.2
15:53:45.007	124.9
15:53:45.019	123.1
15:53:45.028	118.8
15:53:45.040	116.1
15:53:45.052	112.9
15:53:45.064	109.5
15:53:45.073	106.0
15:53:45.085	103.3
15:53:45.097	100.8
15:53:45.105	95.5
15:53:45.118	93.0
15:53:45.130	89.5
15:53:45.138	86.5
15:53:45.150	83.1
15:53:45.163	80.0
15:53:45.171	76.8
15:53:45.183	74.3
15:53:45.195	68.1
15:53:45.208	61.9
15:53:45.216	57.9
15:53:45.228	55.1
15:53:45.241	50.9
15:53:45.249	46.2
15:53:45.261	43.9
15:53:45.273	39.9
15:53:45.281	34.9
15:53:45.294	31.2
15:53:45.306	29.2
15:53:45.318	27.3
15:53:45.327	24.7
15:53:45.339	19.5
15:53:45.351	15.6
15:53:45.360	13.3
15:53:45.372	7.2
15:53:45.384	3.7
15:53:45.392	2.1
15:53:45.404	2.5
15:53:45.417	-0.4
15:53:45.425	-1.4
15:53:45.437	-0.5
15:53:45.449	3.0
15:53:45.458	7.5
15:53:45.470	9.4
15:53:45.482	14.3
15:53:45.494	18.7
15:53:45.503	20.8
15:53:45.515	22.1
15:53:45.527	27.7
15:53:45.535	29.4
15:53:45.548	28.8
15:53:45.560	27.0
15:53:45.572	12.8
15:53:45.580	1.0
15:53:45.593	-14.8
15:53:45.605	-31.3
15:53:45.613	-43.7
15:53:45.625	-58.5
15:53:45.638	-74.4
15:53:45.646	-87.3
15:53:45.658	-100.3
15:53:45.671	-114.4
15:53:45.679	-114.6
15:53:45.691	-117.9
15:53:45.703	-118.9
15:53:45.711	-119.9
15:53:45.723	-119.4
15:53:45.736	-121.3
15:53:45.748	-122.4
15:53:45.756	-124.2
15:53:45.768	-128.0
15:53:45.781	-129.1
15:53:45.789	-133.9
15:53:45.801	-136.5
15:53:45.813	-141.0
15:53:45.822	-143.6
15:53:45.834	-149.0
15:53:45.846	-151.8
15:53:45.858	-155.7
15:53:45.871	-157.9
15:53:45.879	-158.7
15:53:45.891	-162.6
15:53:45.903	-165.1
15:53:45.912	-166.7
15:53:45.924	-167.1
15:53:45.936	-168.1
15:53:45.944	-170.5
15:53:45.957	-171.7
15:53:45.969	-173.6
15:53:45.977	-175.2
15:53:45.989	-175.3
15:53:46.002	-174.5
15:53:46.010	-172.5
15:53:46.022	-173.2
15:53:46.035	-172.9
15:53:46.047	-172.2
15:53:46.055	-168.7
15:53:46.068	-168.2
15:53:46.080	-165.6
15:53:46.088	-165.1
15:53:46.100	-162.5
15:53:46.113	-162.2
15:53:46.121	-162.7
15:53:46.133	-161.7
15:53:46.145	-161.3
15:53:46.154	-159.4
15:53:46.166	-159.5
15:53:46.178	-157.7
15:53:46.190	-157.1
15:53:46.199	-154.1
15:53:46.211	-154.1
15:53:46.223	-152.8
15:53:46.231	-151.8
15:53:46.244	-150.3
15:53:46.256	-148.2
15:53:46.264	-147.3
15:53:46.276	-147.3
15:53:46.289	-146.6
15:53:46.301	-147.1
15:53:46.309	-147.7
15:53:46.321	-146.3
15:53:46.334	-145.4
15:53:46.342	-143.4
15:53:46.354	-141.9
15:53:46.366	-140.1
15:53:46.375	-137.9
15:53:46.387	-135.3
15:53:46.399	-132.1
15:53:46.407	-130.2
15:53:46.420	-128.0
15:53:46.432	-125.7
15:53:46.440	-123.9
15:53:46.452	-120.8
15:53:46.465	-117.6
15:53:46.477	-115.5
15:53:46.485	-116.7
15:53:46.497	-116.2
15:53:46.510	-115.0
15:53:46.518	-110.9
15:53:46.530	-108.9
15:53:46.543	-106.5
15:53:46.555	-104.9
15:53:46.563	-103.5
15:53:46.575	-104.3
15:53:46.588	-102.2
15:53:46.596	-99.7
15:53:46.608	-96.2
15:53:46.620	-94.1
15:53:46.629	-93.3
15:53:46.641	-90.8
15:53:46.653	-90.2
15:53:46.661	-87.4
15:53:46.674	-86.5
15:53:46.686	-81.2
15:53:46.694	-81.4
15:53:46.706	-78.3
15:53:46.719	-77.5
15:53:46.731	-77.2
15:53:46.739	-76.0
15:53:46.751	-77.1
15:53:46.764	-77.3
15:53:46.772	-78.2
15:53:46.784	-77.7
15:53:46.796	-79.3
15:53:46.805	-77.9
15:53:46.817	-78.3
15:53:46.829	-76.0
15:53:46.841	-74.2
15:53:46.850	-74.0
15:53:46.862	-71.2
15:53:46.874	-67.9
15:53:46.882	-65.8
15:53:46.895	-65.0
15:53:46.907	-63.5
15:53:46.915	-61.6
15:53:46.927	-58.4
15:53:46.940	-58.6
15:53:46.948	-56.6
15:53:46.960	-54.7
15:53:46.972	-54.6
15:53:46.985	-55.7
15:53:46.993	-54.9
15:53:47.005	-51.6
15:53:47.018	-49.9
15:53:47.026	-49.3
15:53:47.038	-49.5
15:53:47.050	-49.1
15:53:47.059	-48.8
15:53:47.071	-49.2
15:53:47.083	-47.1
15:53:47.091	-46.3
15:53:47.104	-45.0
15:53:47.116	-45.7
15:53:47.128	-45.5
15:53:47.136	-43.7
15:53:47.149	-43.1
15:53:47.161	-41.6
15:53:47.169	-40.9
15:53:47.181	-37.4
15:53:47.194	-36.2
15:53:47.202	-33.3
15:53:47.214	-31.4
15:53:47.226	-30.5
15:53:47.239	-28.0
15:53:47.247	-27.0
15:53:47.259	-23.9
15:53:47.272	-22.5
15:53:47.280	-21.0
15:53:47.293	-20.3
15:53:47.305	-18.4
15:53:47.313	-18.4
15:53:47.325	-18.3
15:53:47.338	-15.3
15:53:47.346	-13.2
15:53:47.358	-11.1
15:53:47.370	-10.5
15:53:47.379	-6.5
15:53:47.391	-3.2
15:53:47.403	1.5
15:53:47.415	1.5
15:53:47.424	3.2
15:53:47.436	6.7
15:53:47.448	9.2
15:53:47.456	10.7
15:53:47.469	12.1
15:53:47.481	17.2
15:53:47.493	19.6
15:53:47.501	20.8
15:53:47.514	21.7
15:53:47.526	23.8
15:53:47.534	28.2
15:53:47.546	30.4
15:53:47.559	33.1
15:53:47.567	35.9
15:53:47.579	38.7
15:53:47.591	40.9
15:53:47.600	45.9
15:53:47.612	50.3
15:53:47.624	52.4
15:53:47.632	57.7
15:53:47.645	60.3
15:53:47.657	65.1
15:53:47.669	67.8
15:53:47.677	72.7
15:53:47.690	76.5
15:53:47.702	77.7
15:53:47.710	76.1
15:53:47.722	77.9
15:53:47.735	83.1
15:53:47.743	83.5
15:53:47.755	85.7
15:53:47.767	87.3
15:53:47.780	90.2
15:53:47.788	92.0
15:53:47.800	95.4
15:53:47.813	99.3
15:53:47.821	106.0
15:53:47.833	111.2
15:53:47.845	114.5
15:53:47.858	121.0
15:53:47.866	126.8
15:53:47.878	132.3
15:53:47.890	136.2
15:53:47.899	138.4
15:53:47.911	142.6
15:53:47.923	143.7
15:53:47.932	142.9
15:53:47.944	143.7
15:53:47.956	142.7
15:53:47.968	143.9
15:53:47.976	144.9
15:53:47.989	142.6
15:53:48.001	142.5
15:53:48.009	142.1
15:53:48.022	141.4
15:53:48.034	142.3
15:53:48.042	142.7
15:53:48.054	140.8
15:53:48.067	141.9
15:53:48.075	142.1
15:53:48.087	140.1
15:53:48.099	142.8
15:53:48.112	143.6
15:53:48.120	147.7
15:53:48.132	147.7
15:53:48.144	148.6
15:53:48.153	149.5
15:53:48.165	149.9
15:53:48.177	150.8
15:53:48.185	149.2
15:53:48.197	151.5
15:53:48.209	150.3
15:53:48.221	151.2
15:53:48.230	150.1
15:53:48.242	151.9
15:53:48.255	152.8
15:53:48.262	152.2
15:53:48.276	155.2
15:53:48.288	153.9
15:53:48.296	155.8
15:53:48.308	155.3
15:53:48.321	155.4
15:53:48.329	155.2
15:53:48.341	156.2
15:53:48.353	155.4
15:53:48.362	153.5
15:53:48.374	153.3
15:53:48.386	153.0
15:53:48.399	152.4
15:53:48.407	149.4
15:53:48.419	150.6
15:53:48.431	152.0
15:53:48.439	151.0
15:53:48.452	150.5
15:53:48.464	149.7
15:53:48.476	149.1
15:53:48.484	147.7
15:53:48.497	144.9
15:53:48.509	144.4
15:53:48.517	146.7
15:53:48.530	144.3
15:53:48.542	144.2
15:53:48.550	143.7
15:53:48.562	141.9
15:53:48.575	140.7
15:53:48.583	140.2
15:53:48.595	138.6
15:53:48.607	137.4
15:53:48.615	137.4
15:53:48.628	136.1
15:53:48.640	134.5
15:53:48.652	132.1
15:53:48.660	131.6
15:53:48.673	130.8
15:53:48.685	130.4
15:53:48.693	129.7
15:53:48.706	129.0
15:53:48.718	128.6
15:53:48.726	125.8
15:53:48.738	122.4
15:53:48.751	121.3
15:53:48.763	121.4
15:53:48.771	119.3
15:53:48.783	116.4
15:53:48.796	113.5
15:53:48.804	110.8
15:53:48.816	109.4
15:53:48.829	106.7
15:53:48.837	104.8
15:53:48.849	102.5
15:53:48.861	99.9
15:53:48.869	92.9
15:53:48.882	88.1
15:53:48.894	81.6
15:53:48.906	76.5
15:53:48.914	71.5
15:53:48.927	65.4
15:53:48.939	60.5
15:53:48.947	56.3
15:53:48.959	51.3
15:53:48.972	44.1
15:53:48.980	41.6
15:53:48.992	35.9
15:53:49.004	31.5
15:53:49.013	25.4
15:53:49.025	20.3
15:53:49.037	16.7
15:53:49.050	11.5
15:53:49.058	6.8
15:53:49.070	3.9
15:53:49.082	1.7
15:53:49.090	-0.9
15:53:49.103	-1.4
15:53:49.115	-2.7
15:53:49.123	-2.7
15:53:49.136	-0.3
15:53:49.148	1.7
15:53:49.160	4.8
15:53:49.168	6.9
15:53:49.181	10.2
15:53:49.193	11.9
15:53:49.201	10.5
15:53:49.213	10.7
15:53:49.226	14.5
15:53:49.234	16.8
15:53:49.246	16.8
15:53:49.258	16.2
15:53:49.266	14.0
15:53:49.278	10.7
15:53:49.290	6.3
15:53:49.299	4.6
15:53:49.311	-0.2
15:53:49.323	-18.3
15:53:49.336	-38.3
15:53:49.344	-56.8
15:53:49.356	-76.0
15:53:49.368	-93.5
15:53:49.376	-107.9
15:53:49.390	-123.1
15:53:49.401	-138.0
15:53:49.414	-152.6
15:53:49.422	-163.6
15:53:49.435	-162.9
15:53:49.447	-162.7
15:53:49.455	-161.6
15:53:49.468	-161.0
15:53:49.480	-158.5
15:53:49.488	-160.5
15:53:49.500	-158.2
15:53:49.512	-158.2
15:53:49.521	-158.1
15:53:49.533	-156.4
15:53:49.545	-154.7
15:53:49.554	-153.4
15:53:49.566	-151.9
15:53:49.578	-151.5
15:53:49.590	-154.9
15:53:49.599	-154.2
15:53:49.611	-155.1
15:53:49.623	-154.3
15:53:49.631	-156.2
15:53:49.644	-158.2
15:53:49.656	-158.2
15:53:49.664	-157.6
15:53:49.676	-159.0
15:53:49.689	-156.4
15:53:49.701	-152.9
15:53:49.709	-151.4
15:53:49.721	-149.2
15:53:49.734	-148.1
15:53:49.742	-144.2
15:53:49.754	-140.7
15:53:49.766	-140.1
15:53:49.775	-138.6
15:53:49.787	-135.3
15:53:49.799	-132.9
15:53:49.811	-132.1
15:53:49.820	-129.7
15:53:49.832	-128.0
15:53:49.844	-124.6
15:53:49.852	-122.9
15:53:49.865	-122.3
15:53:49.877	-119.7
15:53:49.889	-117.4
15:53:49.897	-116.2
15:53:49.910	-115.5
15:53:49.922	-110.9
15:53:49.930	-111.0
15:53:49.942	-110.7
15:53:49.955	-111.1
15:53:49.963	-108.3
15:53:49.975	-105.5
15:53:49.987	-103.3
15:53:49.996	-101.2
15:53:50.008	-98.8
15:53:50.020	-96.6
15:53:50.032	-95.8
15:53:50.041	-92.4
15:53:50.053	-88.4
15:53:50.065	-85.9
15:53:50.074	-86.0
15:53:50.086	-83.1
15:53:50.098	-80.3
15:53:50.106	-76.8
15:53:50.119	-71.8
15:53:50.131	-69.5
15:53:50.143	-66.2
15:53:50.151	-62.9
15:53:50.164	-57.0
15:53:50.176	-51.6
15:53:50.184	-47.5
15:53:50.196	-46.6
15:53:50.209	-43.9
15:53:50.217	-41.2
15:53:50.229	-40.1
15:53:50.241	-35.4
15:53:50.250	-31.5
15:53:50.262	-28.7
15:53:50.274	-30.0
15:53:50.282	-26.5
15:53:50.295	-23.7
15:53:50.307	-17.7
15:53:50.319	-15.6
15:53:50.328	-12.9
15:53:50.340	-10.3
15:53:50.352	-8.0
15:53:50.360	-7.6
15:53:50.373	-6.3
15:53:50.385	-3.0
15:53:50.397	-4.3
15:53:50.405	-2.9
15:53:50.418	-2.4
15:53:50.430	-1.0
15:53:50.438	-0.2
15:53:50.450	-1.0
15:53:50.463	-2.2
15:53:50.470	-2.2
15:53:50.482	-0.5
15:53:50.495	-2.8
15:53:50.503	-2.7
15:53:50.515	-3.4
15:53:50.527	-4.8
15:53:50.536	-5.8
15:53:50.548	-6.8
15:53:50.560	-7.4
15:53:50.572	-9.8
15:53:50.581	-8.6
15:53:50.593	-11.8
15:53:50.605	-12.3
15:53:50.613	-12.8
15:53:50.626	-13.7
15:53:50.638	-16.5
15:53:50.646	-18.4
15:53:50.658	-20.3
15:53:50.671	-21.3
15:53:50.683	-23.2
15:53:50.691	-28.1
15:53:50.704	-31.2
15:53:50.716	-35.4
15:53:50.724	-39.5
15:53:50.736	-43.2
15:53:50.749	-45.3
15:53:50.757	-48.9
15:53:50.769	-51.7
15:53:50.781	-53.8
15:53:50.790	-55.4
15:53:50.802	-57.2
15:53:50.814	-56.2
15:53:50.826	-54.5
15:53:50.835	-53.8
15:53:50.847	-51.1
15:53:50.859	-46.0
15:53:50.867	-40.2
15:53:50.880	-34.4
15:53:50.892	-29.9
15:53:50.900	-22.6
15:53:50.912	-17.6
15:53:50.925	-11.6
15:53:50.933	-6.4
15:53:50.945	-1.0
15:53:50.957	2.7
15:53:50.970	3.4
15:53:50.978	6.4
15:53:50.990	6.6
15:53:51.002	8.8
15:53:51.011	7.9
15:53:51.023	9.8
15:53:51.035	7.5
15:53:51.043	6.9
15:53:51.056	8.0
15:53:51.068	7.6
15:53:51.080	8.8
15:53:51.088	7.4
15:53:51.101	7.6
15:53:51.113	5.3
15:53:51.121	5.2
15:53:51.134	5.6
15:53:51.146	8.9
15:53:51.154	7.7
15:53:51.166	5.5
15:53:51.179	5.9
15:53:51.187	3.7
15:53:51.199	4.1
15:53:51.211	3.6
15:53:51.220	5.0
15:53:51.232	6.0
15:53:51.244	7.1
15:53:51.256	4.0
15:53:51.265	3.7
15:53:51.277	3.7
15:53:51.289	3.4
15:53:51.297	6.0
15:53:51.310	5.5
15:53:51.322	6.0
15:53:51.334	5.6
15:53:51.342	5.7
15:53:51.355	5.2
15:53:51.367	8.2
15:53:51.375	10.5
15:53:51.388	12.1
15:53:51.400	14.0
15:53:51.408	14.5
15:53:51.420	16.7
15:53:51.433	16.7
15:53:51.441	19.0
15:53:51.453	20.0
15:53:51.465	21.5
15:53:51.474	22.2
15:53:51.486	21.9
15:53:51.498	23.7
15:53:51.511	26.1
15:53:51.519	29.7
15:53:51.531	33.5
15:53:51.543	38.3
15:53:51.552	40.4
15:53:51.564	44.9
15:53:51.576	47.7
15:53:51.584	53.0
15:53:51.597	60.4
15:53:51.609	66.5
15:53:51.621	69.4
15:53:51.630	71.9
15:53:51.642	73.2
15:53:51.654	74.3
15:53:51.662	76.4
15:53:51.675	77.1
15:53:51.687	78.3
15:53:51.695	77.1
15:53:51.707	75.7
15:53:51.720	74.0
15:53:51.728	72.6
15:53:51.740	70.7
15:53:51.752	70.9
15:53:51.765	70.5
15:53:51.773	70.6
15:53:51.785	72.0
15:53:51.797	70.6
15:53:51.806	70.3
15:53:51.818	71.9
15:53:51.830	74.4
15:53:51.838	76.7
15:53:51.851	79.3
15:53:51.863	78.9
15:53:51.871	80.2
15:53:51.883	82.5
15:53:51.896	81.9
15:53:51.904	83.4
15:53:51.916	84.9
15:53:51.928	86.0
15:53:51.941	85.8
15:53:51.949	85.6
15:53:51.961	85.1
15:53:51.974	84.4
15:53:51.986	84.9
15:53:51.994	82.1
15:53:52.006	79.0
15:53:52.019	77.8
15:53:52.027	76.1
15:53:52.039	73.4
15:53:52.051	69.6
15:53:52.063	66.6
15:53:52.072	64.0
15:53:52.084	63.9
15:53:52.096	59.5
15:53:52.105	55.5
15:53:52.117	54.8
15:53:52.129	53.5
15:53:52.137	51.9
15:53:52.150	49.3
15:53:52.162	47.6
15:53:52.170	45.7
15:53:52.182	42.8
15:53:52.195	39.7
15:53:52.203	40.3
15:53:52.215	40.4
15:53:52.227	41.3
15:53:52.240	41.8
15:53:52.248	41.8
15:53:52.260	46.6
15:53:52.272	49.2
15:53:52.281	51.1
15:53:52.293	53.9
15:53:52.305	57.1
15:53:52.317	61.4
15:53:52.326	66.7
15:53:52.338	69.9
15:53:52.350	73.5
15:53:52.358	83.0
15:53:52.371	86.9
15:53:52.383	92.0
15:53:52.391	98.4
15:53:52.403	103.8
15:53:52.416	109.4
15:53:52.424	114.0
15:53:52.436	119.1
15:53:52.449	123.2
15:53:52.457	128.3
15:53:52.469	125.8
15:53:52.482	129.7
15:53:52.494	130.8
15:53:52.502	133.9
15:53:52.514	136.0
15:53:52.527	136.9
15:53:52.535	139.1
15:53:52.547	139.5
15:53:52.559	143.5
15:53:52.568	143.9
15:53:52.580	149.4
15:53:52.592	154.9
15:53:52.604	169.0
15:53:52.613	180.4
15:53:52.625	192.4
15:53:52.637	203.8
15:53:52.645	213.9
15:53:52.658	226.7
15:53:52.670	236.3
15:53:52.678	248.0
15:53:52.690	257.5
15:53:52.703	262.5
15:53:52.711	262.5
15:53:52.723	265.6
15:53:52.735	266.8
15:53:52.748	269.8
15:53:52.756	273.5
15:53:52.768	276.6
15:53:52.780	280.5
15:53:52.789	283.4
15:53:52.801	286.9
15:53:52.813	289.0
15:53:52.821	289.9
15:53:52.834	288.6
15:53:52.846	293.4
15:53:52.854	296.1
15:53:52.866	295.2
15:53:52.879	294.1
15:53:52.891	292.8
15:53:52.899	290.9
15:53:52.911	287.3
15:53:52.924	284.7
15:53:52.932	284.7
15:53:52.944	282.4
15:53:52.956	277.1
15:53:52.965	272.7
15:53:52.977	270.2
15:53:52.990	267.4
15:53:53.002	264.1
15:53:53.010	260.7
15:53:53.023	258.2
15:53:53.035	256.4
15:53:53.043	254.0
15:53:53.055	252.9
15:53:53.068	249.7
15:53:53.076	245.8
15:53:53.088	244.0
15:53:53.100	242.1
15:53:53.109	240.5
15:53:53.121	238.4
15:53:53.133	235.6
15:53:53.141	232.4
15:53:53.154	228.9
15:53:53.165	225.1
15:53:53.177	222.9
15:53:53.186	220.6
15:53:53.198	218.3
15:53:53.210	215.2
15:53:53.218	212.5
15:53:53.231	209.9
15:53:53.243	208.4
15:53:53.255	205.5
15:53:53.264	202.4
15:53:53.276	199.8
15:53:53.288	196.9
15:53:53.296	197.3
15:53:53.309	194.5
15:53:53.321	194.7
15:53:53.329	192.9
15:53:53.341	191.8
15:53:53.354	189.4
15:53:53.362	190.4
15:53:53.374	190.5
15:53:53.386	191.8
15:53:53.395	193.0
15:53:53.407	189.2
15:53:53.419	188.4
15:53:53.431	186.3
15:53:53.440	183.3
15:53:53.452	179.6
15:53:53.464	178.3
15:53:53.472	173.7
15:53:53.485	169.2
15:53:53.497	165.0
15:53:53.505	160.7
15:53:53.517	160.7
15:53:53.530	159.8
15:53:53.542	155.9
15:53:53.550	152.5
15:53:53.563	153.1
15:53:53.575	152.0
15:53:53.583	151.8
15:53:53.595	151.8
15:53:53.608	150.0
15:53:53.616	147.7
15:53:53.628	144.9
15:53:53.640	142.0
15:53:53.649	137.8
15:53:53.661	137.9
15:53:53.673	136.0
15:53:53.685	132.7
15:53:53.694	129.3
15:53:53.706	123.8
15:53:53.718	121.4
15:53:53.730	120.1
15:53:53.739	118.0
15:53:53.751	114.7
15:53:53.763	112.3
15:53:53.771	108.3
15:53:53.784	104.4
15:53:53.792	97.8
15:53:53.804	94.3
15:53:53.816	93.2
15:53:53.825	89.3
15:53:53.837	83.8
15:53:53.849	78.8
15:53:53.861	72.6
15:53:53.870	69.5
15:53:53.882	65.3
15:53:53.894	60.4
15:53:53.902	56.7
15:53:53.915	52.9
15:53:53.927	47.6
15:53:53.939	42.3
15:53:53.947	36.7
15:53:53.960	31.4
15:53:53.972	24.7
15:53:53.984	18.5
15:53:53.992	11.8
15:53:54.005	3.9
15:53:54.013	-2.4
15:53:54.025	-11.0
15:53:54.037	-18.6
15:53:54.050	-26.0
15:53:54.058	-30.4
15:53:54.070	-34.7
15:53:54.083	-36.8
15:53:54.091	-41.0
15:53:54.103	-46.1
15:53:54.116	-50.0
15:53:54.124	-52.7
15:53:54.136	-55.7
15:53:54.149	-58.7
15:53:54.161	-61.5
15:53:54.169	-64.5
15:53:54.181	-68.5
15:53:54.194	-73.8
15:53:54.202	-76.9
15:53:54.214	-78.8
15:53:54.226	-82.1
15:53:54.239	-93.3
15:53:54.247	-105.4
15:53:54.259	-113.4
15:53:54.271	-123.3
15:53:54.280	-134.7
15:53:54.292	-147.7
15:53:54.304	-157.2
15:53:54.312	-167.8
15:53:54.325	-179.9
15:53:54.337	-193.0
15:53:54.345	-200.6
15:53:54.357	-208.1
15:53:54.370	-221.0
15:53:54.378	-231.3
15:53:54.390	-242.1
15:53:54.403	-251.7
15:53:54.415	-262.7
15:53:54.423	-272.2
15:53:54.435	-279.3
15:53:54.448	-284.3
15:53:54.456	-286.3
15:53:54.467	-287.4
15:53:54.480	-287.7
15:53:54.488	-287.8
15:53:54.500	-285.6
15:53:54.512	-285.5
15:53:54.525	-285.7
15:53:54.533	-286.1
15:53:54.545	-288.9
15:53:54.558	-289.2
15:53:54.566	-290.4
15:53:54.578	-290.6
15:53:54.591	-288.9
15:53:54.599	-287.0
15:53:54.612	-286.8
15:53:54.624	-284.1
15:53:54.632	-281.8
15:53:54.644	-279.4
15:53:54.656	-276.4
15:53:54.668	-274.9
15:53:54.676	-272.5
15:53:54.689	-270.9
15:53:54.701	-271.4
15:53:54.709	-270.9
15:53:54.721	-268.7
15:53:54.734	-269.0
15:53:54.742	-264.2
15:53:54.754	-261.5
15:53:54.766	-259.4
15:53:54.775	-257.4
15:53:54.787	-252.8
15:53:54.799	-249.4
15:53:54.811	-245.2
15:53:54.820	-242.7
15:53:54.832	-242.4
15:53:54.844	-240.5
15:53:54.852	-241.5
15:53:54.865	-240.4
15:53:54.877	-236.8
15:53:54.885	-232.9
15:53:54.897	-230.9
15:53:54.910	-229.0
15:53:54.922	-227.4
15:53:54.930	-226.0
15:53:54.943	-223.9
15:53:54.955	-219.3
15:53:54.963	-216.5
15:53:54.975	-214.6
15:53:54.988	-212.8
15:53:54.996	-211.4
15:53:55.008	-210.9
15:53:55.020	-207.3
15:53:55.029	-202.9
15:53:55.041	-198.6
15:53:55.053	-195.4
15:53:55.061	-192.4
15:53:55.074	-189.9
15:53:55.086	-188.1
15:53:55.098	-183.8
15:53:55.106	-181.5
15:53:55.119	-177.9
15:53:55.131	-178.2
15:53:55.139	-179.0
15:53:55.151	-178.0
15:53:55.165	-173.6
15:53:55.176	-172.7
15:53:55.185	-169.4
15:53:55.196	-165.5
15:53:55.210	-166.1
15:53:55.218	-162.4
15:53:55.230	-161.8
15:53:55.243	-158.9
15:53:55.251	-155.4
15:53:55.263	-150.9
15:53:55.275	-151.2
15:53:55.283	-149.1
15:53:55.296	-147.8
15:53:55.308	-146.6
15:53:55.316	-141.9
15:53:55.329	-138.8
15:53:55.341	-135.8
15:53:55.353	-132.4
15:53:55.361	-129.5
15:53:55.373	-128.7
15:53:55.386	-127.1
15:53:55.394	-124.2
15:53:55.406	-122.6
15:53:55.419	-119.1
15:53:55.427	-119.0
15:53:55.439	-118.5
15:53:55.451	-116.7
15:53:55.464	-115.2
15:53:55.472	-113.9
15:53:55.484	-113.3
15:53:55.496	-110.5
15:53:55.505	-109.1
15:53:55.517	-106.2
15:53:55.529	-106.0
15:53:55.537	-103.1
15:53:55.550	-101.3
15:53:55.562	-97.9
15:53:55.570	-96.4
15:53:55.583	-95.6
15:53:55.595	-92.6
15:53:55.607	-91.3
15:53:55.615	-90.2
15:53:55.627	-88.6
15:53:55.640	-87.2
15:53:55.648	-85.0
15:53:55.659	-84.0
15:53:55.672	-83.5
15:53:55.680	-82.4
15:53:55.692	-79.3
15:53:55.704	-78.4
15:53:55.713	-73.8
15:53:55.725	-71.1
15:53:55.737	-69.5
15:53:55.745	-67.8
15:53:55.758	-66.9
15:53:55.770	-65.3
15:53:55.782	-64.3
15:53:55.790	-62.9
15:53:55.803	-61.1
15:53:55.815	-59.4
15:53:55.823	-61.0
15:53:55.835	-58.0
15:53:55.848	-57.0
15:53:55.860	-55.0
15:53:55.868	-54.2
15:53:55.880	-53.1
15:53:55.893	-50.9
15:53:55.901	-48.8
15:53:55.913	-46.9
15:53:55.926	-45.4
15:53:55.938	-41.8
15:53:55.946	-41.4
15:53:55.958	-37.5
15:53:55.971	-35.0
15:53:55.979	-33.1
15:53:55.991	-33.4
15:53:56.003	-30.6
15:53:56.012	-29.3
15:53:56.024	-27.1
15:53:56.036	-25.6
15:53:56.044	-24.7
15:53:56.057	-23.4
15:53:56.069	-23.9
15:53:56.081	-21.5
15:53:56.089	-20.3
15:53:56.102	-16.8
15:53:56.114	-16.8
15:53:56.122	-15.8
15:53:56.135	-14.5
15:53:56.147	-12.8
15:53:56.159	-11.1
15:53:56.167	-9.7
15:53:56.180	-8.2
15:53:56.192	-6.8
15:53:56.200	-5.3
15:53:56.212	-2.8
15:53:56.225	-1.4
15:53:56.233	1.9
15:53:56.245	3.0
15:53:56.257	5.9
15:53:56.266	6.0
15:53:56.278	7.1
15:53:56.290	7.7
15:53:56.298	8.4
15:53:56.311	9.7
15:53:56.323	10.7
15:53:56.335	12.7
15:53:56.343	12.8
15:53:56.356	14.7
15:53:56.368	17.4
15:53:56.376	23.6
15:53:56.388	27.4
15:53:56.401	33.3
15:53:56.409	36.3
15:53:56.421	43.4
15:53:56.433	49.6
15:53:56.446	56.7
15:53:56.454	64.3
15:53:56.466	70.3
15:53:56.478	76.0
15:53:56.487	80.4
15:53:56.499	87.0
15:53:56.511	90.5
15:53:56.519	96.3
15:53:56.532	99.6
15:53:56.544	101.9
15:53:56.552	102.8
15:53:56.564	106.9
15:53:56.577	109.3
15:53:56.589	112.2
15:53:56.597	114.7
15:53:56.610	120.3
15:53:56.622	129.8
15:53:56.630	137.0
15:53:56.642	144.8
15:53:56.655	154.8
15:53:56.663	163.3
15:53:56.675	170.9
15:53:56.687	179.1
15:53:56.696	186.1
15:53:56.708	193.0
15:53:56.720	197.0
15:53:56.732	198.1
15:53:56.741	200.5
15:53:56.753	201.6
15:53:56.765	201.8
15:53:56.773	204.4
15:53:56.786	203.6
15:53:56.798	203.3
15:53:56.806	203.3
15:53:56.818	205.3
15:53:56.831	204.6
15:53:56.843	203.2
15:53:56.851	202.9
15:53:56.863	203.4
15:53:56.876	204.8
15:53:56.884	204.7
15:53:56.896	207.4
15:53:56.909	210.9
15:53:56.917	214.9
15:53:56.929	215.8
15:53:56.941	217.9
15:53:56.949	222.2
15:53:56.962	225.5
15:53:56.974	229.0
15:53:56.982	230.8
15:53:56.995	233.6
15:53:57.007	235.5
15:53:57.019	235.7
15:53:57.028	235.1
15:53:57.040	234.1
15:53:57.052	234.2
15:53:57.060	232.3
15:53:57.072	230.5
15:53:57.085	226.9
15:53:57.097	225.8
15:53:57.105	222.3
15:53:57.117	220.0
15:53:57.131	218.7
15:53:57.138	216.1
15:53:57.150	214.6
15:53:57.163	213.9
15:53:57.171	214.1
15:53:57.184	213.1
15:53:57.196	212.5
15:53:57.204	210.7
15:53:57.217	210.4
15:53:57.229	208.6
15:53:57.237	206.5
15:53:57.249	203.3
15:53:57.262	206.2
15:53:57.274	203.9
15:53:57.282	200.4
15:53:57.294	198.6
15:53:57.307	197.6
15:53:57.315	196.1
15:53:57.327	193.1
15:53:57.340	189.6
15:53:57.348	188.1
15:53:57.360	187.1
15:53:57.372	180.6
15:53:57.384	177.2
15:53:57.393	175.0
15:53:57.405	172.6
15:53:57.417	169.0
15:53:57.425	164.4
15:53:57.438	162.4
15:53:57.450	160.0
15:53:57.458	154.4
15:53:57.471	150.0
15:53:57.483	146.7
15:53:57.490	144.1
15:53:57.502	137.9
15:53:57.515	134.5
15:53:57.527	129.8
15:53:57.535	126.2
15:53:57.547	121.7
15:53:57.560	116.9
15:53:57.568	111.9
15:53:57.580	108.0
15:53:57.593	102.2
15:53:57.601	96.0
15:53:57.613	92.3
15:53:57.625	85.2
15:53:57.633	81.9
15:53:57.646	77.0
15:53:57.658	70.7
15:53:57.666	66.0
15:53:57.678	61.7
15:53:57.691	57.6
15:53:57.703	52.6
15:53:57.711	48.2
15:53:57.724	45.3
15:53:57.736	42.7
15:53:57.744	38.2
15:53:57.756	32.8
15:53:57.769	29.8
15:53:57.781	24.9
15:53:57.789	21.2
15:53:57.801	15.9
15:53:57.814	11.4
15:53:57.822	6.7
15:53:57.834	3.8
15:53:57.846	1.3
15:53:57.855	-1.5
15:53:57.867	-7.9
15:53:57.879	-25.0
15:53:57.891	-40.3
15:53:57.900	-55.1
15:53:57.912	-70.7
15:53:57.924	-86.7
15:53:57.932	-101.5
15:53:57.945	-121.6
15:53:57.957	-141.3
15:53:57.965	-161.8
15:53:57.978	-174.8
15:53:57.990	-181.3
15:53:58.002	-189.8
15:53:58.010	-197.0
15:53:58.023	-205.5
15:53:58.035	-211.5
15:53:58.043	-217.7
15:53:58.055	-220.6
15:53:58.068	-225.0
15:53:58.080	-227.9
15:53:58.088	-233.0
15:53:58.100	-235.7
15:53:58.113	-237.0
15:53:58.121	-239.7
15:53:58.133	-240.0
15:53:58.145	-241.9
15:53:58.154	-243.2
15:53:58.166	-244.1
15:53:58.178	-245.7
15:53:58.186	-248.6
15:53:58.199	-248.9
15:53:58.211	-248.4
15:53:58.219	-248.4
15:53:58.231	-248.6
15:53:58.244	-246.8
15:53:58.256	-245.8
15:53:58.264	-246.1
15:53:58.276	-247.4
15:53:58.289	-248.3
15:53:58.297	-248.0
15:53:58.309	-248.0
15:53:58.321	-250.1
15:53:58.330	-250.8
15:53:58.342	-250.0
15:53:58.354	-251.0
15:53:58.367	-251.5
15:53:58.375	-250.7
15:53:58.387	-248.6
15:53:58.399	-244.5
15:53:58.408	-240.8
15:53:58.420	-237.6
15:53:58.432	-235.0
15:53:58.440	-231.6
15:53:58.453	-228.6
15:53:58.465	-228.3
15:53:58.473	-224.1
15:53:58.485	-220.2
15:53:58.499	-217.8
15:53:58.511	-217.6
15:53:58.519	-216.1
15:53:58.531	-214.9
15:53:58.544	-211.5
15:53:58.552	-208.1
15:53:58.564	-206.8
15:53:58.576	-201.2
15:53:58.585	-197.9
15:53:58.597	-197.0
15:53:58.609	-194.5
15:53:58.617	-189.4
15:53:58.630	-187.8
15:53:58.642	-185.7
15:53:58.654	-183.6
15:53:58.663	-182.1
15:53:58.675	-177.1
15:53:58.687	-176.7
15:53:58.695	-175.0
15:53:58.707	-172.1
15:53:58.720	-169.4
15:53:58.728	-169.8
15:53:58.740	-167.7
15:53:58.753	-165.6
15:53:58.765	-163.4
15:53:58.773	-160.4
15:53:58.785	-161.4
15:53:58.798	-156.9
15:53:58.806	-155.4
15:53:58.818	-153.2
15:53:58.830	-151.8
15:53:58.838	-149.6
15:53:58.851	-146.9
15:53:58.863	-145.0
15:53:58.871	-142.4
15:53:58.883	-143.3
15:53:58.895	-139.1
15:53:58.903	-139.4
15:53:58.916	-137.1
15:53:58.928	-135.7
15:53:58.940	-133.1
15:53:58.948	-129.5
15:53:58.960	-127.8
15:53:58.973	-126.8
15:53:58.981	-125.1
15:53:58.993	-119.7
15:53:59.006	-118.2
15:53:59.018	-116.3
15:53:59.026	-114.5
15:53:59.038	-113.6
15:53:59.051	-114.7
15:53:59.059	-111.9
15:53:59.071	-109.9
15:53:59.083	-107.4
15:53:59.092	-105.0
15:53:59.104	-104.8
15:53:59.116	-103.7
15:53:59.124	-100.8
15:53:59.137	-98.6
15:53:59.149	-97.1
15:53:59.157	-94.2
15:53:59.169	-94.9
15:53:59.182	-93.6
15:53:59.194	-93.2
15:53:59.202	-93.5
15:53:59.214	-90.8
15:53:59.227	-89.3
15:53:59.235	-88.8
15:53:59.247	-89.3
15:53:59.260	-87.1
15:53:59.268	-84.0
15:53:59.280	-82.2
15:53:59.292	-80.5
15:53:59.304	-76.7
15:53:59.313	-72.7
15:53:59.325	-71.3
15:53:59.337	-70.2
15:53:59.346	-68.7
15:53:59.358	-65.3
15:53:59.370	-64.1
15:53:59.378	-62.1
15:53:59.391	-60.1
15:53:59.403	-57.3
15:53:59.411	-56.4
15:53:59.424	-56.1
15:53:59.436	-53.6
15:53:59.448	-49.4
15:53:59.456	-46.0
15:53:59.469	-44.4
15:53:59.481	-40.9
15:53:59.489	-40.8
15:53:59.501	-39.3
15:53:59.514	-38.2
15:53:59.522	-37.1
15:53:59.534	-33.0
15:53:59.546	-34.3
15:53:59.555	-35.3
15:53:59.567	-35.7
15:53:59.579	-33.6
15:53:59.587	-34.2
15:53:59.600	-34.4
15:53:59.613	-33.3
15:53:59.624	-30.9
15:53:59.632	-29.4
15:53:59.645	-31.6
15:53:59.657	-28.4
15:53:59.665	-28.8
15:53:59.678	-28.5
15:53:59.690	-29.1
15:53:59.702	-27.1
15:53:59.710	-25.6
15:53:59.723	-25.8
15:53:59.735	-27.6
15:53:59.743	-27.8
15:53:59.755	-27.2
15:53:59.768	-27.6
15:53:59.776	-26.7
15:53:59.788	-27.4
15:53:59.800	-28.5
15:53:59.809	-30.3
15:53:59.821	-29.7
15:53:59.833	-29.8
15:53:59.845	-30.5
15:53:59.854	-30.5
15:53:59.866	-29.9
15:53:59.878	-30.5
15:53:59.886	-30.4
15:53:59.899	-27.8
15:53:59.911	-26.4
15:53:59.923	-26.7
15:53:59.931	-26.7
15:53:59.944	-24.9
15:53:59.956	-20.8
15:53:59.964	-18.0
15:53:59.976	-15.8
15:53:59.989	-12.4
15:54:00.001	-10.4
15:54:00.009	-9.3
15:54:00.021	-6.7
15:54:00.030	0.3
15:54:00.042	7.3
15:54:00.054	14.2
15:54:00.066	19.0
15:54:00.075	25.6
15:54:00.087	31.6
15:54:00.099	35.2
15:54:00.107	39.5
15:54:00.120	44.6
15:54:00.132	51.1
15:54:00.140	55.0
15:54:00.152	61.5
15:54:00.165	66.8
15:54:00.177	76.0
15:54:00.185	83.7
15:54:00.198	93.7
15:54:00.210	103.2
15:54:00.218	115.4
15:54:00.230	126.2
15:54:00.243	135.3
15:54:00.251	147.7
15:54:00.263	154.3
15:54:00.275	164.0
15:54:00.288	168.9
15:54:00.296	172.9
15:54:00.308	173.9
15:54:00.320	176.9
15:54:00.329	177.5
15:54:00.341	177.8
15:54:00.353	177.5
15:54:00.361	176.4
15:54:00.374	176.5
15:54:00.386	173.8
15:54:00.394	171.9
15:54:00.406	170.3
15:54:00.419	171.3
15:54:00.431	172.3
15:54:00.439	171.7
15:54:00.451	172.7
15:54:00.464	174.2
15:54:00.472	174.7
15:54:00.484	173.6
15:54:00.496	175.2
15:54:00.505	177.6
15:54:00.517	184.6
15:54:00.529	195.4
15:54:00.538	211.4
15:54:00.550	232.3
15:54:00.562	253.8
15:54:00.574	277.0
15:54:00.583	302.4
15:54:00.595	335.3
15:54:00.607	365.7
15:54:00.615	397.2
15:54:00.628	425.5
15:54:00.640	445.2
15:54:00.648	461.4
15:54:00.660	475.0
15:54:00.673	485.8
15:54:00.685	493.7
15:54:00.693	498.4
15:54:00.705	496.1
15:54:00.718	495.9
15:54:00.726	491.0
15:54:00.738	486.9
15:54:00.750	482.1
15:54:00.759	477.7
15:54:00.771	472.2
15:54:00.783	467.9
15:54:00.791	463.3
15:54:00.804	459.9
15:54:00.816	457.2
15:54:00.824	450.4
15:54:00.837	445.1
15:54:00.849	438.3
15:54:00.861	436.4
15:54:00.869	432.5
15:54:00.882	427.8
15:54:00.894	424.4
15:54:00.902	420.0
15:54:00.914	415.9
15:54:00.927	409.8
15:54:00.939	406.8
15:54:00.947	401.6
15:54:00.959	396.5
15:54:00.972	390.6
15:54:00.980	384.6
15:54:00.992	379.4
15:54:01.004	374.2
15:54:01.013	370.6
15:54:01.025	365.3
15:54:01.037	362.4
15:54:01.045	355.0
15:54:01.058	354.1
15:54:01.070	350.7
15:54:01.078	346.2
15:54:01.090	339.9
15:54:01.103	336.0
15:54:01.115	334.1
15:54:01.123	329.4
15:54:01.136	325.1
15:54:01.148	320.7
15:54:01.156	317.6
15:54:01.168	311.3
15:54:01.181	307.0
15:54:01.189	303.5
15:54:01.201	301.0
15:54:01.213	298.3
15:54:01.226	291.4
15:54:01.234	289.3
15:54:01.246	285.0
15:54:01.258	280.5
15:54:01.267	276.8
15:54:01.279	277.5
15:54:01.291	278.4
15:54:01.299	280.8
15:54:01.312	285.5
15:54:01.324	288.8
15:54:01.332	291.2
15:54:01.344	291.8
15:54:01.357	292.0
15:54:01.370	293.2
15:54:01.378	295.3
15:54:01.390	294.2
15:54:01.402	289.7
15:54:01.410	284.8
15:54:01.423	278.8
15:54:01.435	274.0
15:54:01.443	269.5
15:54:01.456	263.8
15:54:01.468	259.4
15:54:01.476	255.0
15:54:01.488	247.5
15:54:01.501	240.9
15:54:01.509	237.4
15:54:01.521	232.6
15:54:01.533	227.5
15:54:01.546	222.0
15:54:01.558	218.0
15:54:01.566	213.2
15:54:01.578	209.6
15:54:01.591	205.6
15:54:01.599	202.5
15:54:01.611	198.3
15:54:01.623	194.1
15:54:01.632	190.9
15:54:01.644	188.0
15:54:01.656	185.0
15:54:01.668	180.2
15:54:01.677	177.6
15:54:01.689	174.1
15:54:01.701	171.9
15:54:01.709	170.9
15:54:01.722	168.8
15:54:01.734	167.6
15:54:01.742	166.0
15:54:01.755	165.6
15:54:01.767	164.8
15:54:01.775	165.6
15:54:01.787	164.2
15:54:01.799	164.2
15:54:01.808	162.3
15:54:01.820	161.4
15:54:01.832	162.3
15:54:01.845	162.8
15:54:01.853	165.5
15:54:01.865	163.7
15:54:01.877	164.0
15:54:01.886	163.8
15:54:01.898	166.9
15:54:01.910	168.7
15:54:01.923	169.3
15:54:01.931	170.4
15:54:01.943	171.3
15:54:01.955	172.1
15:54:01.964	171.0
15:54:01.976	173.5
15:54:01.988	173.1
15:54:01.996	174.1
15:54:02.009	171.9
15:54:02.021	172.9
15:54:02.029	176.1
15:54:02.041	177.5
15:54:02.054	179.1
15:54:02.062	180.6
15:54:02.074	182.0
15:54:02.086	182.1
15:54:02.099	182.5
15:54:02.107	181.8
15:54:02.119	183.4
15:54:02.131	181.0
15:54:02.140	175.9
15:54:02.152	174.5
15:54:02.164	173.3
15:54:02.172	174.2
15:54:02.185	173.9
15:54:02.197	175.1
15:54:02.209	179.2
15:54:02.217	182.8
15:54:02.230	187.6
15:54:02.242	193.5
15:54:02.250	204.8
15:54:02.263	213.4
15:54:02.275	222.6
15:54:02.283	228.7
15:54:02.295	234.8
15:54:02.307	241.7
15:54:02.316	245.1
15:54:02.328	249.7
15:54:02.339	251.6
15:54:02.352	254.7
15:54:02.360	256.3
15:54:02.372	257.0
15:54:02.384	258.3
15:54:02.393	256.7
15:54:02.405	257.2
15:54:02.417	253.3
15:54:02.425	250.4
15:54:02.438	246.5
15:54:02.450	245.0
15:54:02.458	238.6
15:54:02.471	231.9
15:54:02.483	224.2
15:54:02.496	216.4
15:54:02.504	209.8
15:54:02.516	199.4
15:54:02.529	189.0
15:54:02.537	177.5
15:54:02.549	167.2
15:54:02.561	153.6
15:54:02.570	140.6
15:54:02.582	129.4
15:54:02.594	119.2
15:54:02.607	105.4
15:54:02.615	94.5
15:54:02.627	84.6
15:54:02.639	76.9
15:54:02.647	71.9
15:54:02.660	63.6
15:54:02.672	58.4
15:54:02.680	53.8
15:54:02.693	49.6
15:54:02.705	44.0
15:54:02.713	41.3
15:54:02.725	36.3
15:54:02.738	33.5
15:54:02.746	30.1
15:54:02.758	25.0
15:54:02.770	22.6
15:54:02.783	14.8
15:54:02.791	9.5
15:54:02.803	0.6
15:54:02.815	-4.7
15:54:02.824	-13.1
15:54:02.836	-20.3
15:54:02.848	-27.2
15:54:02.860	-35.2
15:54:02.869	-42.5
15:54:02.881	-49.3
15:54:02.893	-50.9
15:54:02.901	-53.3
15:54:02.914	-54.6
15:54:02.926	-56.8
15:54:02.934	-58.6
15:54:02.946	-60.1
15:54:02.959	-61.3
15:54:02.967	-60.6
15:54:02.979	-62.9
15:54:02.991	-63.8
15:54:03.000	-67.7
15:54:03.012	-67.5
15:54:03.024	-68.1
15:54:03.037	-69.7
15:54:03.045	-70.4
15:54:03.057	-72.9
15:54:03.069	-78.8
15:54:03.077	-84.5
15:54:03.090	-88.5
15:54:03.102	-93.0
15:54:03.110	-95.9
15:54:03.123	-102.1
15:54:03.135	-108.4
15:54:03.147	-117.0
15:54:03.155	-124.3
15:54:03.168	-130.1
15:54:03.180	-134.0
15:54:03.188	-138.4
15:54:03.200	-142.5
15:54:03.213	-147.6
15:54:03.221	-154.5
15:54:03.233	-162.7
15:54:03.245	-172.3
15:54:03.254	-180.2
15:54:03.266	-189.6
15:54:03.277	-201.3
15:54:03.290	-213.9
15:54:03.298	-225.8
15:54:03.310	-237.6
15:54:03.322	-248.6
15:54:03.331	-255.9
15:54:03.343	-263.3
15:54:03.355	-269.4
15:54:03.363	-275.2
15:54:03.376	-279.5
15:54:03.388	-281.9
15:54:03.397	-284.0
15:54:03.408	-287.8
15:54:03.421	-289.8
15:54:03.429	-291.0
15:54:03.441	-295.0
15:54:03.453	-297.6
15:54:03.466	-300.4
15:54:03.478	-303.2
15:54:03.486	-304.9
15:54:03.499	-303.3
15:54:03.511	-303.8
15:54:03.519	-301.7
15:54:03.531	-300.4
15:54:03.544	-301.0
15:54:03.552	-299.6
15:54:03.564	-299.9
15:54:03.576	-297.5
15:54:03.589	-295.4
15:54:03.597	-295.5
15:54:03.609	-297.7
15:54:03.621	-296.6
15:54:03.630	-296.5
15:54:03.642	-297.6
15:54:03.654	-300.8
15:54:03.662	-302.5
15:54:03.675	-301.6
15:54:03.687	-303.2
15:54:03.695	-303.0
15:54:03.707	-302.9
15:54:03.720	-302.4
15:54:03.728	-303.1
15:54:03.740	-303.1
15:54:03.753	-300.9
15:54:03.765	-296.0
15:54:03.773	-292.4
15:54:03.785	-291.0
15:54:03.798	-289.1
15:54:03.806	-286.3
15:54:03.818	-285.1
15:54:03.830	-280.5
15:54:03.843	-276.6
15:54:03.851	-273.4
15:54:03.863	-268.8
15:54:03.875	-266.6
15:54:03.884	-264.1
15:54:03.896	-260.1
15:54:03.908	-257.3
15:54:03.916	-255.2
15:54:03.929	-250.4
15:54:03.941	-249.8
15:54:03.949	-246.8
15:54:03.962	-244.0
15:54:03.974	-244.0
15:54:03.982	-240.3
15:54:03.994	-239.1
15:54:04.007	-236.8
15:54:04.019	-233.0
15:54:04.027	-230.8
15:54:04.039	-229.0
15:54:04.052	-225.3
15:54:04.060	-221.7
15:54:04.072	-217.5
15:54:04.084	-214.2
15:54:04.093	-211.6
15:54:04.105	-208.1
15:54:04.117	-203.1
15:54:04.129	-200.7
15:54:04.138	-197.3
15:54:04.150	-195.3
15:54:04.162	-193.6
15:54:04.170	-191.5
15:54:04.183	-188.9
15:54:04.195	-184.0
15:54:04.203	-183.1
15:54:04.215	-181.0
15:54:04.228	-180.2
15:54:04.236	-177.7
15:54:04.248	-173.5
15:54:04.261	-168.6
15:54:04.273	-166.1
15:54:04.281	-164.9
15:54:04.293	-165.5
15:54:04.305	-166.4
15:54:04.314	-163.6
15:54:04.326	-161.2
15:54:04.338	-160.2
15:54:04.347	-159.3
15:54:04.359	-160.3
15:54:04.371	-158.9
15:54:04.379	-157.2
15:54:04.392	-152.4
15:54:04.404	-147.3
15:54:04.416	-146.0
15:54:04.424	-143.2
15:54:04.437	-140.8
15:54:04.449	-138.4
15:54:04.457	-135.8
15:54:04.469	-131.7
15:54:04.482	-129.9
15:54:04.490	-127.0
15:54:04.502	-125.7
15:54:04.514	-124.1
15:54:04.527	-120.7
15:54:04.535	-120.8
15:54:04.547	-120.1
15:54:04.559	-116.4
15:54:04.568	-114.3
15:54:04.580	-113.2
15:54:04.592	-111.0
15:54:04.601	-108.2
15:54:04.613	-108.4
15:54:04.625	-108.7
15:54:04.633	-104.8
15:54:04.645	-101.9
15:54:04.658	-97.6
15:54:04.666	-96.8
15:54:04.678	-96.2
15:54:04.691	-91.9
15:54:04.703	-89.4
15:54:04.711	-87.4
15:54:04.723	-83.0
15:54:04.735	-77.9
15:54:04.744	-75.7
15:54:04.756	-70.5
15:54:04.768	-69.8
15:54:04.781	-66.4
15:54:04.789	-60.0
15:54:04.801	-58.6
15:54:04.813	-54.9
15:54:04.821	-50.6
15:54:04.834	-49.4
15:54:04.846	-45.7
15:54:04.854	-42.5
15:54:04.867	-40.6
15:54:04.879	-35.1
15:54:04.887	-31.1
15:54:04.899	-29.8
15:54:04.912	-25.5
15:54:04.920	-20.9
15:54:04.932	-16.2
15:54:04.944	-11.1
15:54:04.957	-10.2
15:54:04.965	-10.7
15:54:04.977	-8.9
15:54:04.989	-7.6
15:54:04.998	-4.6
15:54:05.010	-2.0
15:54:05.022	-3.2
15:54:05.030	-6.8
15:54:05.043	-11.1
15:54:05.055	-14.5
15:54:05.067	-16.7
15:54:05.075	-16.6
15:54:05.088	-18.9
15:54:05.100	-22.8
15:54:05.108	-24.2
15:54:05.120	-25.9
15:54:05.133	-25.1
15:54:05.141	-25.4
15:54:05.153	-22.7
15:54:05.165	-19.7
15:54:05.174	-16.7
15:54:05.186	-13.8
15:54:05.198	-11.2
15:54:05.211	-8.3
15:54:05.220	-8.3
15:54:05.232	-6.4
15:54:05.244	-6.2
15:54:05.252	-3.2
15:54:05.265	-4.5
15:54:05.277	-3.9
15:54:05.285	-3.9
15:54:05.297	-5.9
15:54:05.310	-6.4
15:54:05.318	-5.7
15:54:05.330	-5.1
15:54:05.343	-5.3
15:54:05.351	-4.6
15:54:05.363	-4.6
15:54:05.375	-2.7
15:54:05.388	-1.5
15:54:05.396	0.2
15:54:05.408	3.2
15:54:05.420	4.0
15:54:05.428	5.6
15:54:05.441	6.5
15:54:05.453	8.4
15:54:05.465	11.4
15:54:05.474	15.7
15:54:05.486	19.9
15:54:05.498	26.0
15:54:05.506	32.0
15:54:05.519	38.3
15:54:05.531	47.0
15:54:05.539	54.9
15:54:05.551	62.6
15:54:05.564	73.0
15:54:05.572	80.7
15:54:05.584	86.2
15:54:05.596	93.8
15:54:05.605	99.7
15:54:05.617	109.7
15:54:05.629	119.4
15:54:05.641	127.2
15:54:05.649	133.5
15:54:05.661	141.4
15:54:05.673	144.2
15:54:05.686	150.3
15:54:05.694	157.6
15:54:05.706	159.9
15:54:05.718	162.9
15:54:05.727	161.2
15:54:05.739	158.8
15:54:05.751	159.6
15:54:05.763	158.6
15:54:05.772	152.9
15:54:05.784	152.1
15:54:05.796	149.7
15:54:05.804	146.6
15:54:05.817	145.4
15:54:05.829	143.3
15:54:05.838	140.4
15:54:05.850	139.3
15:54:05.862	138.1
15:54:05.870	138.0
15:54:05.882	138.8
15:54:05.895	135.3
15:54:05.903	135.0
15:54:05.915	133.5
15:54:05.927	129.9
15:54:05.940	127.9
15:54:05.948	128.7
15:54:05.960	127.4
15:54:05.973	124.8
15:54:05.981	123.2
15:54:05.993	123.5
15:54:06.005	127.3
15:54:06.013	127.4
15:54:06.026	128.7
15:54:06.038	130.6
15:54:06.050	132.4
15:54:06.059	132.9
15:54:06.071	135.0
15:54:06.083	136.0
15:54:06.091	137.4
15:54:06.104	138.5
15:54:06.116	138.0
15:54:06.124	138.2
15:54:06.137	138.6
15:54:06.149	142.1
15:54:06.157	141.3
15:54:06.169	143.4
15:54:06.182	143.7
15:54:06.194	145.0
15:54:06.202	143.9
15:54:06.214	143.3
15:54:06.227	142.1
15:54:06.235	140.8
15:54:06.247	139.5
15:54:06.259	138.0
15:54:06.268	139.9
15:54:06.280	135.1
15:54:06.292	133.9
15:54:06.300	131.1
15:54:06.313	130.2
15:54:06.325	129.9
15:54:06.337	129.2
15:54:06.345	128.7
15:54:06.358	126.8
15:54:06.370	123.2
15:54:06.378	120.6
15:54:06.390	120.9
15:54:06.403	118.8
15:54:06.411	115.7
15:54:06.423	113.6
15:54:06.435	111.8
15:54:06.448	107.4
15:54:06.456	103.7
15:54:06.468	100.8
15:54:06.480	99.0
15:54:06.489	94.0
15:54:06.501	90.1
15:54:06.513	85.4
15:54:06.521	82.5
15:54:06.534	79.6
15:54:06.546	72.7
15:54:06.554	68.9
15:54:06.566	64.8
15:54:06.579	61.7
15:54:06.587	57.4
15:54:06.599	53.1
15:54:06.612	49.8
15:54:06.624	46.0
15:54:06.632	42.9
15:54:06.645	37.6
15:54:06.657	33.6
15:54:06.665	30.1
15:54:06.677	26.6
15:54:06.690	22.6
15:54:06.702	18.1
15:54:06.710	17.0
15:54:06.722	12.1
15:54:06.735	9.4
15:54:06.743	2.8
15:54:06.755	-0.5
15:54:06.768	-4.0
15:54:06.776	-8.0
15:54:06.788	-9.7
15:54:06.800	-14.9
15:54:06.808	-17.1
15:54:06.821	-21.8
15:54:06.833	-25.0
15:54:06.841	-30.2
15:54:06.853	-33.9
15:54:06.866	-39.7
15:54:06.878	-44.2
15:54:06.886	-46.9
15:54:06.899	-52.2
15:54:06.911	-53.9
15:54:06.919	-57.5
15:54:06.931	-61.2
15:54:06.944	-63.0
15:54:06.952	-65.0
15:54:06.964	-64.2
15:54:06.977	-63.4
15:54:06.989	-62.3
15:54:06.997	-62.5
15:54:07.009	-65.8
15:54:07.022	-68.1
15:54:07.030	-70.1
15:54:07.042	-71.5
15:54:07.055	-75.0
15:54:07.063	-77.7
15:54:07.075	-80.6
15:54:07.087	-89.3
15:54:07.095	-97.1
15:54:07.108	-104.3
15:54:07.120	-109.0
15:54:07.132	-116.6
15:54:07.140	-125.6
15:54:07.153	-135.7
15:54:07.165	-144.0
15:54:07.173	-151.5
15:54:07.186	-160.8
15:54:07.198	-164.8
15:54:07.206	-170.9
15:54:07.218	-176.2
15:54:07.231	-182.4
15:54:07.239	-187.5
15:54:07.251	-194.5
15:54:07.263	-198.5
15:54:07.271	-202.9
15:54:07.284	-207.8
15:54:07.296	-210.9
15:54:07.308	-212.4
15:54:07.317	-214.4
15:54:07.329	-218.4
15:54:07.341	-219.4
15:54:07.349	-219.5
15:54:07.362	-215.2
15:54:07.374	-213.9
15:54:07.386	-215.0
15:54:07.394	-213.9
15:54:07.407	-213.7
15:54:07.419	-213.2
15:54:07.431	-212.4
15:54:07.439	-209.2
15:54:07.452	-206.8
15:54:07.464	-203.8
15:54:07.472	-204.3
15:54:07.484	-204.3
15:54:07.497	-200.5
15:54:07.505	-199.2
15:54:07.517	-195.4
15:54:07.529	-193.6
15:54:07.538	-190.0
15:54:07.550	-186.4
15:54:07.562	-185.7
15:54:07.570	-186.8
15:54:07.583	-183.8
15:54:07.595	-181.7
15:54:07.607	-180.6
15:54:07.615	-178.7
15:54:07.628	-178.0
15:54:07.640	-175.6
15:54:07.648	-173.3
15:54:07.661	-173.1
15:54:07.673	-170.2
15:54:07.685	-166.1
15:54:07.693	-164.0
15:54:07.706	-160.6
15:54:07.718	-157.8
15:54:07.726	-153.4
15:54:07.738	-150.8
15:54:07.751	-148.6
15:54:07.759	-144.9
15:54:07.771	-143.0
15:54:07.783	-141.0
15:54:07.792	-140.3
15:54:07.804	-140.2
15:54:07.816	-137.1
15:54:07.824	-134.8
15:54:07.837	-134.8
15:54:07.849	-130.6
15:54:07.861	-127.9
15:54:07.869	-126.4
15:54:07.882	-123.6
15:54:07.894	-120.7
15:54:07.902	-117.5
15:54:07.914	-112.3
15:54:07.927	-110.4
15:54:07.935	-106.8
15:54:07.948	-101.6
15:54:07.959	-100.5
15:54:07.972	-96.2
15:54:07.980	-95.6
15:54:07.992	-91.5
15:54:08.004	-89.1
15:54:08.013	-85.5
15:54:08.025	-83.0
15:54:08.037	-81.0
15:54:08.045	-78.9
15:54:08.058	-76.5
15:54:08.070	-74.2
15:54:08.078	-72.8
15:54:08.090	-69.5
15:54:08.103	-66.3
15:54:08.115	-62.5
15:54:08.123	-59.1
15:54:08.136	-56.4
15:54:08.148	-50.5
15:54:08.156	-48.4
15:54:08.168	-46.5
15:54:08.181	-43.3
15:54:08.189	-42.0
15:54:08.201	-41.1
15:54:08.213	-41.0
15:54:08.222	-41.6
15:54:08.234	-40.3
15:54:08.246	-38.8
15:54:08.258	-40.0
15:54:08.267	-34.3
15:54:08.279	-33.4
15:54:08.291	-32.2
15:54:08.299	-29.8
15:54:08.312	-26.1
15:54:08.324	-22.3
15:54:08.332	-16.6
15:54:08.345	-15.3
15:54:08.357	-13.2
15:54:08.369	-9.6
15:54:08.377	-9.1
15:54:08.390	-3.8
15:54:08.402	-0.3
15:54:08.410	2.4
15:54:08.422	6.6
15:54:08.435	7.2
15:54:08.443	8.2
15:54:08.455	11.7
15:54:08.468	16.9
15:54:08.476	23.4
15:54:08.488	36.9
15:54:08.500	51.8
15:54:08.509	68.7
15:54:08.521	84.8
15:54:08.533	100.6
15:54:08.546	118.9
15:54:08.554	134.0
15:54:08.566	150.8
15:54:08.578	165.2
15:54:08.586	178.0
15:54:08.599	182.4
15:54:08.611	182.8
15:54:08.623	183.3
15:54:08.631	184.3
15:54:08.644	185.5
15:54:08.656	184.3
15:54:08.664	186.4
15:54:08.676	186.2
15:54:08.689	187.4
15:54:08.697	187.9
15:54:08.709	188.4
15:54:08.721	189.2
15:54:08.730	188.6
15:54:08.742	189.4
15:54:08.754	187.9
15:54:08.762	190.3
15:54:08.775	187.7
15:54:08.787	190.0
15:54:08.799	190.2
15:54:08.807	191.2
15:54:08.820	192.0
15:54:08.832	197.0
15:54:08.840	201.0
15:54:08.852	206.3
15:54:08.865	212.8
15:54:08.873	217.3
15:54:08.885	226.0
15:54:08.898	228.8
15:54:08.910	232.2
15:54:08.918	235.1
15:54:08.930	235.8
15:54:08.943	233.9
15:54:08.951	232.3
15:54:08.963	227.6
15:54:08.975	223.8
15:54:08.983	219.8
15:54:08.996	212.0
15:54:09.008	205.0
15:54:09.016	198.1
15:54:09.029	191.2
15:54:09.041	186.3
15:54:09.053	180.0
15:54:09.061	174.9
15:54:09.074	169.0
15:54:09.086	160.7
15:54:09.094	150.8
15:54:09.106	144.6
15:54:09.119	137.4
15:54:09.127	132.4
15:54:09.139	124.8
15:54:09.151	118.9
15:54:09.160	112.5
15:54:09.172	103.5
15:54:09.184	98.3
15:54:09.192	93.1
15:54:09.205	90.8
15:54:09.217	87.3
15:54:09.229	85.7
15:54:09.237	79.6
15:54:09.250	77.7
15:54:09.262	70.7
15:54:09.270	64.3
15:54:09.282	59.7
15:54:09.295	52.8
15:54:09.307	48.7
15:54:09.315	41.8
15:54:09.327	34.9
15:54:09.340	26.9
15:54:09.348	21.3
15:54:09.360	12.5
15:54:09.373	7.6
15:54:09.381	4.4
15:54:09.393	0.4
15:54:09.405	-3.5
15:54:09.413	-9.5
15:54:09.425	-11.6
15:54:09.437	-13.8
15:54:09.446	-15.1
15:54:09.458	-15.9
15:54:09.470	-13.6
15:54:09.482	-13.2
15:54:09.491	-11.6
15:54:09.503	-7.5
15:54:09.515	-3.3
15:54:09.523	1.7
15:54:09.536	5.4
15:54:09.548	7.1
15:54:09.560	12.1
15:54:09.568	16.0
15:54:09.581	18.2
15:54:09.593	22.7
15:54:09.602	26.6
15:54:09.613	27.3
15:54:09.626	30.1
15:54:09.638	33.1
15:54:09.647	34.1
15:54:09.658	36.7
15:54:09.672	36.8
15:54:09.680	36.4
15:54:09.692	35.9
15:54:09.704	36.1
15:54:09.713	32.6
15:54:09.725	33.4
15:54:09.737	30.6
15:54:09.745	29.6
15:54:09.758	27.6
15:54:09.770	27.0
15:54:09.782	26.2
15:54:09.790	27.9
15:54:09.803	27.0
15:54:09.815	24.5
15:54:09.823	27.3
15:54:09.836	24.8
15:54:09.848	25.7
15:54:09.856	23.8
15:54:09.868	24.1
15:54:09.881	22.7
15:54:09.893	21.7
15:54:09.901	19.3
15:54:09.913	19.7
15:54:09.926	21.2
15:54:09.934	17.6
15:54:09.946	20.8
15:54:09.958	20.1
15:54:09.967	18.8
15:54:09.979	19.3
15:54:09.991	17.8
15:54:09.999	18.1
15:54:10.012	18.0
15:54:10.024	17.4
15:54:10.036	16.9
15:54:10.044	16.7
15:54:10.057	14.7
15:54:10.069	15.5
15:54:10.077	15.9
15:54:10.089	14.7
15:54:10.102	17.2
15:54:10.110	15.9
15:54:10.122	16.5
15:54:10.134	16.3
15:54:10.143	14.8
15:54:10.155	15.6
15:54:10.167	15.3
15:54:10.179	15.6
15:54:10.188	14.6
15:54:10.200	14.5
15:54:10.212	14.5
15:54:10.220	15.1
15:54:10.233	14.4
15:54:10.245	15.5
15:54:10.253	17.2
15:54:10.265	21.5
15:54:10.278	20.9
15:54:10.290	20.0
15:54:10.298	20.7
15:54:10.311	21.3
15:54:10.323	20.0
15:54:10.331	19.6
15:54:10.343	18.5
15:54:10.356	17.1
15:54:10.364	17.9
15:54:10.376	13.9
15:54:10.388	15.2
15:54:10.396	15.1
15:54:10.409	15.4
15:54:10.421	14.3
15:54:10.429	14.7
15:54:10.442	15.6
15:54:10.454	16.6
15:54:10.466	17.1
15:54:10.474	13.4
15:54:10.487	14.6
15:54:10.499	13.1
15:54:10.507	13.4
15:54:10.519	15.5
15:54:10.532	14.8
15:54:10.544	16.1
15:54:10.552	15.2
15:54:10.564	16.4
15:54:10.577	17.6
15:54:10.585	22.1
15:54:10.597	21.9
15:54:10.609	22.4
15:54:10.618	22.2
15:54:10.630	19.5
15:54:10.642	21.1
15:54:10.650	20.0
15:54:10.663	19.5
15:54:10.675	17.3
15:54:10.683	18.3
15:54:10.695	16.6
15:54:10.708	16.8
15:54:10.720	17.6
15:54:10.728	18.1
15:54:10.741	18.9
15:54:10.753	17.7
15:54:10.761	19.4
15:54:10.773	18.5
15:54:10.785	18.6
15:54:10.794	16.6
15:54:10.806	16.9
15:54:10.818	17.0
15:54:10.831	14.8
15:54:10.839	14.7
15:54:10.851	14.4
15:54:10.863	13.9
15:54:10.872	13.8
15:54:10.884	15.4
15:54:10.896	16.9
15:54:10.904	17.2
15:54:10.917	15.5
15:54:10.929	13.8
15:54:10.937	14.0
15:54:10.949	11.3
15:54:10.962	10.3
15:54:10.974	9.6
15:54:10.982	6.3
15:54:10.994	5.7
15:54:11.007	3.5
15:54:11.015	-0.1
15:54:11.027	0.5
15:54:11.039	-1.6
15:54:11.048	-2.7
15:54:11.060	-1.6
15:54:11.072	-1.5
15:54:11.080	-1.8
15:54:11.093	-0.8
15:54:11.105	-0.1
15:54:11.113	-0.7
15:54:11.125	2.6
15:54:11.138	0.5
15:54:11.150	3.3
15:54:11.158	5.2
15:54:11.170	4.0
15:54:11.183	5.0
15:54:11.191	5.7
15:54:11.203	6.9
15:54:11.215	7.9
15:54:11.228	10.0
15:54:11.236	9.9
15:54:11.248	10.5
15:54:11.260	11.7
15:54:11.269	15.2
15:54:11.281	17.2
15:54:11.293	16.7
15:54:11.302	21.0
15:54:11.314	20.6
15:54:11.326	20.3
15:54:11.334	21.9
15:54:11.347	25.1
15:54:11.359	30.2
15:54:11.367	32.8
15:54:11.379	34.8
15:54:11.392	41.3
15:54:11.404	49.8
15:54:11.412	54.2
15:54:11.424	59.9
15:54:11.437	66.3
15:54:11.445	71.6
15:54:11.457	73.6
15:54:11.470	76.6
15:54:11.482	79.8
15:54:11.490	82.3
15:54:11.502	83.0
15:54:11.515	80.9
15:54:11.523	83.0
15:54:11.535	83.6
15:54:11.547	83.0
15:54:11.560	81.8
15:54:11.568	81.8
15:54:11.580	80.3
15:54:11.592	77.6
15:54:11.601	74.1
15:54:11.613	69.1
15:54:11.625	67.7
15:54:11.633	61.3
15:54:11.646	58.2
15:54:11.658	55.7
15:54:11.666	54.0
15:54:11.678	53.2
15:54:11.691	51.5
15:54:11.703	50.2
15:54:11.711	50.3
15:54:11.723	51.1
15:54:11.736	51.9
15:54:11.744	53.6
15:54:11.756	55.0
15:54:11.768	57.5
15:54:11.777	58.2
15:54:11.789	60.1
15:54:11.801	60.7
15:54:11.813	61.3
15:54:11.822	61.3
15:54:11.834	62.4
15:54:11.846	62.3
15:54:11.854	61.2
15:54:11.867	60.2
15:54:11.879	56.5
15:54:11.887	55.0
15:54:11.899	51.1
15:54:11.912	52.8
15:54:11.920	52.9
15:54:11.932	52.7
15:54:11.945	53.3
15:54:11.957	51.1
15:54:11.965	51.2
15:54:11.977	49.2
15:54:11.990	49.2
15:54:11.998	47.8
15:54:12.010	45.1
15:54:12.022	39.9
15:54:12.031	38.8
15:54:12.043	35.7
15:54:12.055	30.7
15:54:12.063	29.4
15:54:12.076	26.0
15:54:12.088	25.4
15:54:12.100	23.2
15:54:12.108	21.3
15:54:12.121	19.2
15:54:12.133	16.8
15:54:12.141	15.3
15:54:12.153	13.2
15:54:12.166	12.5
15:54:12.174	8.8
15:54:12.186	7.2
15:54:12.198	4.4
15:54:12.211	3.4
15:54:12.219	1.7
15:54:12.231	1.5
15:54:12.243	2.8
15:54:12.252	-0.4
15:54:12.264	0.3
15:54:12.276	1.8
15:54:12.284	4.8
15:54:12.297	5.6
15:54:12.309	5.9
15:54:12.317	6.0
15:54:12.329	7.5
15:54:12.342	10.0
15:54:12.350	11.8
15:54:12.362	14.5
15:54:12.374	14.0
15:54:12.387	13.5
15:54:12.395	11.4
15:54:12.407	10.2
15:54:12.420	10.9
15:54:12.428	8.6
15:54:12.440	8.7
15:54:12.452	8.0
15:54:12.465	8.0
15:54:12.473	6.1
15:54:12.485	6.9
15:54:12.497	6.8
15:54:12.506	6.8
15:54:12.518	8.2
15:54:12.530	7.8
15:54:12.538	11.5
15:54:12.551	11.4
15:54:12.563	11.5
15:54:12.571	10.2
15:54:12.583	12.2
15:54:12.596	11.9
15:54:12.604	12.3
15:54:12.616	14.5
15:54:12.628	14.1
15:54:12.641	13.9
15:54:12.649	11.6
15:54:12.661	10.3
15:54:12.673	11.0
15:54:12.682	9.7
15:54:12.694	9.4
15:54:12.706	9.2
15:54:12.714	7.9
15:54:12.726	6.8
15:54:12.739	8.2
15:54:12.751	9.9
15:54:12.759	12.3
15:54:12.771	13.6
15:54:12.784	14.3
15:54:12.792	13.8
15:54:12.804	12.9
15:54:12.816	12.8
15:54:12.825	11.3
15:54:12.837	9.6
15:54:12.849	8.4
15:54:12.857	7.0
15:54:12.870	5.3
15:54:12.882	6.6
15:54:12.894	6.1
15:54:12.902	7.1
15:54:12.915	6.8
15:54:12.927	6.6
15:54:12.935	9.8
15:54:12.947	11.2
15:54:12.960	12.8
15:54:12.968	13.4
15:54:12.980	13.0
15:54:12.992	11.4
15:54:13.001	12.2
15:54:13.013	13.9
15:54:13.025	14.8
15:54:13.033	15.7
15:54:13.046	14.5
15:54:13.058	15.3
15:54:13.071	13.2
15:54:13.079	15.1
15:54:13.092	16.5
15:54:13.104	19.1
15:54:13.112	19.0
15:54:13.125	22.0
15:54:13.137	22.8
15:54:13.149	25.1
15:54:13.157	27.6
15:54:13.169	30.3
15:54:13.182	35.5
15:54:13.190	37.0
15:54:13.201	40.5
15:54:13.214	42.2
15:54:13.222	44.8
15:54:13.234	44.2
15:54:13.246	53.8
15:54:13.255	56.4
15:54:13.267	59.3
15:54:13.279	63.0
15:54:13.287	64.7
15:54:13.300	69.7
15:54:13.312	72.9
15:54:13.324	119.8
15:54:13.332	164.5
15:54:13.345	207.3
15:54:13.357	244.5
15:54:13.369	285.0
15:54:13.377	326.3
15:54:13.390	364.3
15:54:13.402	402.0
15:54:13.410	437.6
15:54:13.423	475.6
15:54:13.435	468.2
15:54:13.447	463.5
15:54:13.455	460.6
15:54:13.467	455.0
15:54:13.480	450.0
15:54:13.488	445.2
15:54:13.500	441.6
15:54:13.512	438.9
15:54:13.521	437.9
15:54:13.533	435.4
15:54:13.545	435.3
15:54:13.554	438.0
15:54:13.566	443.2
15:54:13.578	454.4
15:54:13.587	468.1
15:54:13.600	482.7
15:54:13.611	498.1
15:54:13.624	517.3
15:54:13.632	531.8
15:54:13.645	547.7
15:54:13.657	560.6
15:54:13.665	568.5
15:54:13.677	578.0
15:54:13.690	579.1
15:54:13.698	579.4
15:54:13.710	579.6
15:54:13.722	578.2
15:54:13.734	569.5
15:54:13.742	564.4
15:54:13.754	557.5
15:54:13.767	554.5
15:54:13.775	550.4
15:54:13.787	537.9
15:54:13.799	527.9
15:54:13.808	516.4
15:54:13.820	504.4
15:54:13.832	490.7
15:54:13.840	480.3
15:54:13.853	467.0
15:54:13.865	448.7
15:54:13.877	429.0
15:54:13.885	410.6
15:54:13.898	395.1
15:54:13.910	378.3
15:54:13.918	361.1
15:54:13.930	340.1
15:54:13.943	321.7
15:54:13.951	300.1
15:54:13.963	278.6
15:54:13.975	262.1
15:54:13.984	243.3
15:54:13.996	225.0
15:54:14.008	206.2
15:54:14.020	190.4
15:54:14.029	174.7
15:54:14.041	160.7
15:54:14.053	148.5
15:54:14.061	139.3
15:54:14.074	128.7
15:54:14.086	116.3
15:54:14.094	105.9
15:54:14.106	95.0
15:54:14.119	85.6
15:54:14.131	75.7
15:54:14.139	66.7
15:54:14.151	56.7
15:54:14.164	46.8
15:54:14.172	36.1
15:54:14.184	29.0
15:54:14.197	21.1
15:54:14.205	12.1
15:54:14.217	5.8
15:54:14.229	-0.2
15:54:14.237	-6.1
15:54:14.250	-11.2
15:54:14.262	-13.2
15:54:14.270	-18.7
15:54:14.283	-23.6
15:54:14.295	-31.2
15:54:14.307	-37.6
15:54:14.315	-40.4
15:54:14.328	-47.0
15:54:14.340	-53.6
15:54:14.348	-70.4
15:54:14.361	-87.9
15:54:14.373	-111.6
15:54:14.385	-132.9
15:54:14.393	-155.5
15:54:14.406	-173.5
15:54:14.418	-190.9
15:54:14.426	-211.1
15:54:14.438	-229.9
15:54:14.451	-249.0
15:54:14.459	-261.9
15:54:14.471	-278.6
15:54:14.483	-291.7
15:54:14.492	-305.9
15:54:14.504	-315.5
15:54:14.516	-328.6
15:54:14.525	-341.7
15:54:14.537	-353.5
15:54:14.549	-366.0
15:54:14.561	-375.0
15:54:14.569	-381.7
15:54:14.582	-381.8
15:54:14.594	-383.0
15:54:14.602	-382.6
15:54:14.615	-388.3
15:54:14.627	-391.1
15:54:14.635	-393.9
15:54:14.647	-395.8
15:54:14.660	-396.3
15:54:14.672	-400.2
15:54:14.680	-401.1
15:54:14.692	-405.5
15:54:14.705	-408.4
15:54:14.713	-411.7
15:54:14.725	-412.7
15:54:14.737	-414.3
15:54:14.746	-414.6
15:54:14.758	-418.2
15:54:14.770	-420.4
15:54:14.778	-419.0
15:54:14.791	-422.5
15:54:14.803	-424.7
15:54:14.815	-426.8
15:54:14.824	-425.4
15:54:14.836	-425.1
15:54:14.848	-425.2
15:54:14.856	-424.9
15:54:14.869	-426.3
15:54:14.881	-424.5
15:54:14.889	-427.6
15:54:14.901	-426.1
15:54:14.914	-424.7
15:54:14.922	-422.5
15:54:14.934	-425.5
15:54:14.947	-426.9
15:54:14.955	-427.3
15:54:14.967	-426.6
15:54:14.979	-423.4
15:54:14.992	-424.4
15:54:15.000	-422.9
15:54:15.012	-421.5
15:54:15.024	-419.3
15:54:15.033	-418.3
15:54:15.045	-417.2
15:54:15.057	-415.4
15:54:15.070	-413.2
15:54:15.078	-412.6
15:54:15.090	-412.7
15:54:15.102	-409.9
15:54:15.111	-407.6
15:54:15.123	-406.0
15:54:15.135	-403.1
15:54:15.143	-399.2
15:54:15.156	-395.6
15:54:15.168	-390.3
15:54:15.176	-386.9
15:54:15.188	-382.8
15:54:15.201	-377.2
15:54:15.209	-372.6
15:54:15.221	-367.4
15:54:15.233	-363.2
15:54:15.246	-357.3
15:54:15.254	-354.4
15:54:15.266	-347.5
15:54:15.278	-343.8
15:54:15.291	-336.0
15:54:15.299	-329.7
15:54:15.311	-323.4
15:54:15.323	-318.5
15:54:15.332	-313.5
15:54:15.344	-306.1
15:54:15.356	-304.8
15:54:15.369	-300.6
15:54:15.377	-297.1
15:54:15.389	-290.5
15:54:15.401	-288.0
15:54:15.410	-285.7
15:54:15.422	-280.7
15:54:15.434	-275.4
15:54:15.442	-271.3
15:54:15.455	-267.7
15:54:15.467	-263.3
15:54:15.475	-256.9
15:54:15.487	-253.9
15:54:15.500	-251.3
15:54:15.508	-247.4
15:54:15.520	-239.8
15:54:15.532	-237.5
15:54:15.545	-236.3
15:54:15.553	-232.5
15:54:15.565	-231.1
15:54:15.577	-227.3
15:54:15.586	-225.7
15:54:15.598	-223.3
15:54:15.610	-221.2
15:54:15.618	-217.3
15:54:15.631	-217.4
15:54:15.643	-213.9
15:54:15.655	-210.3
15:54:15.663	-208.1
15:54:15.676	-204.8
15:54:15.688	-199.9
15:54:15.696	-197.4
15:54:15.708	-193.6
15:54:15.721	-187.2
15:54:15.729	-185.7
15:54:15.741	-180.8
15:54:15.753	-177.6
15:54:15.762	-173.9
15:54:15.774	-170.5
15:54:15.786	-167.6
15:54:15.798	-165.0
15:54:15.807	-159.7
15:54:15.819	-154.3
15:54:15.831	-150.9
15:54:15.839	-144.3
15:54:15.852	-140.7
15:54:15.864	-134.7
15:54:15.872	-130.7
15:54:15.885	-127.6
15:54:15.897	-124.2
15:54:15.905	-121.1
15:54:15.917	-119.5
15:54:15.930	-116.7
15:54:15.942	-111.7
15:54:15.950	-107.8
15:54:15.962	-102.4
15:54:15.975	-98.3
15:54:15.983	-89.5
15:54:15.995	-83.3
15:54:16.007	-76.6
15:54:16.016	-70.7
15:54:16.028	-61.6
15:54:16.040	-53.5
15:54:16.053	-52.2
15:54:16.061	-48.7
15:54:16.073	-46.1
15:54:16.085	-43.8
15:54:16.093	-43.2
15:54:16.106	-39.1
15:54:16.118	-35.5
15:54:16.126	-31.0
15:54:16.138	-28.2
15:54:16.150	-25.6
15:54:16.158	-17.8
15:54:16.171	-14.3
15:54:16.183	-9.4
15:54:16.191	-6.3
15:54:16.203	-3.2
15:54:16.216	-1.6
15:54:16.228	-0.6
15:54:16.236	-0.6
15:54:16.249	0.9
15:54:16.261	1.2
15:54:16.269	-0.7
15:54:16.281	-1.0
15:54:16.294	-1.1
15:54:16.306	1.4
15:54:16.314	3.2
15:54:16.326	6.1
15:54:16.339	9.0
15:54:16.347	12.1
15:54:16.359	13.9
15:54:16.372	16.5
15:54:16.380	20.9
15:54:16.392	24.6
15:54:16.404	28.0
15:54:16.412	30.3
15:54:16.425	29.9
15:54:16.437	33.2
15:54:16.445	35.5
15:54:16.458	37.2
15:54:16.470	40.6
15:54:16.482	44.8
15:54:16.490	45.6
15:54:16.503	46.6
15:54:16.515	47.2
15:54:16.523	47.5
15:54:16.535	53.7
15:54:16.548	57.2
15:54:16.556	60.7
15:54:16.568	63.3
15:54:16.580	67.1
15:54:16.593	71.1
15:54:16.601	76.3
15:54:16.613	87.3
15:54:16.626	93.8
15:54:16.634	101.8
15:54:16.646	107.6
15:54:16.658	114.0
15:54:16.666	124.7
15:54:16.679	135.2
15:54:16.691	141.7
15:54:16.699	147.7
15:54:16.712	153.6
15:54:16.724	157.6
15:54:16.736	163.8
15:54:16.744	170.3
15:54:16.757	175.7
15:54:16.769	181.5
15:54:16.777	184.3
15:54:16.789	186.5
15:54:16.802	191.1
15:54:16.810	193.4
15:54:16.822	195.5
15:54:16.834	197.0
15:54:16.843	199.6
15:54:16.855	202.2
15:54:16.867	202.9
15:54:16.875	201.1
15:54:16.888	200.6
15:54:16.900	205.0
15:54:16.912	206.2
15:54:16.920	208.3
15:54:16.933	211.5
15:54:16.945	214.0
15:54:16.953	215.3
15:54:16.965	215.4
15:54:16.978	219.2
15:54:16.990	224.8
15:54:16.998	231.0
15:54:17.010	232.6
15:54:17.023	236.9
15:54:17.031	243.0
15:54:17.043	247.3
15:54:17.056	249.4
15:54:17.064	253.6
15:54:17.076	257.1
15:54:17.088	258.9
15:54:17.096	260.9
15:54:17.109	259.4
15:54:17.121	257.9
15:54:17.129	255.1
15:54:17.141	252.4
15:54:17.154	248.6
15:54:17.166	246.5
15:54:17.174	243.4
15:54:17.187	239.8
15:54:17.199	235.3
15:54:17.211	227.1
15:54:17.219	221.5
15:54:17.232	216.0
15:54:17.244	210.0
15:54:17.252	201.4
15:54:17.264	195.5
15:54:17.277	186.3
15:54:17.289	176.4
15:54:17.297	169.9
15:54:17.309	162.0
15:54:17.322	157.5
15:54:17.330	149.6
15:54:17.342	141.2
15:54:17.354	134.1
15:54:17.363	128.9
15:54:17.375	122.5
15:54:17.387	115.9
15:54:17.395	112.3
15:54:17.408	106.0
15:54:17.420	101.9
15:54:17.428	96.3
15:54:17.440	92.7
15:54:17.453	88.6
15:54:17.465	85.5
15:54:17.473	78.7
15:54:17.485	73.6
15:54:17.498	69.1
15:54:17.506	62.3
15:54:17.518	57.0
15:54:17.530	50.0
15:54:17.539	43.7
15:54:17.551	36.7
15:54:17.563	30.7
15:54:17.576	22.0
15:54:17.584	17.0
15:54:17.596	12.2
15:54:17.608	10.3
15:54:17.616	11.0
15:54:17.629	10.2
15:54:17.641	10.1
15:54:17.649	10.7
15:54:17.662	9.2
15:54:17.674	10.4
15:54:17.682	11.9
15:54:17.694	10.3
15:54:17.707	8.3
15:54:17.719	2.8
15:54:17.727	-11.3
15:54:17.739	-32.7
15:54:17.753	-52.4
15:54:17.760	-74.0
15:54:17.772	-91.1
15:54:17.784	-108.7
15:54:17.793	-126.6
15:54:17.805	-142.5
15:54:17.817	-157.4
15:54:17.825	-171.8
15:54:17.838	-178.2
15:54:17.850	-176.9
15:54:17.862	-175.3
15:54:17.870	-173.3
15:54:17.883	-170.9
15:54:17.895	-171.9
15:54:17.903	-171.3
15:54:17.916	-174.5
15:54:17.928	-178.1
15:54:17.936	-179.6
15:54:17.948	-182.3
15:54:17.961	-184.5
15:54:17.973	-188.1
15:54:17.981	-191.6
15:54:17.993	-198.5
15:54:18.006	-200.0
15:54:18.014	-205.3
15:54:18.026	-208.6
15:54:18.038	-213.1
15:54:18.047	-219.4
15:54:18.059	-224.7
15:54:18.071	-231.7
15:54:18.079	-239.1
15:54:18.092	-244.6
15:54:18.104	-249.2
15:54:18.112	-259.1
15:54:18.124	-264.6
15:54:18.137	-267.6
15:54:18.149	-271.1
15:54:18.157	-270.2
15:54:18.169	-272.6
15:54:18.182	-273.0
15:54:18.190	-276.1
15:54:18.202	-278.7
15:54:18.214	-280.1
15:54:18.227	-280.3
15:54:18.235	-280.0
15:54:18.247	-279.9
15:54:18.260	-277.6
15:54:18.268	-278.8
15:54:18.280	-276.2
15:54:18.293	-276.4
15:54:18.301	-272.3
15:54:18.313	-272.0
15:54:18.326	-270.5
15:54:18.334	-267.1
15:54:18.346	-266.4
15:54:18.359	-264.3
15:54:18.367	-262.9
15:54:18.379	-260.4
15:54:18.392	-260.1
15:54:18.404	-257.8
15:54:18.412	-257.8
15:54:18.424	-252.8
15:54:18.437	-248.8
15:54:18.445	-246.4
15:54:18.457	-241.8
15:54:18.469	-238.1
15:54:18.477	-235.7
15:54:18.490	-232.6
15:54:18.502	-227.7
15:54:18.514	-223.5
15:54:18.523	-217.3
15:54:18.535	-215.0
15:54:18.547	-212.3
15:54:18.555	-209.0
15:54:18.568	-205.1
15:54:18.580	-200.0
15:54:18.588	-196.0
15:54:18.600	-190.2
15:54:18.613	-189.4
15:54:18.621	-185.5
15:54:18.633	-182.5
15:54:18.645	-179.8
15:54:18.658	-177.9
15:54:18.666	-175.8
15:54:18.678	-174.9
15:54:18.691	-175.9
15:54:18.699	-175.0
15:54:18.711	-174.8
15:54:18.723	-171.8
15:54:18.731	-171.4
15:54:18.744	-169.9
15:54:18.756	-168.3
15:54:18.764	-165.8
15:54:18.776	-162.7
15:54:18.789	-159.7
15:54:18.797	-156.6
15:54:18.809	-153.3
15:54:18.822	-154.3
15:54:18.834	-153.9
15:54:18.842	-152.7
15:54:18.854	-150.8
15:54:18.866	-150.4
15:54:18.875	-150.2
15:54:18.887	-148.6
15:54:18.899	-146.3
15:54:18.912	-144.8
15:54:18.920	-143.2
15:54:18.932	-139.6
15:54:18.944	-137.4
15:54:18.953	-136.1
15:54:18.965	-134.5
15:54:18.977	-128.6
15:54:18.985	-123.8
15:54:18.998	-121.7
15:54:19.010	-121.1
15:54:19.018	-119.7
15:54:19.030	-120.9
15:54:19.043	-120.0
15:54:19.051	-118.1
15:54:19.063	-115.9
15:54:19.075	-115.2
15:54:19.088	-116.2
15:54:19.096	-117.8
15:54:19.108	-118.0
15:54:19.121	-117.4
15:54:19.129	-115.9
15:54:19.141	-112.2
15:54:19.153	-112.8
15:54:19.165	-111.7
15:54:19.173	-111.2
15:54:19.185	-109.6
15:54:19.198	-109.0
15:54:19.210	-107.8
15:54:19.218	-104.6
15:54:19.230	-103.4
15:54:19.238	-99.7
15:54:19.251	-98.8
15:54:19.263	-97.2
15:54:19.271	-97.2
15:54:19.284	-96.3
15:54:19.296	-96.0
15:54:19.304	-94.7
15:54:19.316	-90.5
15:54:19.329	-91.6
15:54:19.341	-90.3
15:54:19.349	-91.6
15:54:19.361	-91.5
15:54:19.374	-88.7
15:54:19.386	-87.5
15:54:19.394	-84.7
15:54:19.406	-82.9
15:54:19.419	-81.0
15:54:19.427	-81.9
15:54:19.439	-79.8
15:54:19.451	-79.1
15:54:19.460	-79.1
15:54:19.472	-78.8
15:54:19.484	-78.6
15:54:19.496	-77.0
15:54:19.505	-77.4
15:54:19.517	-75.9
15:54:19.529	-73.7
15:54:19.537	-72.5
15:54:19.550	-71.6
15:54:19.562	-70.1
15:54:19.570	-69.4
15:54:19.582	-64.8
15:54:19.595	-61.2
15:54:19.603	-58.4
15:54:19.615	-54.2
15:54:19.628	-51.2
15:54:19.640	-47.0
15:54:19.648	-44.7
15:54:19.660	-40.8
15:54:19.673	-37.6
15:54:19.681	-35.0
15:54:19.693	-32.1
15:54:19.705	-32.1
15:54:19.714	-30.2
15:54:19.726	-28.8
15:54:19.738	-29.6
15:54:19.746	-32.1
15:54:19.759	-29.5
15:54:19.771	-29.1
15:54:19.783	-28.1
15:54:19.791	-25.6
15:54:19.804	-27.3
15:54:19.816	-24.8
15:54:19.824	-23.4
15:54:19.837	-22.3
15:54:19.849	-20.6
15:54:19.857	-19.6
15:54:19.869	-19.8
15:54:19.882	-20.3
15:54:19.894	-20.2
15:54:19.902	-21.3
15:54:19.914	-19.3
15:54:19.927	-18.0
15:54:19.935	-16.9
15:54:19.947	-15.9
15:54:19.959	-11.8
15:54:19.968	-8.1
15:54:19.980	-3.7
15:54:19.992	1.5
15:54:20.000	5.8
15:54:20.013	12.6
15:54:20.025	16.7
15:54:20.033	20.7
15:54:20.045	24.7
15:54:20.058	28.1
15:54:20.070	32.5
15:54:20.078	37.6
15:54:20.090	40.6
15:54:20.103	44.6
15:54:20.111	49.4
15:54:20.123	52.0
15:54:20.135	56.8
15:54:20.148	59.7
15:54:20.156	68.1
15:54:20.168	76.1
15:54:20.180	80.1
15:54:20.189	86.6
15:54:20.201	94.1
15:54:20.213	101.7
15:54:20.221	109.4
15:54:20.234	120.6
15:54:20.246	130.6
15:54:20.254	142.2
15:54:20.266	147.7
15:54:20.279	154.8
15:54:20.287	163.3
15:54:20.299	169.6
15:54:20.312	173.1
15:54:20.324	176.7
15:54:20.332	181.1
15:54:20.344	184.1
15:54:20.357	186.6
15:54:20.365	189.7
15:54:20.377	194.3
15:54:20.389	198.5
15:54:20.398	201.5
15:54:20.410	207.6
15:54:20.422	213.1
15:54:20.434	218.0
15:54:20.443	220.9
15:54:20.455	222.5
15:54:20.467	225.9
15:54:20.475	226.9
15:54:20.488	229.5
15:54:20.500	232.9
15:54:20.508	245.6
15:54:20.520	259.6
15:54:20.533	275.3
15:54:20.541	288.7
15:54:20.553	303.8
15:54:20.565	319.6
15:54:20.578	333.5
15:54:20.586	350.1
15:54:20.598	362.7
15:54:20.611	372.9
15:54:20.619	376.7
15:54:20.631	375.1
15:54:20.643	374.6
15:54:20.651	376.2
15:54:20.664	373.7
15:54:20.676	373.0
15:54:20.684	374.1
15:54:20.696	375.0
15:54:20.710	376.3
15:54:20.717	379.7
15:54:20.730	379.2
15:54:20.742	378.6
15:54:20.755	378.7
15:54:20.763	375.8
15:54:20.775	380.4
15:54:20.788	380.4
15:54:20.796	381.1
15:54:20.808	378.7
15:54:20.820	376.2
15:54:20.833	374.3
15:54:20.841	372.6
15:54:20.853	372.8
15:54:20.865	369.5
15:54:20.874	372.2
15:54:20.886	368.5
15:54:20.898	368.8
15:54:20.906	365.2
15:54:20.919	362.5
15:54:20.931	363.2
15:54:20.939	360.1
15:54:20.951	358.8
15:54:20.964	354.1
15:54:20.972	353.9
15:54:20.984	349.3
15:54:20.996	347.7
15:54:21.009	344.0
15:54:21.017	340.0
15:54:21.029	336.5
15:54:21.041	332.7
15:54:21.050	329.7
15:54:21.062	325.2
15:54:21.074	325.8
15:54:21.086	323.5
15:54:21.095	320.5
15:54:21.107	317.6
15:54:21.119	314.9
15:54:21.131	313.2
15:54:21.140	312.7
15:54:21.152	311.7
15:54:21.164	309.4
15:54:21.172	308.3
15:54:21.185	306.4
15:54:21.197	303.5
15:54:21.205	302.9
15:54:21.217	302.2
15:54:21.230	299.9
15:54:21.238	299.4
15:54:21.250	299.1
15:54:21.263	295.7
15:54:21.271	292.9
15:54:21.283	290.7
15:54:21.295	287.4
15:54:21.307	286.8
15:54:21.316	285.8
15:54:21.328	282.8
15:54:21.340	281.6
15:54:21.349	279.9
15:54:21.361	275.7
15:54:21.373	273.1
15:54:21.381	272.3
15:54:21.394	271.8
15:54:21.406	268.5
15:54:21.418	268.5
15:54:21.426	264.7
15:54:21.439	265.5
15:54:21.451	266.5
15:54:21.459	265.4
15:54:21.471	267.5
15:54:21.484	270.7
15:54:21.492	271.6
15:54:21.504	271.6
15:54:21.517	274.3
15:54:21.525	272.6
15:54:21.537	277.0
15:54:21.549	275.4
15:54:21.561	272.5
15:54:21.570	269.5
15:54:21.582	261.1
15:54:21.594	253.9
15:54:21.602	247.9
15:54:21.615	242.4
15:54:21.627	235.7
15:54:21.635	231.5
15:54:21.647	222.7
15:54:21.660	216.3
15:54:21.668	209.0
15:54:21.680	205.1
15:54:21.692	201.6
15:54:21.705	195.1
15:54:21.713	191.8
15:54:21.725	184.3
15:54:21.737	177.6
15:54:21.746	167.6
15:54:21.758	157.8
15:54:21.770	147.0
15:54:21.778	140.4
15:54:21.791	131.0
15:54:21.803	122.1
15:54:21.815	114.5
15:54:21.824	105.1
15:54:21.836	99.6
15:54:21.848	94.3
15:54:21.856	88.6
15:54:21.869	81.7
15:54:21.881	76.4
15:54:21.889	68.6
15:54:21.901	61.5
15:54:21.914	57.1
15:54:21.922	50.2
15:54:21.934	44.6
15:54:21.946	38.9
15:54:21.955	31.4
15:54:21.967	26.2
15:54:21.979	21.6
15:54:21.991	16.0
15:54:22.000	10.1
15:54:22.012	6.5
15:54:22.024	-0.2
15:54:22.032	-7.5
15:54:22.045	-14.7
15:54:22.057	-22.9
15:54:22.069	-30.9
15:54:22.077	-41.2
15:54:22.090	-49.0
15:54:22.102	-56.8
15:54:22.110	-63.1
15:54:22.122	-71.5
15:54:22.135	-79.1
15:54:22.143	-96.3
15:54:22.155	-117.5
15:54:22.167	-141.3
15:54:22.176	-162.2
15:54:22.188	-181.7
15:54:22.200	-202.1
15:54:22.208	-220.5
15:54:22.221	-239.7
15:54:22.233	-258.0
15:54:22.245	-273.4
15:54:22.253	-275.9
15:54:22.266	-277.9
15:54:22.278	-273.4
15:54:22.286	-273.2
15:54:22.299	-273.5
15:54:22.311	-274.2
15:54:22.319	-275.8
15:54:22.331	-276.2
15:54:22.344	-278.4
15:54:22.356	-278.9
15:54:22.364	-280.4
15:54:22.376	-278.1
15:54:22.389	-278.7
15:54:22.397	-277.8
15:54:22.409	-274.8
15:54:22.421	-271.8
15:54:22.430	-270.4
15:54:22.442	-269.1
15:54:22.454	-266.4
15:54:22.462	-265.0
15:54:22.475	-262.4
15:54:22.487	-262.3
15:54:22.499	-260.8
15:54:22.507	-259.2
15:54:22.520	-258.4
15:54:22.532	-256.3
15:54:22.540	-254.1
15:54:22.552	-252.3
15:54:22.565	-253.5
15:54:22.573	-261.3
15:54:22.585	-268.6
15:54:22.597	-274.3
15:54:22.606	-282.4
15:54:22.618	-290.3
15:54:22.630	-296.5
15:54:22.638	-303.3
15:54:22.651	-309.2
15:54:22.663	-317.2
15:54:22.675	-320.6
15:54:22.683	-318.9
15:54:22.696	-317.7
15:54:22.708	-318.8
15:54:22.716	-318.4
15:54:22.729	-316.7
15:54:22.741	-318.3
15:54:22.753	-318.3
15:54:22.761	-317.6
15:54:22.774	-316.4
15:54:22.786	-315.8
15:54:22.794	-314.1
15:54:22.806	-312.7
15:54:22.819	-310.1
15:54:22.827	-307.1
15:54:22.839	-303.6
15:54:22.851	-301.1
15:54:22.859	-298.7
15:54:22.872	-296.2
15:54:22.884	-292.6
15:54:22.893	-291.7
15:54:22.905	-289.3
15:54:22.917	-285.9
15:54:22.929	-285.4
15:54:22.937	-283.6
15:54:22.950	-283.0
15:54:22.962	-279.0
15:54:22.970	-276.7
15:54:22.982	-275.4
15:54:22.995	-274.3
15:54:23.007	-271.2
15:54:23.015	-268.8
15:54:23.027	-269.2
15:54:23.040	-266.5
15:54:23.052	-262.7
15:54:23.060	-259.9
15:54:23.072	-257.7
15:54:23.085	-256.0
15:54:23.093	-251.0
15:54:23.105	-247.4
15:54:23.118	-244.6
15:54:23.126	-242.5
15:54:23.138	-237.1
15:54:23.150	-233.2
15:54:23.158	-234.6
15:54:23.171	-231.6
15:54:23.183	-230.5
15:54:23.191	-226.7
15:54:23.203	-226.7
15:54:23.216	-224.8
15:54:23.228	-222.8
15:54:23.236	-220.4
15:54:23.249	-219.4
15:54:23.261	-216.6
15:54:23.269	-211.6
15:54:23.281	-209.1
15:54:23.293	-204.3
15:54:23.302	-203.1
15:54:23.314	-198.1
15:54:23.326	-195.6
15:54:23.339	-191.5
15:54:23.347	-189.1
15:54:23.359	-185.6
15:54:23.371	-182.5
15:54:23.380	-179.1
15:54:23.392	-177.4
15:54:23.404	-174.6
15:54:23.413	-170.0
15:54:23.425	-169.0
15:54:23.437	-165.8
15:54:23.445	-165.9
15:54:23.458	-163.9
15:54:23.470	-164.0
15:54:23.482	-159.4
15:54:23.490	-158.7
15:54:23.503	-154.6
15:54:23.515	-153.1
15:54:23.523	-151.7
15:54:23.536	-148.8
15:54:23.548	-146.2
15:54:23.556	-139.9
15:54:23.568	-136.9
15:54:23.581	-134.4
15:54:23.589	-136.0
15:54:23.601	-131.9
15:54:23.613	-129.6
15:54:23.626	-128.4
15:54:23.634	-126.6
15:54:23.646	-125.4
15:54:23.658	-123.5
15:54:23.667	-124.0
15:54:23.679	-120.9
15:54:23.691	-117.2
15:54:23.699	-113.7
15:54:23.712	-112.6
15:54:23.724	-110.9
15:54:23.736	-107.3
15:54:23.744	-102.3
15:54:23.757	-98.0
15:54:23.769	-95.5
15:54:23.777	-90.8
15:54:23.789	-88.2
15:54:23.802	-84.5
15:54:23.810	-81.5
15:54:23.822	-75.9
15:54:23.834	-71.7
15:54:23.843	-66.8
15:54:23.855	-62.9
15:54:23.867	-58.0
15:54:23.875	-54.2
15:54:23.888	-52.5
15:54:23.900	-50.2
15:54:23.912	-48.6
15:54:23.920	-46.3
15:54:23.933	-45.5
15:54:23.945	-45.3
15:54:23.953	-42.9
15:54:23.965	-41.7
15:54:23.978	-40.7
15:54:23.990	-37.9
15:54:23.998	-34.0
15:54:24.011	-32.0
15:54:24.023	-27.9
15:54:24.031	-22.1
15:54:24.043	-18.9
15:54:24.056	-14.7
15:54:24.064	-13.8
15:54:24.076	-9.5
15:54:24.088	-5.0
15:54:24.097	1.9
15:54:24.109	7.2
15:54:24.121	15.2
15:54:24.129	20.8
15:54:24.142	22.8
15:54:24.154	29.0
15:54:24.166	34.5
15:54:24.174	38.4
15:54:24.187	42.0
15:54:24.199	44.0
15:54:24.207	44.2
15:54:24.219	47.9
15:54:24.232	50.0
15:54:24.240	52.4
15:54:24.252	56.0
15:54:24.264	57.4
15:54:24.277	58.7
15:54:24.285	60.3
15:54:24.297	61.9
15:54:24.309	64.3
15:54:24.318	67.3
15:54:24.330	66.4
15:54:24.342	64.9
15:54:24.350	65.4
15:54:24.363	67.1
15:54:24.375	68.9
15:54:24.383	69.5
15:54:24.395	72.1
15:54:24.408	72.8
15:54:24.420	72.4
15:54:24.428	72.7
15:54:24.440	73.8
15:54:24.453	77.1
15:54:24.461	77.2
15:54:24.473	78.4
15:54:24.486	79.2
15:54:24.494	81.3
15:54:24.506	83.9
15:54:24.518	86.9
15:54:24.527	90.4
15:54:24.539	94.3
15:54:24.551	100.3
15:54:24.559	106.5
15:54:24.572	113.5
15:54:24.584	119.0
15:54:24.596	122.8
15:54:24.604	129.1
15:54:24.617	134.2
15:54:24.629	137.6
15:54:24.637	141.7
15:54:24.649	144.6
15:54:24.662	146.2
15:54:24.674	147.6
15:54:24.682	147.9
15:54:24.694	149.0
15:54:24.707	152.9
15:54:24.715	151.4
15:54:24.727	154.9
15:54:24.739	158.7
15:54:24.748	160.4
15:54:24.760	163.7
15:54:24.772	166.7
15:54:24.780	168.0
15:54:24.793	173.4
15:54:24.805	177.3
15:54:24.813	180.3
15:54:24.825	187.3
15:54:24.838	192.7
15:54:24.850	200.4
15:54:24.858	209.2
15:54:24.870	215.9
15:54:24.883	224.6
15:54:24.891	234.7
15:54:24.903	242.5
15:54:24.916	250.0
15:54:24.928	258.8
15:54:24.936	269.6
15:54:24.948	279.1
15:54:24.961	286.2
15:54:24.969	293.9
15:54:24.981	300.9
15:54:24.993	308.4
15:54:25.005	317.3
15:54:25.014	324.2
15:54:25.026	331.5
15:54:25.038	338.4
15:54:25.047	341.5
15:54:25.059	343.2
15:54:25.071	345.5
15:54:25.079	348.1
15:54:25.092	350.6
15:54:25.104	351.5
15:54:25.112	350.0
15:54:25.124	350.3
15:54:25.137	349.6
15:54:25.149	348.9
15:54:25.157	348.5
15:54:25.169	348.1
15:54:25.182	346.1
15:54:25.190	345.0
15:54:25.202	344.8
15:54:25.214	343.9
15:54:25.223	342.3
15:54:25.235	340.2
15:54:25.247	339.6
15:54:25.259	337.5
15:54:25.268	336.5
15:54:25.280	333.2
15:54:25.292	331.3
15:54:25.300	328.7
15:54:25.313	326.7
15:54:25.325	323.8
15:54:25.333	320.6
15:54:25.345	316.0
15:54:25.358	313.5
15:54:25.366	308.5
15:54:25.378	304.4
15:54:25.391	301.4
15:54:25.403	298.0
15:54:25.411	296.3
15:54:25.423	290.9
15:54:25.436	287.7
15:54:25.444	283.1
15:54:25.456	282.1
15:54:25.468	278.9
15:54:25.476	276.0
15:54:25.489	270.7
15:54:25.501	263.0
15:54:25.509	256.8
15:54:25.522	248.0
15:54:25.534	243.8
15:54:25.546	236.1
15:54:25.554	229.1
15:54:25.567	219.4
15:54:25.579	210.1
15:54:25.587	203.0
15:54:25.599	194.2
15:54:25.612	188.9
15:54:25.620	180.3
15:54:25.632	172.8
15:54:25.644	162.5
15:54:25.657	152.3
15:54:25.665	140.6
15:54:25.677	131.3
15:54:25.689	117.3
15:54:25.698	101.8
15:54:25.710	89.3
15:54:25.722	73.7
15:54:25.730	61.2
15:54:25.743	48.6
15:54:25.755	35.0
15:54:25.763	21.6
15:54:25.775	12.7
15:54:25.788	2.3
15:54:25.796	-3.7
15:54:25.808	-9.1
15:54:25.820	-16.7
15:54:25.833	-34.2
15:54:25.841	-54.1
15:54:25.853	-72.6
15:54:25.865	-90.9
15:54:25.874	-106.2
15:54:25.886	-122.4
15:54:25.898	-139.2
15:54:25.911	-156.7
15:54:25.919	-173.7
15:54:25.931	-187.5
15:54:25.943	-188.2
15:54:25.951	-188.2
15:54:25.964	-188.8
15:54:25.976	-186.3
15:54:25.984	-187.1
15:54:25.997	-188.1
15:54:26.009	-188.4
15:54:26.017	-188.0
15:54:26.029	-185.9
15:54:26.042	-187.1
15:54:26.050	-189.1
15:54:26.062	-191.5
15:54:26.074	-194.7
15:54:26.087	-202.5
15:54:26.095	-203.5
15:54:26.107	-206.7
15:54:26.119	-209.2
15:54:26.128	-211.3
15:54:26.140	-216.3
15:54:26.152	-215.8
15:54:26.160	-216.4
15:54:26.173	-215.5
15:54:26.185	-213.3
15:54:26.197	-211.5
15:54:26.205	-215.5
15:54:26.218	-217.0
15:54:26.230	-218.7
15:54:26.238	-222.5
15:54:26.250	-222.9
15:54:26.263	-225.9
15:54:26.271	-230.6
15:54:26.283	-232.0
15:54:26.295	-236.3
15:54:26.304	-236.8
15:54:26.316	-237.3
15:54:26.328	-238.0
15:54:26.340	-239.9
15:54:26.349	-240.2
15:54:26.361	-240.7
15:54:26.373	-241.9
15:54:26.382	-240.5
15:54:26.394	-242.5
15:54:26.406	-241.8
15:54:26.414	-242.3
15:54:26.426	-241.9
15:54:26.439	-242.0
15:54:26.447	-242.2
15:54:26.459	-242.4
15:54:26.472	-241.7
15:54:26.480	-243.1
15:54:26.492	-244.2
15:54:26.504	-245.8
15:54:26.517	-249.2
15:54:26.525	-251.1
15:54:26.537	-251.3
15:54:26.549	-250.7
15:54:26.558	-249.2
15:54:26.570	-247.9
15:54:26.582	-249.1
15:54:26.594	-247.7
15:54:26.603	-244.3
15:54:26.615	-241.4
15:54:26.627	-237.0
15:54:26.635	-233.7
15:54:26.648	-231.5
15:54:26.660	-228.7
15:54:26.668	-227.7
15:54:26.680	-224.6
15:54:26.693	-220.5
15:54:26.701	-217.4
15:54:26.713	-215.9
15:54:26.725	-211.9
15:54:26.734	-210.2
15:54:26.746	-206.9
15:54:26.758	-204.5
15:54:26.771	-203.0
15:54:26.779	-198.5
15:54:26.791	-196.0
15:54:26.803	-193.0
15:54:26.811	-192.0
15:54:26.824	-188.0
15:54:26.836	-185.6
15:54:26.848	-181.6
15:54:26.856	-179.1
15:54:26.869	-175.8
15:54:26.881	-172.4
15:54:26.889	-169.7
15:54:26.901	-166.2
15:54:26.914	-164.1
15:54:26.922	-159.8
15:54:26.934	-159.1
15:54:26.946	-157.0
15:54:26.956	-154.9
15:54:26.967	-152.3
15:54:26.980	-150.8
15:54:26.992	-148.9
15:54:27.001	-147.4
15:54:27.013	-147.6
15:54:27.025	-145.1
15:54:27.034	-141.3
15:54:27.046	-136.7
15:54:27.058	-133.6
15:54:27.070	-132.7
15:54:27.079	-130.7
15:54:27.091	-127.9
15:54:27.103	-124.3
15:54:27.111	-121.7
15:54:27.124	-117.7
15:54:27.136	-115.1
15:54:27.144	-115.1
15:54:27.156	-116.2
15:54:27.169	-116.1
15:54:27.181	-113.6
15:54:27.189	-112.0
15:54:27.201	-110.7
15:54:27.214	-110.6
15:54:27.222	-107.5
15:54:27.234	-106.0
15:54:27.246	-107.2
15:54:27.255	-106.8
15:54:27.267	-104.3
15:54:27.279	-103.3
15:54:27.287	-104.3
15:54:27.300	-103.3
15:54:27.312	-101.4
15:54:27.324	-100.3
15:54:27.332	-100.5
15:54:27.345	-100.0
15:54:27.357	-98.0
15:54:27.365	-96.0
15:54:27.377	-95.7
15:54:27.390	-94.0
15:54:27.398	-90.3
15:54:27.410	-89.5
15:54:27.422	-88.3
15:54:27.431	-86.1
15:54:27.443	-86.6
15:54:27.455	-86.5
15:54:27.467	-84.6
15:54:27.476	-84.3
15:54:27.488	-83.0
15:54:27.500	-82.1
15:54:27.509	-82.3
15:54:27.521	-81.9
15:54:27.533	-81.6
15:54:27.541	-81.5
15:54:27.554	-79.6
15:54:27.566	-77.3
15:54:27.578	-75.2
15:54:27.586	-73.3
15:54:27.599	-73.4
15:54:27.611	-72.5
15:54:27.619	-71.1
15:54:27.631	-69.4
15:54:27.644	-67.7
15:54:27.652	-66.9
15:54:27.664	-65.8
15:54:27.676	-67.5
15:54:27.685	-68.9
15:54:27.697	-68.9
15:54:27.709	-67.7
15:54:27.717	-67.4
15:54:27.730	-66.7
15:54:27.742	-66.6
15:54:27.754	-66.4
15:54:27.762	-65.9
15:54:27.775	-65.3
15:54:27.787	-61.4
15:54:27.795	-61.0
15:54:27.807	-59.4
15:54:27.820	-59.1
15:54:27.832	-57.8
15:54:27.840	-57.9
15:54:27.852	-56.2
15:54:27.865	-56.5
15:54:27.873	-55.9
15:54:27.885	-55.3
15:54:27.898	-58.5
15:54:27.906	-58.2
15:54:27.918	-58.9
15:54:27.930	-56.7
15:54:27.938	-57.8
15:54:27.951	-56.4
15:54:27.963	-55.7
15:54:27.971	-55.6
15:54:27.983	-57.3
15:54:27.996	-58.4
15:54:28.008	-56.6
15:54:28.016	-56.7
15:54:28.029	-55.0
15:54:28.041	-56.0
15:54:28.049	-54.0
15:54:28.061	-52.9
15:54:28.074	-52.6
15:54:28.082	-52.7
15:54:28.094	-50.6
15:54:28.106	-48.6
15:54:28.119	-47.6
15:54:28.127	-44.6
15:54:28.139	-43.9
15:54:28.151	-40.5
15:54:28.160	-40.5
15:54:28.172	-40.7
15:54:28.184	-39.8
15:54:28.192	-37.3
15:54:28.205	-35.1
15:54:28.217	-34.3
15:54:28.225	-31.4
15:54:28.237	-31.3
15:54:28.250	-28.0
15:54:28.262	-25.7
15:54:28.270	-18.8
15:54:28.283	-14.4
15:54:28.295	-12.1
15:54:28.303	-9.2
15:54:28.315	-6.4
15:54:28.327	-1.2
15:54:28.336	1.7
15:54:28.348	6.4
15:54:28.360	7.6
15:54:28.368	10.9
15:54:28.381	10.9
15:54:28.393	13.8
15:54:28.401	16.8
15:54:28.413	21.2
15:54:28.426	26.0
15:54:28.438	27.7
15:54:28.446	31.5
15:54:28.459	33.2
15:54:28.471	37.2
15:54:28.479	39.7
15:54:28.491	42.4
15:54:28.504	42.4
15:54:28.516	45.5
15:54:28.524	48.9
15:54:28.536	52.4
15:54:28.549	57.3
15:54:28.557	61.1
15:54:28.569	68.0
15:54:28.581	72.0
15:54:28.590	74.7
15:54:28.602	79.5
15:54:28.614	87.1
15:54:28.622	92.2
15:54:28.635	94.4
15:54:28.647	97.5
15:54:28.655	101.5
15:54:28.667	103.8
15:54:28.680	107.6
15:54:28.692	116.8
15:54:28.700	126.6
15:54:28.712	136.4
15:54:28.725	145.5
15:54:28.733	154.2
15:54:28.745	164.7
15:54:28.758	173.2
15:54:28.770	180.2
15:54:28.778	189.1
15:54:28.790	194.7
15:54:28.803	195.5
15:54:28.811	196.5
15:54:28.823	196.9
15:54:28.835	198.0
15:54:28.844	198.6
15:54:28.856	198.3
15:54:28.868	199.2
15:54:28.876	200.4
15:54:28.889	204.6
15:54:28.901	207.9
15:54:28.909	215.2
15:54:28.921	221.3
15:54:28.934	224.1
15:54:28.946	224.5
15:54:28.954	226.4
15:54:28.966	229.2
15:54:28.979	230.9
15:54:28.991	233.5
15:54:28.999	232.6
15:54:29.011	231.8
15:54:29.024	228.1
15:54:29.032	224.8
15:54:29.044	223.7
15:54:29.056	224.8
15:54:29.065	225.6
15:54:29.077	223.7
15:54:29.089	225.6
15:54:29.101	229.2
15:54:29.110	233.6
15:54:29.122	238.2
15:54:29.134	243.0
15:54:29.142	247.9
15:54:29.155	253.2
15:54:29.167	259.3
15:54:29.175	263.1
15:54:29.188	270.1
15:54:29.200	274.9
15:54:29.208	278.1
15:54:29.220	281.0
15:54:29.233	287.4
15:54:29.245	292.5
15:54:29.253	300.1
15:54:29.265	306.4
15:54:29.278	310.2
15:54:29.286	317.1
15:54:29.298	322.5
15:54:29.310	329.0
15:54:29.319	332.2
15:54:29.331	334.1
15:54:29.343	331.1
15:54:29.351	331.0
15:54:29.364	327.6
15:54:29.376	323.6
15:54:29.388	320.1
15:54:29.397	317.4
15:54:29.409	315.8
15:54:29.421	309.2
15:54:29.429	308.4
15:54:29.442	304.0
15:54:29.454	302.7
15:54:29.462	298.7
15:54:29.474	296.5
15:54:29.487	294.5
15:54:29.499	293.9
15:54:29.507	292.0
15:54:29.519	288.2
15:54:29.532	287.4
15:54:29.540	282.4
15:54:29.552	281.1
15:54:29.564	279.7
15:54:29.573	277.7
15:54:29.585	275.8
15:54:29.597	273.9
15:54:29.605	270.6
15:54:29.618	267.1
15:54:29.630	264.0
15:54:29.638	261.3
15:54:29.650	257.5
15:54:29.663	256.7
15:54:29.675	255.8
15:54:29.683	254.6
15:54:29.695	252.4
15:54:29.708	253.0
15:54:29.716	254.8
15:54:29.728	258.6
15:54:29.740	262.3
15:54:29.753	265.3
15:54:29.761	270.5
15:54:29.773	272.1
15:54:29.786	272.7
15:54:29.794	274.7
15:54:29.806	275.1
15:54:29.818	273.6
15:54:29.826	272.7
15:54:29.839	268.6
15:54:29.851	265.5
15:54:29.859	261.9
15:54:29.872	258.1
15:54:29.884	253.3
15:54:29.892	248.3
15:54:29.904	244.6
15:54:29.917	240.5
15:54:29.929	237.1
15:54:29.937	229.9
15:54:29.949	226.5
15:54:29.962	220.5
15:54:29.970	215.3
15:54:29.982	209.3
15:54:29.994	205.2
15:54:30.003	199.4
15:54:30.015	191.9
15:54:30.027	187.1
15:54:30.039	182.1
15:54:30.048	179.0
15:54:30.060	171.6
15:54:30.072	164.0
15:54:30.080	156.4
15:54:30.093	149.5
15:54:30.105	142.2
15:54:30.113	135.2
15:54:30.125	130.2
15:54:30.138	123.3
15:54:30.146	117.4
15:54:30.158	111.1
15:54:30.171	108.6
15:54:30.183	104.5
15:54:30.191	100.9
15:54:30.204	94.8
15:54:30.216	89.1
15:54:30.224	85.3
15:54:30.236	78.1
15:54:30.249	72.8
15:54:30.257	66.7
15:54:30.269	61.4
15:54:30.281	52.1
15:54:30.289	45.6
15:54:30.302	39.2
15:54:30.314	32.6
15:54:30.322	27.7
15:54:30.335	19.7
15:54:30.347	14.2
15:54:30.359	8.1
15:54:30.367	1.4
15:54:30.380	-6.6
15:54:30.392	-13.2
15:54:30.400	-18.6
15:54:30.412	-25.9
15:54:30.425	-30.2
15:54:30.437	-37.2
15:54:30.445	-40.7
15:54:30.457	-45.5
15:54:30.470	-57.2
15:54:30.478	-77.5
15:54:30.490	-95.7
15:54:30.502	-113.7
15:54:30.511	-133.4
15:54:30.523	-151.6
15:54:30.535	-168.1
15:54:30.543	-184.4
15:54:30.556	-201.4
15:54:30.568	-216.5
15:54:30.576	-225.5
15:54:30.588	-224.7
15:54:30.601	-225.2
15:54:30.613	-226.4
15:54:30.621	-223.9
15:54:30.633	-222.8
15:54:30.646	-222.0
15:54:30.654	-219.8
15:54:30.666	-218.5
15:54:30.679	-218.0
15:54:30.691	-216.6
15:54:30.699	-217.0
15:54:30.711	-214.0
15:54:30.724	-211.0
15:54:30.732	-209.7
15:54:30.744	-208.9
15:54:30.756	-210.2
15:54:30.765	-209.8
15:54:30.777	-210.2
15:54:30.789	-210.2
15:54:30.797	-210.2
15:54:30.810	-211.1
15:54:30.822	-213.6
15:54:30.830	-217.1
15:54:30.842	-220.4
15:54:30.855	-223.5
15:54:30.867	-226.7
15:54:30.875	-228.5
15:54:30.887	-233.4
15:54:30.900	-239.1
15:54:30.912	-244.6
15:54:30.920	-249.4
15:54:30.932	-255.7
15:54:30.945	-260.9
15:54:30.953	-263.2
15:54:30.965	-267.0
15:54:30.977	-271.4
15:54:30.986	-274.0
15:54:30.998	-274.0
15:54:31.010	-273.9
15:54:31.022	-274.0
15:54:31.031	-272.0
15:54:31.043	-269.9
15:54:31.055	-266.7
15:54:31.063	-268.7
15:54:31.075	-265.8
15:54:31.087	-262.1
15:54:31.096	-264.4
15:54:31.108	-262.8
15:54:31.120	-260.7
15:54:31.128	-259.7
15:54:31.141	-260.2
15:54:31.153	-261.4
15:54:31.165	-260.8
15:54:31.174	-257.5
15:54:31.187	-256.5
15:54:31.199	-255.0
15:54:31.207	-251.0
15:54:31.219	-249.4
15:54:31.232	-247.4
15:54:31.240	-244.3
15:54:31.252	-240.6
15:54:31.264	-236.0
15:54:31.273	-233.4
15:54:31.285	-228.8
15:54:31.297	-225.8
15:54:31.310	-220.2
15:54:31.318	-217.6
15:54:31.330	-215.0
15:54:31.342	-213.4
15:54:31.350	-208.8
15:54:31.363	-205.5
15:54:31.375	-201.6
15:54:31.383	-195.6
15:54:31.395	-192.8
15:54:31.408	-188.7
15:54:31.420	-186.3
15:54:31.428	-178.9
15:54:31.441	-172.3
15:54:31.453	-165.2
15:54:31.461	-163.1
15:54:31.473	-160.3
15:54:31.486	-155.4
15:54:31.494	-152.2
15:54:31.506	-148.0
15:54:31.518	-144.8
15:54:31.526	-141.5
15:54:31.539	-140.5
15:54:31.551	-139.3
15:54:31.559	-138.8
15:54:31.572	-135.5
15:54:31.584	-131.1
15:54:31.596	-130.8
15:54:31.604	-129.9
15:54:31.617	-129.0
15:54:31.629	-125.6
15:54:31.637	-123.2
15:54:31.649	-123.7
15:54:31.662	-120.9
15:54:31.674	-117.9
15:54:31.682	-115.4
15:54:31.694	-113.8
15:54:31.707	-109.1
15:54:31.715	-104.6
15:54:31.727	-101.0
15:54:31.739	-98.7
15:54:31.747	-94.8
15:54:31.759	-90.5
15:54:31.771	-87.6
15:54:31.780	-84.4
15:54:31.792	-80.9
15:54:31.804	-77.4
15:54:31.812	-75.2
15:54:31.825	-71.3
15:54:31.837	-69.0
15:54:31.849	-66.3
15:54:31.857	-65.6
15:54:31.870	-63.0
15:54:31.882	-61.2
15:54:31.890	-57.9
15:54:31.902	-57.5
15:54:31.915	-56.7
15:54:31.923	-54.6
15:54:31.935	-54.4
15:54:31.948	-50.3
15:54:31.960	-47.0
15:54:31.968	-42.8
15:54:31.980	-40.0
15:54:31.992	-36.6
15:54:32.001	-34.1
15:54:32.013	-30.7
15:54:32.025	-24.9
15:54:32.034	-21.3
15:54:32.046	-16.3
15:54:32.058	-14.7
15:54:32.066	-12.2
15:54:32.078	-10.0
15:54:32.091	-7.8
15:54:32.103	-4.0
15:54:32.111	-0.4
15:54:32.124	5.5
15:54:32.136	7.5
15:54:32.144	13.5
15:54:32.156	15.3
15:54:32.169	19.5
15:54:32.177	22.1
15:54:32.189	25.5
15:54:32.201	31.0
15:54:32.210	33.0
15:54:32.223	36.2
15:54:32.235	37.2
15:54:32.243	40.9
15:54:32.256	41.2
15:54:32.268	45.2
15:54:32.280	48.7
15:54:32.288	55.7
15:54:32.301	60.4
15:54:32.313	65.6
15:54:32.321	72.7
15:54:32.333	77.9
15:54:32.346	85.6
15:54:32.358	91.6
15:54:32.366	99.0
15:54:32.378	104.9
15:54:32.391	111.4
15:54:32.399	115.9
15:54:32.411	121.5
15:54:32.423	126.1
15:54:32.432	130.5
15:54:32.444	134.4
15:54:32.456	137.1
15:54:32.464	141.8
15:54:32.477	143.6
15:54:32.489	147.4
15:54:32.497	151.1
15:54:32.509	160.9
15:54:32.522	173.9
15:54:32.534	186.4
15:54:32.542	201.6
15:54:32.554	221.3
15:54:32.567	240.6
15:54:32.575	258.0
15:54:32.587	277.7
15:54:32.600	294.8
15:54:32.612	311.3
15:54:32.620	321.4
15:54:32.632	328.6
15:54:32.645	336.0
15:54:32.653	340.1
15:54:32.665	340.1
15:54:32.677	340.4
15:54:32.686	341.3
15:54:32.698	342.3
15:54:32.710	342.9
15:54:32.718	342.8
15:54:32.731	340.6
15:54:32.743	339.8
15:54:32.751	338.8
15:54:32.763	335.9
15:54:32.776	334.4
15:54:32.788	333.7
15:54:32.796	331.7
15:54:32.808	327.8
15:54:32.821	324.9
15:54:32.829	326.0
15:54:32.841	324.8
15:54:32.853	323.4
15:54:32.866	317.8
15:54:32.874	316.3
15:54:32.886	314.4
15:54:32.898	309.6
15:54:32.907	307.3
15:54:32.919	304.0
15:54:32.931	302.1
15:54:32.943	295.8
15:54:32.952	295.0
15:54:32.964	291.4
15:54:32.976	291.9
15:54:32.984	290.3
15:54:32.997	288.0
15:54:33.009	286.0
15:54:33.017	284.5
15:54:33.029	284.2
15:54:33.042	281.1
15:54:33.050	280.1
15:54:33.062	276.8
15:54:33.075	272.7
15:54:33.087	268.9
15:54:33.095	264.0
15:54:33.107	260.7
15:54:33.120	257.8
15:54:33.128	251.3
15:54:33.140	246.2
15:54:33.152	241.4
15:54:33.161	236.6
15:54:33.173	229.6
15:54:33.185	224.9
15:54:33.193	219.4
15:54:33.206	216.6
15:54:33.218	208.9
15:54:33.230	201.7
15:54:33.238	195.4
15:54:33.250	190.0
15:54:33.262	185.1
15:54:33.270	176.4
15:54:33.283	172.2
15:54:33.295	166.0
15:54:33.303	158.2
15:54:33.315	149.6
15:54:33.329	142.8
15:54:33.341	135.4
15:54:33.349	126.5
15:54:33.361	116.9
15:54:33.374	104.5
15:54:33.382	94.6
15:54:33.394	81.3
15:54:33.406	69.5
15:54:33.415	59.2
15:54:33.427	46.5
15:54:33.439	34.4
15:54:33.447	25.2
15:54:33.460	16.5
15:54:33.472	5.0
15:54:33.480	-2.5
15:54:33.492	-9.9
15:54:33.505	-14.8
15:54:33.517	-19.9
15:54:33.525	-22.4
15:54:33.537	-26.1
15:54:33.550	-45.8
15:54:33.558	-66.6
15:54:33.570	-87.5
15:54:33.583	-106.3
15:54:33.595	-126.3
15:54:33.603	-146.0
15:54:33.615	-164.8
15:54:33.628	-182.4
15:54:33.636	-203.7
15:54:33.648	-220.2
15:54:33.660	-223.7
15:54:33.669	-227.3
15:54:33.681	-230.9
15:54:33.693	-232.4
15:54:33.701	-238.0
15:54:33.714	-242.4
15:54:33.726	-250.1
15:54:33.734	-258.6
15:54:33.746	-265.4
15:54:33.759	-274.4
15:54:33.771	-280.8
15:54:33.779	-287.4
15:54:33.791	-292.6
15:54:33.804	-300.5
15:54:33.812	-303.2
15:54:33.824	-308.0
15:54:33.836	-312.4
15:54:33.845	-314.3
15:54:33.857	-318.4
15:54:33.869	-320.5
15:54:33.881	-322.6
15:54:33.890	-323.0
15:54:33.902	-326.0
15:54:33.914	-327.4
15:54:33.922	-329.3
15:54:33.935	-328.6
15:54:33.947	-327.2
15:54:33.955	-327.7
15:54:33.967	-326.7
15:54:33.980	-327.2
15:54:33.988	-325.4
15:54:34.000	-325.0
15:54:34.012	-321.1
15:54:34.025	-317.8
15:54:34.033	-314.6
15:54:34.045	-312.9
15:54:34.058	-309.6
15:54:34.066	-306.9
15:54:34.078	-303.5
15:54:34.090	-298.2
15:54:34.098	-296.5
15:54:34.111	-294.7
15:54:34.123	-291.2
15:54:34.131	-288.5
15:54:34.144	-285.5
15:54:34.156	-282.1
15:54:34.164	-278.3
15:54:34.176	-274.1
15:54:34.189	-268.4
15:54:34.201	-265.9
15:54:34.209	-260.2
15:54:34.221	-257.2
15:54:34.234	-253.1
15:54:34.242	-248.8
15:54:34.254	-245.8
15:54:34.266	-242.6
15:54:34.279	-239.8
15:54:34.287	-235.5
15:54:34.299	-232.3
15:54:34.311	-229.7
15:54:34.320	-227.0
15:54:34.332	-223.1
15:54:34.344	-220.4
15:54:34.352	-217.8
15:54:34.365	-212.0
15:54:34.377	-209.0
15:54:34.385	-207.6
15:54:34.397	-207.5
15:54:34.410	-207.8
15:54:34.418	-204.8
15:54:34.430	-203.3
15:54:34.442	-200.1
15:54:34.455	-198.6
15:54:34.463	-196.9
15:54:34.475	-196.8
15:54:34.488	-194.0
15:54:34.496	-188.9
15:54:34.508	-186.2
15:54:34.520	-181.7
15:54:34.533	-180.9
15:54:34.541	-178.4
15:54:34.553	-177.6
15:54:34.565	-175.8
15:54:34.574	-174.8
15:54:34.586	-172.5
15:54:34.598	-170.9
15:54:34.606	-169.7
15:54:34.619	-166.0
15:54:34.631	-164.9
15:54:34.639	-161.6
15:54:34.652	-161.1
15:54:34.664	-158.2
15:54:34.672	-156.7
15:54:34.684	-152.1
15:54:34.697	-150.3
15:54:34.709	-146.5
15:54:34.717	-146.0
15:54:34.729	-145.6
15:54:34.741	-143.7
15:54:34.749	-142.1
15:54:34.761	-139.4
15:54:34.774	-136.3
15:54:34.786	-135.0
15:54:34.794	-134.5
15:54:34.806	-133.0
15:54:34.819	-133.6
15:54:34.827	-131.9
15:54:34.839	-130.4
15:54:34.851	-128.8
15:54:34.864	-129.7
15:54:34.872	-127.4
15:54:34.884	-127.1
15:54:34.896	-124.1
15:54:34.905	-123.3
15:54:34.917	-121.4
15:54:34.929	-121.6
15:54:34.937	-120.5
15:54:34.951	-117.8
15:54:34.963	-118.0
15:54:34.971	-114.9
15:54:34.983	-114.0
15:54:34.996	-112.8
15:54:35.008	-112.2
15:54:35.016	-110.3
15:54:35.028	-109.9
15:54:35.041	-108.8
15:54:35.049	-109.0
15:54:35.061	-108.3
15:54:35.073	-106.7
15:54:35.082	-106.7
15:54:35.094	-104.9
15:54:35.106	-103.2
15:54:35.114	-101.6
15:54:35.127	-100.1
15:54:35.139	-99.0
15:54:35.151	-97.9
15:54:35.159	-96.0
15:54:35.172	-95.7
15:54:35.184	-95.6
15:54:35.192	-93.0
15:54:35.204	-91.7
15:54:35.217	-90.9
15:54:35.225	-88.2
15:54:35.237	-86.9
15:54:35.250	-86.6
15:54:35.262	-84.5
15:54:35.270	-82.4
15:54:35.282	-83.4
15:54:35.294	-81.5
15:54:35.303	-79.7
15:54:35.315	-80.5
15:54:35.327	-79.2
15:54:35.336	-79.8
15:54:35.347	-78.5
15:54:35.359	-75.5
15:54:35.367	-74.5
15:54:35.380	-73.4
15:54:35.392	-69.7
15:54:35.400	-66.8
15:54:35.413	-64.4
15:54:35.425	-59.6
15:54:35.437	-56.2
15:54:35.445	-52.2
15:54:35.458	-48.9
15:54:35.470	-45.2
15:54:35.478	-39.8
15:54:35.490	-33.6
15:54:35.503	-28.9
15:54:35.515	-24.7
15:54:35.523	-21.1
15:54:35.535	-17.0
15:54:35.548	-12.9
15:54:35.556	-9.3
15:54:35.568	-6.0
15:54:35.580	-1.7
15:54:35.589	-1.1
15:54:35.601	0.4
15:54:35.613	3.9
15:54:35.621	7.3
15:54:35.634	10.0
15:54:35.646	11.9
15:54:35.654	13.4
15:54:35.666	15.8
15:54:35.679	15.8
15:54:35.691	13.9
15:54:35.699	15.9
15:54:35.711	16.5
15:54:35.724	16.4
15:54:35.732	15.1
15:54:35.744	15.2
15:54:35.757	15.4
15:54:35.765	13.9
15:54:35.777	15.3
15:54:35.789	16.0
15:54:35.802	18.4
15:54:35.810	22.1
15:54:35.822	26.0
15:54:35.834	29.5
15:54:35.843	36.5
15:54:35.855	41.4
15:54:35.867	46.5
15:54:35.875	53.7
15:54:35.888	58.5
15:54:35.900	71.5
15:54:35.908	82.8
15:54:35.920	92.5
15:54:35.933	101.0
15:54:35.945	112.3
15:54:35.953	117.4
15:54:35.966	125.3
15:54:35.978	132.2
15:54:35.986	139.8
15:54:35.998	146.9
15:54:36.011	149.0
15:54:36.019	153.1
15:54:36.031	158.6
15:54:36.043	163.0
15:54:36.052	163.2
15:54:36.064	168.8
15:54:36.076	173.9
15:54:36.084	178.9
15:54:36.097	185.2
15:54:36.109	190.3
15:54:36.121	197.5
15:54:36.129	203.9
15:54:36.142	209.0
15:54:36.154	215.0
15:54:36.162	223.0
15:54:36.174	228.3
15:54:36.187	231.9
15:54:36.199	234.9
15:54:36.207	235.7
15:54:36.219	238.2
15:54:36.232	241.3
15:54:36.240	243.7
15:54:36.252	256.9
15:54:36.264	274.8
15:54:36.273	289.9
15:54:36.285	305.7
15:54:36.297	319.9
15:54:36.305	337.5
15:54:36.318	354.9
15:54:36.330	372.5
15:54:36.338	385.7
15:54:36.350	397.9
15:54:36.363	402.2
15:54:36.375	396.4
15:54:36.383	396.7
15:54:36.396	393.7
15:54:36.408	392.5
15:54:36.416	390.2
15:54:36.428	386.1
15:54:36.441	381.0
15:54:36.453	376.7
15:54:36.461	374.8
15:54:36.473	365.5
15:54:36.486	365.1
15:54:36.494	357.2
15:54:36.506	354.0
15:54:36.518	351.7
15:54:36.527	345.6
15:54:36.539	341.7
15:54:36.551	335.3
15:54:36.559	330.6
15:54:36.572	322.6
15:54:36.584	320.8
15:54:36.592	316.0
15:54:36.604	313.8
15:54:36.617	310.4
15:54:36.629	305.5
15:54:36.637	303.6
15:54:36.649	299.9
15:54:36.662	300.0
15:54:36.670	297.4
15:54:36.682	297.2
15:54:36.694	294.2
15:54:36.703	293.5
15:54:36.715	291.9
15:54:36.727	289.0
15:54:36.736	288.1
15:54:36.748	288.1
15:54:36.760	286.8
15:54:36.773	286.6
15:54:36.785	288.0
15:54:36.793	287.1
15:54:36.805	289.6
15:54:36.817	290.1
15:54:36.826	292.7
15:54:36.838	301.0
15:54:36.850	315.7
15:54:36.858	333.7
15:54:36.871	351.2
15:54:36.883	365.9
15:54:36.891	380.5
15:54:36.904	397.8
15:54:36.916	411.0
15:54:36.928	423.2
15:54:36.936	432.7
15:54:36.949	438.0
15:54:36.961	436.2
15:54:36.969	429.8
15:54:36.981	424.6
15:54:36.994	418.8
15:54:37.002	413.0
15:54:37.014	404.1
15:54:37.026	397.6
15:54:37.035	392.4
15:54:37.047	390.1
15:54:37.059	384.1
15:54:37.071	376.9
15:54:37.080	370.7
15:54:37.092	365.2
15:54:37.104	359.9
15:54:37.112	355.9
15:54:37.125	353.9
15:54:37.137	349.2
15:54:37.145	343.3
15:54:37.157	335.5
15:54:37.170	332.2
15:54:37.182	328.9
15:54:37.190	323.9
15:54:37.202	329.0
15:54:37.215	350.0
15:54:37.223	382.5
15:54:37.235	412.9
15:54:37.247	441.3
15:54:37.256	470.4
15:54:37.268	499.0
15:54:37.280	521.5
15:54:37.289	542.9
15:54:37.301	565.5
15:54:37.313	576.8
15:54:37.321	575.3
15:54:37.334	558.1
15:54:37.346	543.7
15:54:37.358	532.3
15:54:37.366	517.9
15:54:37.379	504.3
15:54:37.391	494.3
15:54:37.399	485.4
15:54:37.411	477.2
15:54:37.424	470.4
15:54:37.436	460.4
15:54:37.444	451.3
15:54:37.456	440.0
15:54:37.469	428.8
15:54:37.477	420.7
15:54:37.489	411.1
15:54:37.501	405.7
15:54:37.510	398.2
15:54:37.522	391.0
15:54:37.534	381.4
15:54:37.542	372.0
15:54:37.555	366.1
15:54:37.567	356.9
15:54:37.575	348.8
15:54:37.587	339.7
15:54:37.600	329.1
15:54:37.612	317.5
15:54:37.620	306.9
15:54:37.632	293.9
15:54:37.645	286.4
15:54:37.653	277.4
15:54:37.665	267.1
15:54:37.677	256.7
15:54:37.686	239.5
15:54:37.698	220.0
15:54:37.710	203.9
15:54:37.723	184.4
15:54:37.731	163.7
15:54:37.743	146.0
15:54:37.755	125.0
15:54:37.764	104.7
15:54:37.776	85.0
15:54:37.788	70.3
15:54:37.796	59.9
15:54:37.809	50.4
15:54:37.821	43.7
15:54:37.829	40.6
15:54:37.841	41.6
15:54:37.854	39.7
15:54:37.866	37.2
15:54:37.874	35.6
15:54:37.886	31.9
15:54:37.899	28.5
15:54:37.907	25.3
15:54:37.919	22.6
15:54:37.931	19.0
15:54:37.940	12.1
15:54:37.952	-17.5
15:54:37.964	-46.8
15:54:37.972	-73.6
15:54:37.985	-99.3
15:54:37.997	-124.3
15:54:38.005	-149.1
15:54:38.017	-173.0
15:54:38.030	-196.4
15:54:38.042	-228.1
15:54:38.050	-263.0
15:54:38.062	-275.6
15:54:38.075	-289.5
15:54:38.083	-302.7
15:54:38.095	-315.5
15:54:38.108	-332.9
15:54:38.120	-347.6
15:54:38.128	-361.4
15:54:38.140	-375.8
15:54:38.153	-385.7
15:54:38.161	-394.1
15:54:38.173	-406.4
15:54:38.185	-416.9
15:54:38.194	-428.9
15:54:38.206	-444.5
15:54:38.218	-457.0
15:54:38.226	-474.3
15:54:38.239	-491.0
15:54:38.251	-508.0
15:54:38.259	-521.5
15:54:38.271	-531.7
15:54:38.284	-538.4
15:54:38.296	-544.3
15:54:38.304	-549.2
15:54:38.316	-554.3
15:54:38.329	-556.1
15:54:38.337	-555.3
15:54:38.349	-555.0
15:54:38.362	-552.6
15:54:38.374	-550.4
15:54:38.382	-549.8
15:54:38.394	-547.2
15:54:38.407	-543.8
15:54:38.415	-542.0
15:54:38.427	-539.6
15:54:38.439	-535.2
15:54:38.447	-532.9
15:54:38.460	-529.5
15:54:38.472	-526.7
15:54:38.480	-521.4
15:54:38.493	-517.4
15:54:38.505	-514.6
15:54:38.513	-511.2
15:54:38.525	-508.7
15:54:38.538	-502.5
15:54:38.550	-498.4
15:54:38.558	-494.8
15:54:38.570	-490.1
15:54:38.583	-485.2
15:54:38.591	-484.2
15:54:38.603	-479.7
15:54:38.615	-474.5
15:54:38.624	-471.6
15:54:38.636	-467.4
15:54:38.648	-463.3
15:54:38.656	-459.2
15:54:38.669	-454.5
15:54:38.681	-448.8
15:54:38.693	-443.6
15:54:38.705	-437.5
15:54:38.714	-434.8
15:54:38.726	-431.5
15:54:38.738	-425.7
15:54:38.746	-418.3
15:54:38.759	-414.7
15:54:38.771	-410.0
15:54:38.779	-406.0
15:54:38.792	-402.6
15:54:38.804	-398.6
15:54:38.812	-395.2
15:54:38.824	-387.3
15:54:38.837	-381.7
15:54:38.849	-378.2
15:54:38.857	-375.7
15:54:38.869	-370.2
15:54:38.882	-366.8
15:54:38.890	-362.1
15:54:38.902	-358.4
15:54:38.914	-355.7
15:54:38.922	-349.9
15:54:38.935	-349.4
15:54:38.947	-346.3
15:54:38.955	-344.4
15:54:38.968	-340.0
15:54:38.980	-337.3
15:54:38.993	-334.8
15:54:39.000	-328.2
15:54:39.013	-325.2
15:54:39.025	-320.4
15:54:39.033	-319.2
15:54:39.045	-314.0
15:54:39.058	-311.5
15:54:39.066	-307.6
15:54:39.078	-305.5
15:54:39.091	-302.9
15:54:39.103	-297.3
15:54:39.111	-296.9
15:54:39.123	-293.8
15:54:39.136	-291.3
15:54:39.144	-287.9
15:54:39.156	-285.2
15:54:39.168	-280.5
15:54:39.177	-277.6
15:54:39.189	-275.6
15:54:39.201	-272.6
15:54:39.209	-271.2
15:54:39.222	-268.2
15:54:39.234	-264.5
15:54:39.242	-261.8
15:54:39.254	-260.5
15:54:39.267	-257.7
15:54:39.279	-257.7
15:54:39.287	-253.6
15:54:39.299	-249.6
15:54:39.312	-247.1
15:54:39.320	-243.3
15:54:39.332	-239.9
15:54:39.344	-238.3
15:54:39.357	-236.3
15:54:39.365	-233.0
15:54:39.377	-229.9
15:54:39.389	-224.0
15:54:39.398	-221.7
15:54:39.410	-220.7
15:54:39.422	-219.4
15:54:39.430	-218.2
15:54:39.443	-215.7
15:54:39.455	-212.9
15:54:39.463	-209.7
15:54:39.476	-207.6
15:54:39.488	-208.2
15:54:39.496	-205.9
15:54:39.508	-204.5
15:54:39.520	-201.5
15:54:39.533	-198.4
15:54:39.541	-196.2
15:54:39.553	-194.7
15:54:39.565	-192.2
15:54:39.574	-188.8
15:54:39.586	-184.0
15:54:39.598	-179.4
15:54:39.606	-179.8
15:54:39.619	-177.5
15:54:39.631	-173.7
15:54:39.643	-169.1
15:54:39.652	-165.8
15:54:39.664	-162.9
15:54:39.676	-161.7
15:54:39.684	-160.2
15:54:39.697	-159.1
15:54:39.709	-156.2
15:54:39.717	-153.0
15:54:39.729	-152.1
15:54:39.742	-148.5
15:54:39.750	-147.4
15:54:39.762	-146.1
15:54:39.775	-145.0
15:54:39.787	-143.4
15:54:39.795	-142.2
15:54:39.807	-141.7
15:54:39.820	-140.7
15:54:39.828	-138.4
15:54:39.840	-135.3
15:54:39.852	-136.0
15:54:39.861	-134.2
15:54:39.873	-132.7
15:54:39.885	-130.5
15:54:39.893	-127.9
15:54:39.906	-127.8
15:54:39.918	-125.0
15:54:39.926	-122.2
15:54:39.938	-121.5
15:54:39.951	-119.5
15:54:39.963	-116.2
15:54:39.971	-114.1
15:54:39.983	-111.7
15:54:39.996	-109.7
15:54:40.004	-108.6
15:54:40.016	-103.9
15:54:40.028	-99.7
15:54:40.041	-96.9
15:54:40.049	-93.6
15:54:40.061	-91.7
15:54:40.073	-91.5
15:54:40.082	-90.5
15:54:40.094	-88.4
15:54:40.106	-85.9
15:54:40.114	-82.8
15:54:40.127	-80.1
15:54:40.139	-80.3
15:54:40.147	-80.6
15:54:40.159	-78.8
15:54:40.172	-76.3
15:54:40.180	-75.0
15:54:40.192	-73.0
15:54:40.205	-72.2
15:54:40.217	-71.2
15:54:40.225	-67.7
15:54:40.237	-68.2
15:54:40.250	-65.0
15:54:40.258	-63.0
15:54:40.270	-60.4
15:54:40.282	-57.5
15:54:40.295	-53.6
15:54:40.303	-50.4
15:54:40.315	-46.8
15:54:40.327	-45.4
15:54:40.336	-46.5
15:54:40.348	-42.7
15:54:40.360	-42.7
15:54:40.368	-39.2
15:54:40.381	-37.1
15:54:40.393	-36.0
15:54:40.401	-33.0
15:54:40.413	-33.0
15:54:40.426	-30.3
15:54:40.434	-26.7
15:54:40.446	-22.4
15:54:40.458	-20.9
15:54:40.471	-15.9
15:54:40.479	-12.4
15:54:40.491	-10.7
15:54:40.503	-6.4
15:54:40.512	-3.5
15:54:40.524	2.5
15:54:40.536	5.7
15:54:40.544	11.7
15:54:40.557	13.1
15:54:40.569	15.7
15:54:40.577	16.3
15:54:40.589	19.3
15:54:40.602	25.4
15:54:40.614	30.4
15:54:40.622	33.7
15:54:40.634	36.2
15:54:40.648	39.7
15:54:40.655	41.1
15:54:40.668	46.7
15:54:40.681	51.0
15:54:40.689	55.5
15:54:40.701	59.4
15:54:40.713	62.3
15:54:40.726	62.8
15:54:40.734	65.1
15:54:40.746	70.0
15:54:40.759	74.2
15:54:40.766	78.7
15:54:40.778	84.4
15:54:40.790	89.7
15:54:40.798	95.4
15:54:40.811	99.8
15:54:40.823	102.6
15:54:40.835	107.3
15:54:40.844	112.7
15:54:40.856	116.1
15:54:40.868	118.2
15:54:40.876	120.3
15:54:40.889	121.5
15:54:40.901	121.2
15:54:40.913	121.5
15:54:40.921	120.4
15:54:40.934	121.6
15:54:40.946	123.5
15:54:40.954	124.8
15:54:40.966	132.1
15:54:40.979	143.8
15:54:40.987	154.5
15:54:40.999	164.7
15:54:41.011	180.7
15:54:41.024	201.3
15:54:41.032	223.8
15:54:41.044	244.2
15:54:41.056	266.1
15:54:41.065	288.4
15:54:41.077	304.4
15:54:41.089	319.9
15:54:41.097	334.9
15:54:41.110	351.1
15:54:41.122	362.2
15:54:41.130	367.8
15:54:41.142	373.9
15:54:41.155	377.3
15:54:41.163	380.3
15:54:41.175	381.1
15:54:41.188	383.7
15:54:41.200	385.8
15:54:41.208	389.4
15:54:41.220	391.6
15:54:41.233	394.8
15:54:41.241	398.7
15:54:41.253	400.6
15:54:41.265	408.1
15:54:41.278	411.0
15:54:41.286	416.8
15:54:41.298	423.1
15:54:41.310	425.9
15:54:41.319	430.5
15:54:41.331	433.0
15:54:41.343	438.2
15:54:41.351	441.5
15:54:41.364	446.0
15:54:41.376	447.6
15:54:41.384	452.5
15:54:41.396	452.8
15:54:41.409	451.4
15:54:41.417	452.7
15:54:41.429	448.7
15:54:41.441	452.4
15:54:41.454	450.4
15:54:41.462	450.0
15:54:41.474	447.6
15:54:41.486	443.6
15:54:41.495	439.8
15:54:41.507	438.7
15:54:41.519	437.2
15:54:41.528	431.4
15:54:41.540	432.3
15:54:41.552	423.0
15:54:41.565	419.2
15:54:41.572	414.3
15:54:41.585	412.7
15:54:41.597	408.7
15:54:41.605	403.0
15:54:41.617	397.7
15:54:41.630	394.7
15:54:41.638	390.0
15:54:41.650	382.1
15:54:41.663	380.6
15:54:41.671	375.4
15:54:41.683	372.5
15:54:41.696	365.1
15:54:41.708	363.2
15:54:41.716	359.1
15:54:41.728	357.0
15:54:41.740	350.5
15:54:41.749	347.6
15:54:41.761	347.6
15:54:41.773	345.2
15:54:41.781	342.6
15:54:41.794	336.0
15:54:41.806	331.7
15:54:41.814	327.7
15:54:41.826	326.7
15:54:41.839	323.9
15:54:41.847	321.4
15:54:41.859	317.7
15:54:41.872	311.8
15:54:41.884	306.7
15:54:41.892	305.2
15:54:41.904	302.8
15:54:41.917	303.0
15:54:41.925	299.1
15:54:41.937	294.9
15:54:41.949	290.4
15:54:41.962	289.9
15:54:41.970	287.2
15:54:41.982	286.5
15:54:41.994	283.3
15:54:42.003	277.4
15:54:42.015	274.9
15:54:42.027	269.2
15:54:42.035	267.6
15:54:42.048	266.0
15:54:42.060	263.1
15:54:42.068	254.8
15:54:42.080	254.9
15:54:42.093	250.5
15:54:42.101	249.1
15:54:42.113	248.0
15:54:42.125	246.4
15:54:42.138	244.2
15:54:42.146	238.9
15:54:42.158	234.6
15:54:42.170	229.3
15:54:42.179	228.3
15:54:42.191	222.8
15:54:42.203	215.8
15:54:42.216	207.9
15:54:42.224	200.1
15:54:42.236	193.0
15:54:42.248	184.7
15:54:42.256	178.0
15:54:42.269	170.5
15:54:42.281	164.6
15:54:42.289	156.4
15:54:42.301	148.4
15:54:42.314	142.1
15:54:42.322	133.6
15:54:42.334	126.2
15:54:42.347	116.7
15:54:42.355	109.2
15:54:42.367	97.9
15:54:42.379	86.1
15:54:42.392	73.0
15:54:42.400	61.0
15:54:42.412	47.2
15:54:42.424	32.9
15:54:42.433	20.5
15:54:42.445	7.2
15:54:42.457	-5.9
15:54:42.465	-18.7
15:54:42.478	-30.4
15:54:42.490	-56.4
15:54:42.498	-78.9
15:54:42.510	-104.7
15:54:42.523	-127.8
15:54:42.535	-149.1
15:54:42.543	-170.9
15:54:42.555	-193.4
15:54:42.568	-215.6
15:54:42.576	-237.4
15:54:42.589	-256.5
15:54:42.601	-259.8
15:54:42.614	-264.5
15:54:42.622	-266.9
15:54:42.634	-272.4
15:54:42.646	-278.7
15:54:42.655	-287.7
15:54:42.667	-296.1
15:54:42.679	-303.9
15:54:42.691	-313.5
15:54:42.700	-323.7
15:54:42.712	-332.3
15:54:42.724	-341.7
15:54:42.732	-349.5
15:54:42.745	-354.6
15:54:42.757	-360.3
15:54:42.765	-361.6
15:54:42.777	-362.4
15:54:42.790	-362.6
15:54:42.798	-360.9
15:54:42.810	-357.5
15:54:42.823	-356.5
15:54:42.835	-356.6
15:54:42.843	-356.9
15:54:42.855	-358.0
15:54:42.868	-354.9
15:54:42.876	-352.9
15:54:42.888	-351.8
15:54:42.900	-350.1
15:54:42.909	-348.1
15:54:42.921	-345.0
15:54:42.933	-343.6
15:54:42.945	-340.1
15:54:42.954	-336.2
15:54:42.966	-332.0
15:54:42.978	-329.6
15:54:42.986	-327.8
15:54:42.999	-322.5
15:54:43.011	-318.5
15:54:43.019	-313.5
15:54:43.031	-311.2
15:54:43.044	-305.6
15:54:43.052	-300.1
15:54:43.064	-296.5
15:54:43.076	-289.6
15:54:43.085	-283.3
15:54:43.097	-276.2
15:54:43.109	-272.6
15:54:43.121	-266.8
15:54:43.130	-263.3
15:54:43.142	-257.3
15:54:43.154	-254.0
15:54:43.162	-249.7
15:54:43.175	-243.8
15:54:43.187	-242.1
15:54:43.199	-240.8
15:54:43.207	-237.8
15:54:43.220	-233.4
15:54:43.232	-230.8
15:54:43.240	-227.8
15:54:43.252	-226.1
15:54:43.265	-223.4
15:54:43.273	-221.7
15:54:43.285	-221.0
15:54:43.298	-217.5
15:54:43.306	-215.0
15:54:43.318	-211.1
15:54:43.330	-209.3
15:54:43.338	-207.3
15:54:43.351	-204.3
15:54:43.363	-202.2
15:54:43.375	-200.5
15:54:43.384	-198.6
15:54:43.396	-195.8
15:54:43.408	-194.1
15:54:43.416	-193.1
15:54:43.429	-193.3
15:54:43.441	-192.5
15:54:43.449	-191.5
15:54:43.461	-188.5
15:54:43.474	-185.8
15:54:43.486	-180.4
15:54:43.494	-179.2
15:54:43.506	-177.6
15:54:43.519	-176.3
15:54:43.527	-173.0
15:54:43.539	-171.9
15:54:43.551	-168.9
15:54:43.560	-165.9
15:54:43.572	-164.7
15:54:43.584	-162.5
15:54:43.592	-163.5
15:54:43.605	-159.4
15:54:43.617	-156.4
15:54:43.629	-155.8
15:54:43.637	-154.4
15:54:43.650	-152.5
15:54:43.662	-149.7
15:54:43.670	-148.3
15:54:43.682	-147.6
15:54:43.695	-147.1
15:54:43.703	-146.3
15:54:43.715	-146.4
15:54:43.728	-146.1
15:54:43.736	-143.1
15:54:43.748	-142.5
15:54:43.761	-140.0
15:54:43.769	-140.8
15:54:43.781	-139.4
15:54:43.793	-137.8
15:54:43.805	-136.8
15:54:43.813	-134.6
15:54:43.825	-131.2
15:54:43.838	-129.8
15:54:43.846	-128.4
15:54:43.858	-127.4
15:54:43.870	-126.8
15:54:43.883	-123.5
15:54:43.891	-121.6
15:54:43.903	-122.4
15:54:43.915	-119.6
15:54:43.924	-118.6
15:54:43.936	-118.0
15:54:43.948	-116.9
15:54:43.956	-116.2
15:54:43.969	-114.1
15:54:43.981	-112.2
15:54:43.989	-112.1
15:54:44.001	-110.5
15:54:44.014	-106.1
15:54:44.022	-106.6
15:54:44.034	-105.0
15:54:44.046	-105.6
15:54:44.059	-104.2
15:54:44.067	-102.3
15:54:44.079	-101.2
15:54:44.091	-100.7
15:54:44.100	-98.9
15:54:44.112	-98.7
15:54:44.124	-99.2
15:54:44.136	-98.3
15:54:44.145	-98.1
15:54:44.157	-95.7
15:54:44.169	-95.6
15:54:44.177	-95.6
15:54:44.190	-94.5
15:54:44.202	-92.5
15:54:44.210	-92.6
15:54:44.222	-91.2
15:54:44.235	-90.0
15:54:44.243	-87.7
15:54:44.255	-87.1
15:54:44.268	-85.9
15:54:44.276	-84.3
15:54:44.288	-82.7
15:54:44.300	-81.1
15:54:44.313	-81.6
15:54:44.321	-81.0
15:54:44.333	-80.8
15:54:44.345	-79.2
15:54:44.354	-79.3
15:54:44.366	-76.8
15:54:44.378	-77.9
15:54:44.386	-77.0
15:54:44.399	-76.7
15:54:44.411	-75.8
15:54:44.420	-72.8
15:54:44.431	-72.2
15:54:44.444	-71.6
15:54:44.456	-71.0
15:54:44.464	-70.0
15:54:44.476	-70.3
15:54:44.489	-66.9
15:54:44.497	-64.1
15:54:44.509	-62.1
15:54:44.521	-60.7
15:54:44.530	-61.0
15:54:44.542	-57.0
15:54:44.554	-53.9
15:54:44.567	-51.3
15:54:44.575	-47.3
15:54:44.587	-42.8
15:54:44.599	-42.0
15:54:44.607	-40.8
15:54:44.620	-37.3
15:54:44.632	-33.9
15:54:44.640	-30.8
15:54:44.653	-29.6
15:54:44.665	-26.2
15:54:44.673	-26.6
15:54:44.685	-25.3
15:54:44.698	-24.0
15:54:44.706	-20.0
15:54:44.718	-16.5
15:54:44.730	-15.6
15:54:44.743	-14.2
15:54:44.751	-13.1
15:54:44.763	-8.9
15:54:44.776	-8.0
15:54:44.784	-4.6
15:54:44.796	-3.4
15:54:44.808	-2.6
15:54:44.821	0.0
15:54:44.829	1.7
15:54:44.841	4.4
15:54:44.853	6.4
15:54:44.862	9.2
15:54:44.874	9.0
15:54:44.886	8.3
15:54:44.898	10.6
15:54:44.907	12.6
15:54:44.919	14.7
15:54:44.931	15.4
15:54:44.939	15.7
15:54:44.952	16.5
15:54:44.964	17.5
15:54:44.972	20.4
15:54:44.985	24.2
15:54:44.997	29.4
15:54:45.005	34.8
15:54:45.017	38.8
15:54:45.030	43.2
15:54:45.042	45.7
15:54:45.050	50.3
15:54:45.063	55.4
15:54:45.075	58.6
15:54:45.083	59.4
15:54:45.095	60.1
15:54:45.108	61.0
15:54:45.120	61.1
15:54:45.128	66.1
15:54:45.140	79.5
15:54:45.153	92.7
15:54:45.161	102.8
15:54:45.173	111.9
15:54:45.185	122.1
15:54:45.194	134.2
15:54:45.206	144.5
15:54:45.218	156.2
15:54:45.226	165.6
15:54:45.239	171.1
15:54:45.251	166.0
15:54:45.259	162.1
15:54:45.271	161.2
15:54:45.284	159.8
15:54:45.296	159.2
15:54:45.304	157.2
15:54:45.316	155.5
15:54:45.329	153.0
15:54:45.337	151.3
15:54:45.349	151.6
15:54:45.361	153.4
15:54:45.370	152.0
15:54:45.382	150.2
15:54:45.394	149.2
15:54:45.406	145.7
15:54:45.415	143.6
15:54:45.427	142.6
15:54:45.439	140.8
15:54:45.447	139.3
15:54:45.460	138.3
15:54:45.472	135.5
15:54:45.480	133.9
15:54:45.493	135.1
15:54:45.505	133.2
15:54:45.513	132.0
15:54:45.526	132.0
15:54:45.538	130.9
15:54:45.550	129.9
15:54:45.558	131.3
15:54:45.571	129.9
15:54:45.583	130.3
15:54:45.591	133.0
15:54:45.603	133.6
15:54:45.616	138.1
15:54:45.624	145.2
15:54:45.636	149.3
15:54:45.648	155.7
15:54:45.657	160.9
15:54:45.669	165.4
15:54:45.681	170.4
15:54:45.689	174.8
15:54:45.702	180.4
15:54:45.714	182.7
15:54:45.726	184.2
15:54:45.734	183.7
15:54:45.747	184.8
15:54:45.759	184.3
15:54:45.767	184.6
15:54:45.779	184.1
15:54:45.792	183.8
15:54:45.804	184.5
15:54:45.812	182.2
15:54:45.824	181.5
15:54:45.837	181.6
15:54:45.845	181.8
15:54:45.857	182.3
15:54:45.869	181.3
15:54:45.878	184.1
15:54:45.890	184.9
15:54:45.902	185.1
15:54:45.910	182.3
15:54:45.923	184.8
15:54:45.935	184.3
15:54:45.943	184.7
15:54:45.955	187.8
15:54:45.968	187.5
15:54:45.980	189.9
15:54:45.988	189.0
15:54:46.000	189.6
15:54:46.013	190.7
15:54:46.021	197.3
15:54:46.033	195.6
15:54:46.046	198.5
15:54:46.058	199.7
15:54:46.066	198.5
15:54:46.078	202.0
15:54:46.091	210.3
15:54:46.099	223.0
15:54:46.111	235.4
15:54:46.123	247.2
15:54:46.132	259.0
15:54:46.144	275.0
15:54:46.156	289.5
15:54:46.164	303.0
15:54:46.177	319.5
15:54:46.189	331.0
15:54:46.197	338.2
15:54:46.209	341.9
15:54:46.222	343.3
15:54:46.234	345.3
15:54:46.242	344.8
15:54:46.254	345.6
15:54:46.267	344.9
15:54:46.275	344.7
15:54:46.287	342.2
15:54:46.299	340.5
15:54:46.308	337.1
15:54:46.320	334.5
15:54:46.332	331.9
15:54:46.340	329.4
15:54:46.353	326.3
15:54:46.365	319.6
15:54:46.377	313.8
15:54:46.385	310.2
15:54:46.398	305.7
15:54:46.410	298.5
15:54:46.418	293.8
15:54:46.430	288.2
15:54:46.443	283.4
15:54:46.451	275.6
15:54:46.463	266.2
15:54:46.476	259.6
15:54:46.488	255.0
15:54:46.496	245.9
15:54:46.508	239.1
15:54:46.521	235.9
15:54:46.533	229.6
15:54:46.541	220.7
15:54:46.553	211.8
15:54:46.565	208.0
15:54:46.574	205.0
15:54:46.586	201.7
15:54:46.598	197.5
15:54:46.607	192.0
15:54:46.619	187.1
15:54:46.631	180.6
15:54:46.639	174.9
15:54:46.652	169.4
15:54:46.664	166.9
15:54:46.676	162.3
15:54:46.684	155.4
15:54:46.697	148.9
15:54:46.709	142.1
15:54:46.717	138.1
15:54:46.729	131.6
15:54:46.742	130.6
15:54:46.750	126.8
15:54:46.762	123.9
15:54:46.774	119.9
15:54:46.787	113.7
15:54:46.795	111.5
15:54:46.807	107.4
15:54:46.819	104.6
15:54:46.828	102.0
15:54:46.840	98.8
15:54:46.852	95.3
15:54:46.860	91.9
15:54:46.873	88.7
15:54:46.885	86.4
15:54:46.893	84.0
15:54:46.905	80.6
15:54:46.918	77.4
15:54:46.926	72.5
15:54:46.938	68.7
15:54:46.950	65.0
15:54:46.963	57.9
15:54:46.971	54.0
15:54:46.983	49.4
15:54:46.995	43.5
15:54:47.004	38.5
15:54:47.016	34.4
15:54:47.028	32.7
15:54:47.040	30.2
15:54:47.049	28.0
15:54:47.061	27.5
15:54:47.073	25.7
15:54:47.082	23.7
15:54:47.094	20.6
15:54:47.106	19.0
15:54:47.114	17.8
15:54:47.127	16.5
15:54:47.139	14.0
15:54:47.147	11.0
15:54:47.159	7.2
15:54:47.172	3.3
15:54:47.180	1.1
15:54:47.192	-1.5
15:54:47.204	-2.6
15:54:47.217	-5.2
15:54:47.225	-9.8
15:54:47.237	-15.6
15:54:47.249	-21.0
15:54:47.258	-21.1
15:54:47.270	-23.4
15:54:47.282	-26.7
15:54:47.290	-29.4
15:54:47.303	-40.9
15:54:47.315	-62.6
15:54:47.327	-84.7
15:54:47.335	-100.3
15:54:47.348	-115.1
15:54:47.360	-130.2
15:54:47.368	-148.0
15:54:47.380	-165.2
15:54:47.393	-183.1
15:54:47.401	-200.1
15:54:47.413	-209.9
15:54:47.426	-207.9
15:54:47.434	-204.4
15:54:47.446	-206.3
15:54:47.459	-208.8
15:54:47.471	-213.6
15:54:47.479	-218.5
15:54:47.491	-221.5
15:54:47.504	-225.4
15:54:47.512	-230.5
15:54:47.524	-234.4
15:54:47.536	-237.9
15:54:47.545	-244.4
15:54:47.557	-249.7
15:54:47.569	-256.0
15:54:47.577	-257.6
15:54:47.590	-262.1
15:54:47.602	-267.7
15:54:47.610	-269.5
15:54:47.622	-271.8
15:54:47.635	-274.0
15:54:47.647	-278.1
15:54:47.655	-278.4
15:54:47.667	-278.5
15:54:47.680	-275.4
15:54:47.688	-276.1
15:54:47.700	-272.5
15:54:47.712	-270.0
15:54:47.725	-267.1
15:54:47.733	-264.6
15:54:47.745	-260.9
15:54:47.757	-255.4
15:54:47.766	-252.9
15:54:47.778	-249.5
15:54:47.790	-246.1
15:54:47.798	-240.4
15:54:47.811	-236.6
15:54:47.823	-232.6
15:54:47.831	-229.3
15:54:47.843	-225.8
15:54:47.856	-222.6
15:54:47.864	-219.4
15:54:47.876	-215.7
15:54:47.888	-212.7
15:54:47.901	-211.4
15:54:47.909	-210.8
15:54:47.921	-207.9
15:54:47.934	-204.4
15:54:47.942	-203.3
15:54:47.954	-199.7
15:54:47.966	-198.0
15:54:47.979	-193.9
15:54:47.987	-191.1
15:54:47.999	-187.0
15:54:48.011	-183.8
15:54:48.020	-180.2
15:54:48.032	-179.2
15:54:48.044	-177.1
15:54:48.052	-171.5
15:54:48.065	-169.5
15:54:48.077	-165.6
15:54:48.085	-165.0
15:54:48.097	-162.2
15:54:48.110	-160.1
15:54:48.118	-155.1
15:54:48.130	-151.8
15:54:48.142	-148.0
15:54:48.155	-145.8
15:54:48.163	-143.0
15:54:48.175	-140.0
15:54:48.187	-137.1
15:54:48.196	-133.3
15:54:48.208	-130.8
15:54:48.220	-126.6
15:54:48.228	-126.4
15:54:48.241	-124.8
15:54:48.253	-123.9
15:54:48.261	-117.7
15:54:48.274	-116.1
15:54:48.286	-111.9
15:54:48.298	-110.2
15:54:48.307	-107.4
15:54:48.319	-104.1
15:54:48.331	-104.8
15:54:48.339	-103.3
15:54:48.352	-99.2
15:54:48.364	-95.3
15:54:48.372	-95.0
15:54:48.385	-94.3
15:54:48.397	-95.7
15:54:48.409	-93.9
15:54:48.417	-93.5
15:54:48.430	-93.4
15:54:48.442	-91.2
15:54:48.450	-89.2
15:54:48.462	-89.3
15:54:48.475	-87.7
15:54:48.483	-87.1
15:54:48.495	-85.0
15:54:48.507	-83.9
15:54:48.516	-81.0
15:54:48.528	-78.9
15:54:48.540	-75.9
15:54:48.548	-73.1
15:54:48.560	-68.9
15:54:48.572	-65.8
15:54:48.584	-64.3
15:54:48.593	-59.9
15:54:48.605	-56.2
15:54:48.617	-50.2
15:54:48.625	-49.0
15:54:48.638	-45.0
15:54:48.650	-42.0
15:54:48.662	-39.0
15:54:48.670	-37.5
15:54:48.683	-34.3
15:54:48.695	-30.8
15:54:48.703	-28.9
15:54:48.715	-26.1
15:54:48.728	-22.7
15:54:48.740	-17.4
15:54:48.748	-15.9
15:54:48.760	-11.3
15:54:48.769	-7.5
15:54:48.781	-2.7
15:54:48.793	-0.7
15:54:48.801	1.0
15:54:48.814	4.9
15:54:48.826	6.1
15:54:48.838	6.6
15:54:48.846	6.5
15:54:48.859	9.0
15:54:48.871	9.4
15:54:48.879	9.3
15:54:48.891	9.3
15:54:48.904	9.9
15:54:48.917	13.3
15:54:48.925	12.1
15:54:48.938	22.9
15:54:48.950	33.5
15:54:48.962	45.5
15:54:48.970	55.9
15:54:48.983	67.0
15:54:48.995	77.2
15:54:49.003	85.9
15:54:49.015	95.5
15:54:49.028	102.3
15:54:49.036	111.7
15:54:49.048	109.9
15:54:49.060	109.2
15:54:49.069	105.8
15:54:49.081	102.5
15:54:49.093	99.3
15:54:49.101	97.5
15:54:49.114	97.9
15:54:49.126	99.7
15:54:49.138	102.3
15:54:49.146	105.0
15:54:49.159	109.8
15:54:49.171	111.5
15:54:49.179	115.9
15:54:49.191	118.9
15:54:49.204	122.5
15:54:49.212	126.9
15:54:49.224	128.7
15:54:49.236	129.1
15:54:49.249	128.7
15:54:49.257	129.2
15:54:49.269	129.0
15:54:49.281	130.7
15:54:49.290	129.2
15:54:49.302	128.4
15:54:49.314	127.4
15:54:49.322	127.0
15:54:49.335	129.1
15:54:49.347	128.8
15:54:49.355	130.0
15:54:49.367	127.6
15:54:49.380	130.5
15:54:49.392	129.7
15:54:49.400	131.5
15:54:49.412	133.0
15:54:49.425	131.7
15:54:49.433	131.2
15:54:49.445	131.2
15:54:49.458	132.5
15:54:49.466	132.6
15:54:49.478	135.4
15:54:49.490	131.2
15:54:49.499	133.8
15:54:49.511	133.8
15:54:49.523	135.2
15:54:49.531	139.1
15:54:49.544	138.6
15:54:49.556	136.9
15:54:49.568	139.1
15:54:49.576	140.3
15:54:49.589	141.1
15:54:49.601	144.4
15:54:49.609	143.9
15:54:49.621	146.9
15:54:49.634	147.7
15:54:49.646	146.5
15:54:49.654	149.9
15:54:49.666	154.7
15:54:49.679	156.3
15:54:49.687	160.4
15:54:49.699	167.5
15:54:49.711	173.8
15:54:49.720	181.1
15:54:49.732	187.1
15:54:49.744	195.3
15:54:49.752	201.9
15:54:49.765	207.9
15:54:49.777	213.2
15:54:49.785	218.1
15:54:49.797	221.7
15:54:49.810	221.2
15:54:49.822	223.5
15:54:49.830	222.9
15:54:49.842	224.7
15:54:49.855	228.2
15:54:49.863	235.1
15:54:49.875	239.9
15:54:49.887	243.4
15:54:49.900	247.5
15:54:49.908	252.2
15:54:49.920	258.5
15:54:49.933	262.1
15:54:49.941	269.6
15:54:49.953	273.2
15:54:49.965	275.5
15:54:49.973	277.9
15:54:49.986	281.6
15:54:49.998	285.2
15:54:50.006	288.3
15:54:50.019	290.0
15:54:50.031	291.6
15:54:50.039	293.7
15:54:50.051	291.4
15:54:50.063	291.8
15:54:50.075	290.6
15:54:50.083	287.8
15:54:50.097	287.2
15:54:50.109	286.3
15:54:50.117	288.1
15:54:50.129	288.9
15:54:50.142	287.1
15:54:50.150	285.4
15:54:50.162	282.7
15:54:50.174	281.8
15:54:50.183	280.4
15:54:50.195	280.7
15:54:50.207	277.3
15:54:50.219	276.0
15:54:50.228	272.3
15:54:50.240	269.1
15:54:50.252	266.7
15:54:50.260	263.5
15:54:50.273	261.9
15:54:50.285	258.5
15:54:50.292	257.0
15:54:50.305	253.0
15:54:50.317	249.7
15:54:50.329	243.1
15:54:50.337	236.5
15:54:50.350	230.6
15:54:50.362	226.5
15:54:50.370	221.3
15:54:50.382	216.0
15:54:50.395	209.3
15:54:50.403	201.8
15:54:50.415	196.3
15:54:50.427	188.9
15:54:50.440	182.0
15:54:50.448	174.2
15:54:50.460	166.2
15:54:50.472	155.7
15:54:50.481	149.0
15:54:50.493	143.1
15:54:50.505	136.0
15:54:50.517	128.7
15:54:50.526	118.9
15:54:50.538	114.7
15:54:50.550	108.1
15:54:50.558	104.4
15:54:50.571	100.2
15:54:50.583	96.2
15:54:50.591	88.5
15:54:50.604	78.8
15:54:50.616	72.4
15:54:50.624	65.0
15:54:50.636	58.8
15:54:50.649	48.0
15:54:50.657	39.8
15:54:50.669	29.9
15:54:50.681	20.0
15:54:50.690	9.9
15:54:50.702	0.4
15:54:50.714	-5.8
15:54:50.726	-15.1
15:54:50.735	-20.9
15:54:50.747	-26.7
15:54:50.759	-30.9
15:54:50.768	-43.3
15:54:50.780	-64.6
15:54:50.792	-86.1
15:54:50.804	-105.5
15:54:50.813	-124.0
15:54:50.825	-143.1
15:54:50.837	-159.1
15:54:50.845	-177.7
15:54:50.858	-194.9
15:54:50.870	-213.8
15:54:50.882	-224.6
15:54:50.890	-229.0
15:54:50.903	-231.0
15:54:50.916	-231.3
15:54:50.923	-234.3
15:54:50.936	-235.4
15:54:50.948	-236.7
15:54:50.956	-238.0
15:54:50.968	-240.6
15:54:50.980	-241.1
15:54:50.989	-240.4
15:54:51.001	-236.7
15:54:51.013	-236.2
15:54:51.021	-238.2
15:54:51.034	-238.4
15:54:51.046	-237.5
15:54:51.058	-239.2
15:54:51.067	-240.3
15:54:51.079	-240.7
15:54:51.091	-242.1
15:54:51.099	-243.7
15:54:51.112	-246.7
15:54:51.124	-245.6
15:54:51.132	-245.9
15:54:51.144	-246.0
15:54:51.157	-247.6
15:54:51.169	-248.3
15:54:51.177	-249.6
15:54:51.189	-250.3
15:54:51.202	-251.4
15:54:51.210	-253.9
15:54:51.222	-256.7
15:54:51.234	-261.0
15:54:51.243	-263.2
15:54:51.255	-265.0
15:54:51.267	-266.4
15:54:51.275	-267.1
15:54:51.288	-267.0
15:54:51.300	-266.7
15:54:51.312	-266.4
15:54:51.320	-264.3
15:54:51.333	-260.9
15:54:51.345	-257.2
15:54:51.353	-254.4
15:54:51.365	-249.8
15:54:51.378	-247.1
15:54:51.386	-246.3
15:54:51.398	-239.2
15:54:51.410	-237.1
15:54:51.419	-234.1
15:54:51.431	-231.8
15:54:51.443	-231.1
15:54:51.451	-228.4
15:54:51.464	-225.0
15:54:51.476	-223.7
15:54:51.488	-221.4
15:54:51.496	-214.7
15:54:51.509	-216.0
15:54:51.521	-213.7
15:54:51.530	-211.2
15:54:51.542	-206.9
15:54:51.554	-201.0
15:54:51.566	-198.7
15:54:51.574	-195.9
15:54:51.587	-191.3
15:54:51.599	-185.8
15:54:51.607	-184.2
15:54:51.619	-181.1
15:54:51.632	-177.6
15:54:51.640	-174.3
15:54:51.652	-172.8
15:54:51.665	-170.7
15:54:51.673	-168.8
15:54:51.685	-164.0
15:54:51.697	-162.0
15:54:51.706	-161.0
15:54:51.718	-158.0
15:54:51.730	-155.6
15:54:51.742	-152.1
15:54:51.751	-150.3
15:54:51.763	-147.1
15:54:51.775	-146.7
15:54:51.783	-144.0
15:54:51.796	-143.8
15:54:51.808	-142.7
15:54:51.820	-139.8
15:54:51.828	-139.2
15:54:51.841	-137.4
15:54:51.853	-136.5
15:54:51.861	-133.2
15:54:51.873	-130.9
15:54:51.886	-125.5
15:54:51.894	-120.1
15:54:51.906	-115.8
15:54:51.918	-108.4
15:54:51.927	-104.9
15:54:51.939	-99.2
15:54:51.951	-94.7
15:54:51.960	-91.3
15:54:51.972	-86.7
15:54:51.984	-81.9
15:54:51.996	-78.0
15:54:52.005	-74.3
15:54:52.017	-70.7
15:54:52.029	-69.0
15:54:52.037	-63.5
15:54:52.050	-58.9
15:54:52.062	-54.1
15:54:52.070	-46.7
15:54:52.083	-42.5
15:54:52.095	-39.1
15:54:52.103	-34.3
15:54:52.115	-29.8
15:54:52.128	-24.5
15:54:52.140	-19.6
15:54:52.148	-18.5
15:54:52.160	-14.9
15:54:52.173	-11.4
15:54:52.181	-10.8
15:54:52.193	-6.8
15:54:52.205	-3.4
15:54:52.214	0.0
15:54:52.226	5.0
15:54:52.238	12.3
15:54:52.250	19.4
15:54:52.258	29.9
15:54:52.271	37.3
15:54:52.283	43.5
15:54:52.291	51.5
15:54:52.304	57.7
15:54:52.316	65.4
15:54:52.324	71.7
15:54:52.336	78.5
15:54:52.349	80.0
15:54:52.357	82.4
15:54:52.369	83.6
15:54:52.381	86.2
15:54:52.390	89.2
15:54:52.402	94.6
15:54:52.414	98.7
15:54:52.426	105.0
15:54:52.439	110.9
15:54:52.447	119.7
15:54:52.459	134.1
15:54:52.471	145.1
15:54:52.480	157.8
15:54:52.492	168.0
15:54:52.504	182.0
15:54:52.512	193.2
15:54:52.525	209.1
15:54:52.537	224.6
15:54:52.549	240.0
15:54:52.557	252.4
15:54:52.570	258.8
15:54:52.582	267.4
15:54:52.590	275.6
15:54:52.603	283.0
15:54:52.615	289.2
15:54:52.623	297.2
15:54:52.635	298.4
15:54:52.648	297.2
15:54:52.656	296.8
15:54:52.668	293.5
15:54:52.680	295.4
15:54:52.688	297.3
15:54:52.701	295.9
15:54:52.713	299.1
15:54:52.725	299.8
15:54:52.734	298.0
15:54:52.746	298.7
15:54:52.758	298.8
15:54:52.766	299.6
15:54:52.779	302.0
15:54:52.791	299.7
15:54:52.803	301.3
15:54:52.811	301.6
15:54:52.824	297.5
15:54:52.836	296.9
15:54:52.844	293.9
15:54:52.856	292.8
15:54:52.869	291.9
15:54:52.877	290.4
15:54:52.889	287.2
15:54:52.902	286.9
15:54:52.910	281.4
15:54:52.922	281.4
15:54:52.934	284.7
15:54:52.942	287.1
15:54:52.955	292.9
15:54:52.967	299.6
15:54:52.979	305.8
15:54:52.987	310.8
15:54:53.000	320.2
15:54:53.012	325.9
15:54:53.020	334.2
15:54:53.032	338.7
15:54:53.045	340.6
15:54:53.053	340.8
15:54:53.065	341.6
15:54:53.078	340.4
15:54:53.090	340.6
15:54:53.098	340.9
15:54:53.110	337.3
15:54:53.123	335.3
15:54:53.131	334.3
15:54:53.143	332.5
15:54:53.155	332.6
15:54:53.163	332.1
15:54:53.176	329.5
15:54:53.188	326.1
15:54:53.196	323.7
15:54:53.209	320.3
15:54:53.221	318.0
15:54:53.233	313.6
15:54:53.241	307.2
15:54:53.254	303.0
15:54:53.266	294.1
15:54:53.274	286.6
15:54:53.286	280.6
15:54:53.299	273.8
15:54:53.307	266.7
15:54:53.319	259.5
15:54:53.332	249.2
15:54:53.340	238.9
15:54:53.352	229.9
15:54:53.364	219.8
15:54:53.372	214.1
15:54:53.385	206.1
15:54:53.397	198.5
15:54:53.409	190.5
15:54:53.418	183.1
15:54:53.430	175.5
15:54:53.442	170.1
15:54:53.450	165.7
15:54:53.463	158.8
15:54:53.475	154.3
15:54:53.487	148.1
15:54:53.495	144.0
15:54:53.508	139.5
15:54:53.520	135.3
15:54:53.528	127.4
15:54:53.540	121.7
15:54:53.553	113.3
15:54:53.561	107.9
15:54:53.573	100.2
15:54:53.585	92.3
15:54:53.594	83.8
15:54:53.606	72.2
15:54:53.618	58.9
15:54:53.626	44.5
15:54:53.639	31.2
15:54:53.651	14.3
15:54:53.663	-2.0
15:54:53.671	-20.1
15:54:53.684	-48.9
15:54:53.696	-78.9
15:54:53.704	-108.7
15:54:53.716	-133.2
15:54:53.729	-157.5
15:54:53.741	-178.1
15:54:53.749	-199.3
15:54:53.762	-211.5
15:54:53.774	-221.6
15:54:53.782	-228.3
15:54:53.794	-221.2
15:54:53.807	-215.2
15:54:53.815	-203.1
15:54:53.827	-191.8
15:54:53.839	-178.5
15:54:53.847	-164.4
15:54:53.860	-150.6
15:54:53.872	-143.7
15:54:53.880	-136.8
15:54:53.893	-132.2
15:54:53.905	-127.9
15:54:53.917	-119.9
15:54:53.925	-116.6
15:54:53.938	-113.4
15:54:53.950	-111.4
15:54:53.958	-111.5
15:54:53.970	-109.4
15:54:53.983	-106.4
15:54:53.991	-103.5
15:54:54.003	-101.1
15:54:54.015	-97.9
15:54:54.024	-95.9
15:54:54.036	-93.5
15:54:54.048	-91.1
15:54:54.060	-89.8
15:54:54.069	-89.0
15:54:54.081	-86.7
15:54:54.093	-86.8
15:54:54.101	-85.2
15:54:54.114	-83.4
15:54:54.126	-79.3
15:54:54.134	-77.9
15:54:54.146	-76.3
15:54:54.159	-76.9
15:54:54.171	-76.9
15:54:54.179	-74.2
15:54:54.191	-76.0
15:54:54.204	-74.6
15:54:54.212	-74.3
15:54:54.224	-72.8
15:54:54.237	-74.4
15:54:54.245	-73.7
15:54:54.257	-71.9
15:54:54.269	-70.9
15:54:54.277	-69.5
15:54:54.290	-71.9
15:54:54.302	-70.4
15:54:54.310	-67.7
15:54:54.323	-66.9
15:54:54.335	-66.9
15:54:54.347	-67.3
15:54:54.355	-63.9
15:54:54.368	-64.0
15:54:54.380	-62.8
15:54:54.388	-61.6
15:54:54.400	-58.6
15:54:54.413	-56.7
15:54:54.425	-57.9
15:54:54.433	-55.7
15:54:54.445	-54.4
15:54:54.458	-50.2
15:54:54.466	-52.4
15:54:54.478	-53.4
15:54:54.490	-53.3
15:54:54.499	-52.3
15:54:54.511	-52.0
15:54:54.523	-51.8
15:54:54.531	-51.4
15:54:54.544	-52.7
15:54:54.556	-52.7
15:54:54.564	-53.3
15:54:54.576	-53.0
15:54:54.589	-50.5
15:54:54.601	-49.8
15:54:54.609	-49.8
15:54:54.621	-49.5
15:54:54.634	-48.9
15:54:54.646	-47.7
15:54:54.654	-46.9
15:54:54.666	-45.1
15:54:54.679	-43.2
15:54:54.687	-40.8
15:54:54.699	-40.7
15:54:54.712	-38.2
15:54:54.724	-34.3
15:54:54.732	-30.9
15:54:54.745	-28.3
15:54:54.758	-25.2
15:54:54.766	-22.5
15:54:54.778	-21.9
15:54:54.790	-22.0
15:54:54.798	-20.2
15:54:54.811	-17.6
15:54:54.823	-17.5
15:54:54.831	-18.8
15:54:54.844	-18.5
15:54:54.856	-19.5
15:54:54.864	-19.4
15:54:54.876	-19.7
15:54:54.889	-18.7
15:54:54.901	-16.1
15:54:54.909	-18.1
15:54:54.921	-18.5
15:54:54.934	-19.0
15:54:54.942	-19.6
15:54:54.953	-21.7
15:54:54.966	-21.8
15:54:54.974	-23.8
15:54:54.986	-24.5
15:54:54.998	-24.9
15:54:55.011	-27.2
15:54:55.019	-26.0
15:54:55.031	-27.5
15:54:55.043	-27.9
15:54:55.052	-28.2
15:54:55.064	-28.1
15:54:55.076	-28.4
15:54:55.084	-27.1
15:54:55.097	-27.8
15:54:55.109	-26.9
15:54:55.117	-26.8
15:54:55.130	-27.6
15:54:55.142	-25.8
15:54:55.154	-25.7
15:54:55.162	-24.1
15:54:55.174	-23.3
15:54:55.187	-23.4
15:54:55.195	-23.6
15:54:55.207	-21.9
15:54:55.220	-23.2
15:54:55.228	-23.5
15:54:55.240	-24.8
15:54:55.252	-25.8
15:54:55.261	-25.4
15:54:55.273	-26.8
15:54:55.285	-26.9
15:54:55.293	-26.1
15:54:55.306	-26.5
15:54:55.318	-26.6
15:54:55.330	-27.0
15:54:55.338	-26.9
15:54:55.351	-25.2
15:54:55.363	-28.5
15:54:55.371	-28.3
15:54:55.383	-28.0
15:54:55.396	-27.5
15:54:55.408	-26.9
15:54:55.416	-23.9
15:54:55.428	-22.5
15:54:55.441	-16.6
15:54:55.449	-10.8
15:54:55.461	-0.8
15:54:55.473	12.6
15:54:55.482	24.4
15:54:55.494	35.1
15:54:55.506	45.5
15:54:55.514	55.2
15:54:55.527	64.4
15:54:55.539	76.1
15:54:55.547	82.7
15:54:55.559	88.2
15:54:55.572	88.3
15:54:55.584	90.0
15:54:55.592	92.5
15:54:55.605	94.0
15:54:55.617	94.6
15:54:55.625	96.5
15:54:55.637	99.0
15:54:55.650	98.7
15:54:55.662	102.0
15:54:55.670	103.5
15:54:55.682	107.7
15:54:55.695	111.2
15:54:55.703	111.4
15:54:55.715	115.3
15:54:55.727	120.9
15:54:55.736	127.2
15:54:55.748	130.9
15:54:55.760	137.0
15:54:55.768	141.1
15:54:55.781	147.0
15:54:55.793	153.4
15:54:55.801	158.8
15:54:55.813	165.7
15:54:55.826	171.4
15:54:55.838	179.1
15:54:55.846	183.4
15:54:55.858	191.1
15:54:55.871	197.3
15:54:55.879	204.1
15:54:55.891	210.5
15:54:55.904	217.3
15:54:55.912	223.0
15:54:55.924	227.3
15:54:55.936	233.8
15:54:55.944	237.4
15:54:55.957	244.7
15:54:55.969	250.2
15:54:55.981	257.8
15:54:55.989	265.5
15:54:56.002	277.7
15:54:56.014	292.2
15:54:56.022	313.1
15:54:56.034	339.0
15:54:56.047	364.0
15:54:56.055	388.8
15:54:56.067	413.9
15:54:56.080	439.6
15:54:56.092	460.6
15:54:56.100	483.1
15:54:56.112	500.5
15:54:56.125	513.3
15:54:56.133	520.3
15:54:56.145	522.5
15:54:56.157	523.2
15:54:56.166	524.6
15:54:56.178	525.7
15:54:56.190	525.9
15:54:56.198	525.9
15:54:56.211	523.8
15:54:56.223	520.3
15:54:56.231	515.5
15:54:56.243	510.7
15:54:56.256	505.5
15:54:56.268	500.1
15:54:56.276	497.5
15:54:56.289	490.0
15:54:56.302	480.2
15:54:56.313	472.8
15:54:56.322	463.6
15:54:56.335	456.2
15:54:56.347	446.1
15:54:56.355	437.0
15:54:56.367	427.2
15:54:56.379	417.8
15:54:56.392	397.0
15:54:56.400	378.8
15:54:56.412	359.5
15:54:56.424	336.0
15:54:56.433	315.4
15:54:56.445	292.0
15:54:56.457	271.8
15:54:56.465	251.5
15:54:56.478	231.6
15:54:56.490	208.7
15:54:56.498	195.1
15:54:56.510	179.7
15:54:56.523	164.2
15:54:56.531	153.1
15:54:56.543	139.5
15:54:56.556	127.6
15:54:56.568	115.0
15:54:56.576	102.7
15:54:56.588	90.3
15:54:56.600	80.1
15:54:56.609	66.0
15:54:56.621	52.2
15:54:56.633	40.8
15:54:56.646	29.0
15:54:56.654	20.2
15:54:56.666	11.4
15:54:56.674	3.5
15:54:56.687	-4.6
15:54:56.699	-11.7
15:54:56.711	-20.2
15:54:56.719	-24.1
15:54:56.732	-27.0
15:54:56.744	-30.2
15:54:56.752	-32.1
15:54:56.764	-37.9
15:54:56.777	-41.8
15:54:56.785	-47.2
15:54:56.797	-51.6
15:54:56.809	-55.8
15:54:56.822	-57.7
15:54:56.830	-62.4
15:54:56.842	-66.3
15:54:56.854	-69.5
15:54:56.863	-76.1
15:54:56.875	-80.2
15:54:56.887	-85.0
15:54:56.895	-87.3
15:54:56.908	-91.6
15:54:56.920	-95.5
15:54:56.932	-99.9
15:54:56.940	-103.7
15:54:56.953	-108.6
15:54:56.965	-113.5
15:54:56.973	-115.6
15:54:56.986	-119.8
15:54:56.998	-122.6
15:54:57.006	-125.2
15:54:57.018	-125.2
15:54:57.031	-127.1
15:54:57.039	-129.3
15:54:57.051	-135.2
15:54:57.063	-144.4
15:54:57.076	-156.9
15:54:57.084	-166.8
15:54:57.095	-177.7
15:54:57.108	-188.4
15:54:57.116	-200.3
15:54:57.128	-215.1
15:54:57.140	-227.0
15:54:57.149	-238.9
15:54:57.161	-246.6
15:54:57.173	-249.9
15:54:57.181	-248.6
15:54:57.194	-252.1
15:54:57.206	-254.8
15:54:57.214	-258.2
15:54:57.226	-264.1
15:54:57.239	-267.1
15:54:57.251	-272.5
15:54:57.259	-278.8
15:54:57.272	-284.6
15:54:57.284	-290.9
15:54:57.292	-298.1
15:54:57.304	-302.0
15:54:57.317	-304.1
15:54:57.329	-307.8
15:54:57.337	-307.9
15:54:57.349	-311.4
15:54:57.362	-319.5
15:54:57.370	-326.9
15:54:57.382	-334.1
15:54:57.394	-340.2
15:54:57.403	-349.0
15:54:57.415	-357.0
15:54:57.427	-366.9
15:54:57.435	-373.1
15:54:57.448	-381.2
15:54:57.460	-386.6
15:54:57.468	-384.3
15:54:57.480	-383.1
15:54:57.493	-384.5
15:54:57.505	-386.1
15:54:57.513	-386.0
15:54:57.525	-386.5
15:54:57.538	-384.9
15:54:57.546	-385.2
15:54:57.558	-384.1
15:54:57.570	-385.3
15:54:57.583	-388.6
15:54:57.591	-390.4
15:54:57.603	-389.6
15:54:57.616	-386.8
15:54:57.624	-382.6
15:54:57.636	-380.6
15:54:57.648	-379.3
15:54:57.656	-377.7
15:54:57.669	-375.7
15:54:57.681	-370.3
15:54:57.689	-366.7
15:54:57.702	-361.7
15:54:57.714	-357.4
15:54:57.722	-353.7
15:54:57.734	-350.5
15:54:57.747	-346.6
15:54:57.759	-339.8
15:54:57.767	-335.5
15:54:57.779	-330.6
15:54:57.792	-328.5
15:54:57.800	-323.0
15:54:57.812	-318.2
15:54:57.824	-313.7
15:54:57.832	-310.2
15:54:57.845	-308.0
15:54:57.857	-303.0
15:54:57.865	-301.0
15:54:57.878	-295.2
15:54:57.890	-291.7
15:54:57.902	-288.3
15:54:57.910	-286.3
15:54:57.923	-284.1
15:54:57.935	-279.5
15:54:57.943	-277.2
15:54:57.955	-271.5
15:54:57.968	-269.0
15:54:57.976	-266.0
15:54:57.988	-263.6
15:54:58.001	-255.6
15:54:58.013	-252.1
15:54:58.021	-248.1
15:54:58.033	-243.8
15:54:58.045	-240.7
15:54:58.054	-236.5
15:54:58.066	-233.2
15:54:58.078	-229.4
15:54:58.086	-225.3
15:54:58.099	-222.0
15:54:58.111	-221.9
15:54:58.119	-219.3
15:54:58.131	-215.2
15:54:58.144	-211.3
15:54:58.152	-208.9
15:54:58.165	-205.6
15:54:58.176	-200.7
15:54:58.190	-199.5
15:54:58.198	-195.4
15:54:58.210	-191.3
15:54:58.223	-189.7
15:54:58.231	-185.9
15:54:58.243	-183.2
15:54:58.255	-181.7
15:54:58.268	-178.3
15:54:58.276	-175.4
15:54:58.288	-175.2
15:54:58.300	-168.7
15:54:58.313	-165.9
15:54:58.321	-164.0
15:54:58.333	-161.3
15:54:58.345	-157.6
15:54:58.354	-152.8
15:54:58.366	-149.2
15:54:58.378	-145.8
15:54:58.386	-141.8
15:54:58.399	-137.7
15:54:58.411	-135.8
15:54:58.419	-133.0
15:54:58.431	-130.2
15:54:58.444	-128.3
15:54:58.452	-125.6
15:54:58.464	-122.0
15:54:58.476	-116.9
15:54:58.489	-114.2
15:54:58.496	-112.1
15:54:58.508	-110.6
15:54:58.521	-108.5
15:54:58.529	-108.4
15:54:58.541	-107.8
15:54:58.553	-106.3
15:54:58.566	-103.1
15:54:58.574	-104.4
15:54:58.586	-104.9
15:54:58.598	-103.3
15:54:58.607	-101.5
15:54:58.619	-100.1
15:54:58.631	-99.3
15:54:58.639	-95.7
15:54:58.652	-95.4
15:54:58.664	-91.7
15:54:58.672	-91.8
15:54:58.685	-89.1
15:54:58.697	-84.3
15:54:58.705	-82.4
15:54:58.717	-79.8
15:54:58.730	-76.7
15:54:58.742	-73.0
15:54:58.750	-68.8
15:54:58.762	-63.6
15:54:58.775	-63.1
15:54:58.783	-57.1
15:54:58.795	-53.4
15:54:58.807	-53.1
15:54:58.816	-50.9
15:54:58.828	-47.5
15:54:58.840	-25.6
15:54:58.852	-7.2
15:54:58.861	7.1
15:54:58.873	23.0
15:54:58.885	41.1
15:54:58.893	53.1
15:54:58.906	66.4
15:54:58.918	81.1
15:54:58.926	96.4
15:54:58.938	111.8
15:54:58.951	106.6
15:54:58.959	104.0
15:54:58.971	103.7
15:54:58.984	106.6
15:54:58.996	106.9
15:54:59.004	108.9
15:54:59.016	112.6
15:54:59.029	120.8
15:54:59.037	131.9
15:54:59.049	139.7
15:54:59.061	151.1
15:54:59.070	158.5
15:54:59.082	169.1
15:54:59.094	176.7
15:54:59.102	187.2
15:54:59.115	195.9
15:54:59.127	202.3
15:54:59.135	205.3
15:54:59.147	203.9
15:54:59.160	207.0
15:54:59.172	204.4
15:54:59.180	206.5
15:54:59.193	209.8
15:54:59.205	212.3
15:54:59.213	215.4
15:54:59.225	219.6
15:54:59.238	228.0
15:54:59.250	232.2
15:54:59.258	239.0
15:54:59.270	239.1
15:54:59.283	243.1
15:54:59.291	248.6
15:54:59.303	252.5
15:54:59.315	255.1
15:54:59.324	255.4
15:54:59.336	253.7
15:54:59.348	250.2
15:54:59.356	250.1
15:54:59.369	247.5
15:54:59.381	249.0
15:54:59.389	249.0
15:54:59.401	248.6
15:54:59.414	244.0
15:54:59.426	243.5
15:54:59.434	243.8
15:54:59.446	246.0
15:54:59.459	246.1
15:54:59.467	245.3
15:54:59.479	245.7
15:54:59.491	244.5
15:54:59.504	245.7
15:54:59.512	245.0
15:54:59.524	248.6
15:54:59.536	248.8
15:54:59.545	250.1
15:54:59.557	252.6
15:54:59.569	254.6
15:54:59.577	258.7
15:54:59.590	260.8
15:54:59.602	263.4
15:54:59.610	266.9
15:54:59.622	270.5
15:54:59.635	270.6
15:54:59.643	272.3
15:54:59.655	274.3
15:54:59.668	275.2
15:54:59.680	278.7
15:54:59.688	280.7
15:54:59.700	284.8
15:54:59.713	289.7
15:54:59.721	293.3
15:54:59.733	294.3
15:54:59.745	299.0
15:54:59.754	303.9
15:54:59.766	308.2
15:54:59.778	315.5
15:54:59.786	325.0
15:54:59.799	336.0
15:54:59.811	348.1
15:54:59.823	362.9
15:54:59.831	383.5
15:54:59.844	412.2
15:54:59.856	438.2
15:54:59.864	466.3
15:54:59.876	490.6
15:54:59.889	512.0
15:54:59.897	531.3
15:54:59.909	545.4
15:54:59.921	555.9
15:54:59.934	564.9
15:54:59.942	567.3
15:54:59.954	565.5
15:54:59.966	560.6
15:54:59.975	556.5
15:54:59.987	554.8
15:54:59.999	551.5
15:55:00.007	546.7
15:55:00.020	545.9
15:55:00.032	543.8
15:55:00.040	539.9
15:55:00.052	535.3
15:55:00.065	526.5
15:55:00.073	521.0
15:55:00.085	507.0
15:55:00.098	492.6
15:55:00.110	479.4
15:55:00.118	464.4
15:55:00.130	445.4
15:55:00.143	428.4
15:55:00.151	411.3
15:55:00.163	394.4
15:55:00.175	379.6
15:55:00.188	362.6
15:55:00.196	350.5
15:55:00.208	338.0
15:55:00.220	326.8
15:55:00.233	312.0
15:55:00.241	300.0
15:55:00.253	286.9
15:55:00.265	272.3
15:55:00.274	256.8
15:55:00.286	241.3
15:55:00.298	226.5
15:55:00.306	212.2
15:55:00.319	199.6
15:55:00.331	185.7
15:55:00.339	176.3
15:55:00.351	164.5
15:55:00.364	154.2
15:55:00.372	147.3
15:55:00.384	138.2
15:55:00.396	128.8
15:55:00.409	122.0
15:55:00.417	113.1
15:55:00.429	105.6
15:55:00.437	98.9
15:55:00.450	89.4
15:55:00.462	81.6
15:55:00.474	73.5
15:55:00.486	64.6
15:55:00.495	59.9
15:55:00.507	54.3
15:55:00.519	47.9
15:55:00.528	42.1
15:55:00.540	33.6
15:55:00.552	25.3
15:55:00.560	18.1
15:55:00.573	11.1
15:55:00.581	5.7
15:55:00.593	-0.4
15:55:00.605	-8.4
15:55:00.618	-14.2
15:55:00.626	-23.7
15:55:00.638	-28.6
15:55:00.651	-34.6
15:55:00.663	-42.4
15:55:00.671	-49.3
15:55:00.683	-53.4
15:55:00.695	-60.2
15:55:00.704	-68.2
15:55:00.716	-74.5
15:55:00.728	-84.1
15:55:00.736	-88.0
15:55:00.749	-98.3
15:55:00.761	-105.2
15:55:00.774	-112.7
15:55:00.782	-121.8
15:55:00.794	-132.5
15:55:00.806	-142.4
15:55:00.815	-151.5
15:55:00.827	-158.9
15:55:00.839	-163.5
15:55:00.847	-172.8
15:55:00.860	-177.9
15:55:00.872	-184.8
15:55:00.880	-189.8
15:55:00.892	-191.9
15:55:00.905	-195.7
15:55:00.917	-199.2
15:55:00.925	-200.9
15:55:00.937	-206.7
15:55:00.950	-211.5
15:55:00.958	-215.3
15:55:00.970	-219.6
15:55:00.982	-223.3
15:55:00.991	-227.5
15:55:01.003	-231.2
15:55:01.015	-235.9
15:55:01.023	-241.3
15:55:01.036	-250.3
15:55:01.048	-259.1
15:55:01.056	-272.1
15:55:01.069	-284.1
15:55:01.081	-297.4
15:55:01.093	-309.8
15:55:01.101	-324.8
15:55:01.114	-337.6
15:55:01.126	-346.8
15:55:01.134	-357.7
15:55:01.146	-364.3
15:55:01.159	-366.7
15:55:01.171	-367.2
15:55:01.179	-368.5
15:55:01.191	-372.1
15:55:01.204	-377.3
15:55:01.212	-379.2
15:55:01.224	-384.0
15:55:01.236	-389.5
15:55:01.245	-390.6
15:55:01.257	-394.4
15:55:01.269	-400.4
15:55:01.277	-404.3
15:55:01.290	-406.8
15:55:01.302	-405.8
15:55:01.310	-403.9
15:55:01.322	-403.8
15:55:01.335	-401.5
15:55:01.347	-401.3
15:55:01.355	-401.8
15:55:01.367	-398.7
15:55:01.380	-399.0
15:55:01.388	-399.3
15:55:01.400	-399.2
15:55:01.412	-398.5
15:55:01.425	-399.7
15:55:01.433	-396.9
15:55:01.445	-397.8
15:55:01.457	-395.3
15:55:01.466	-393.4
15:55:01.478	-393.8
15:55:01.490	-390.6
15:55:01.499	-386.4
15:55:01.511	-384.6
15:55:01.523	-382.1
15:55:01.532	-375.5
15:55:01.544	-371.4
15:55:01.556	-365.8
15:55:01.564	-362.7
15:55:01.577	-357.4
15:55:01.589	-352.6
15:55:01.601	-348.1
15:55:01.609	-342.5
15:55:01.622	-335.7
15:55:01.634	-330.1
15:55:01.642	-328.1
15:55:01.654	-323.9
15:55:01.667	-320.1
15:55:01.675	-313.6
15:55:01.687	-309.8
15:55:01.699	-305.4
15:55:01.708	-300.2
15:55:01.720	-298.2
15:55:01.732	-292.9
15:55:01.745	-290.3
15:55:01.753	-285.8
15:55:01.765	-281.9
15:55:01.777	-277.1
15:55:01.786	-273.8
15:55:01.798	-267.8
15:55:01.810	-262.6
15:55:01.818	-255.5
15:55:01.831	-249.6
15:55:01.843	-245.7
15:55:01.855	-241.9
15:55:01.863	-236.1
15:55:01.876	-231.8
15:55:01.888	-226.3
15:55:01.896	-219.6
15:55:01.908	-215.5
15:55:01.921	-210.4
15:55:01.929	-206.3
15:55:01.941	-200.8
15:55:01.953	-194.8
15:55:01.962	-188.2
15:55:01.974	-183.8
15:55:01.986	-178.3
15:55:01.994	-175.5
15:55:02.007	-175.6
15:55:02.019	-171.5
15:55:02.031	-168.8
15:55:02.039	-166.6
15:55:02.052	-167.0
15:55:02.064	-166.9
15:55:02.072	-163.2
15:55:02.084	-162.6
15:55:02.097	-161.4
15:55:02.109	-159.7
15:55:02.117	-154.5
15:55:02.129	-152.2
15:55:02.142	-150.3
15:55:02.150	-147.1
15:55:02.162	-139.8
15:55:02.175	-135.5
15:55:02.187	-130.7
15:55:02.195	-124.5
15:55:02.207	-119.0
15:55:02.220	-111.6
15:55:02.228	-108.5
15:55:02.240	-103.5
15:55:02.248	-97.8
15:55:02.261	-93.5
15:55:02.273	-88.2
15:55:02.285	-82.4
15:55:02.294	-78.2
15:55:02.306	-71.8
15:55:02.318	-65.2
15:55:02.326	-57.5
15:55:02.339	-46.3
15:55:02.351	-39.6
15:55:02.359	-30.3
15:55:02.371	-23.1
15:55:02.384	-18.6
15:55:02.396	-11.5
15:55:02.404	-7.1
15:55:02.416	-2.9
15:55:02.429	0.5
15:55:02.437	3.7
15:55:02.449	3.2
15:55:02.461	5.1
15:55:02.470	3.5
15:55:02.482	5.3
15:55:02.494	7.8
15:55:02.502	7.6
15:55:02.515	10.0
15:55:02.527	9.4
15:55:02.539	13.7
15:55:02.547	15.1
15:55:02.560	19.2
15:55:02.572	24.6
15:55:02.584	31.5
15:55:02.592	35.0
15:55:02.605	39.1
15:55:02.617	45.8
15:55:02.625	52.4
15:55:02.637	62.7
15:55:02.650	65.0
15:55:02.658	70.1
15:55:02.670	75.6
15:55:02.682	81.1
15:55:02.695	86.4
15:55:02.703	92.6
15:55:02.715	95.9
15:55:02.727	98.6
15:55:02.736	102.3
15:55:02.748	105.0
15:55:02.760	118.0
15:55:02.768	133.4
15:55:02.781	152.5
15:55:02.793	168.0
15:55:02.801	186.6
15:55:02.814	205.2
15:55:02.826	224.8
15:55:02.838	242.8
15:55:02.846	260.9
15:55:02.859	280.1
15:55:02.871	290.3
15:55:02.879	298.4
15:55:02.891	299.9
15:55:02.904	305.2
15:55:02.912	304.8
15:55:02.924	305.6
15:55:02.936	308.2
15:55:02.945	312.3
15:55:02.957	316.3
15:55:02.969	317.6
15:55:02.977	323.2
15:55:02.990	326.2
15:55:03.002	333.1
15:55:03.014	337.1
15:55:03.023	345.1
15:55:03.034	349.9
15:55:03.046	356.5
15:55:03.055	362.4
15:55:03.067	367.4
15:55:03.079	374.8
15:55:03.091	377.8
15:55:03.100	382.7
15:55:03.112	383.2
15:55:03.124	387.5
15:55:03.132	390.6
15:55:03.145	394.8
15:55:03.157	399.0
15:55:03.165	399.5
15:55:03.177	402.1
15:55:03.190	405.6
15:55:03.198	410.9
15:55:03.210	411.6
15:55:03.223	415.1
15:55:03.232	419.0
15:55:03.244	420.4
15:55:03.256	423.2
15:55:03.268	422.5
15:55:03.276	425.0
15:55:03.288	424.5
15:55:03.300	426.5
15:55:03.309	429.9
15:55:03.321	435.1
15:55:03.333	440.2
15:55:03.345	441.7
15:55:03.354	445.3
15:55:03.366	448.6
15:55:03.378	453.3
15:55:03.386	457.2
15:55:03.399	464.1
15:55:03.411	462.9
15:55:03.419	461.3
15:55:03.432	458.2
15:55:03.444	454.6
15:55:03.452	452.5
15:55:03.464	447.3
15:55:03.477	441.8
15:55:03.485	436.9
15:55:03.497	433.1
15:55:03.509	427.6
15:55:03.522	425.2
15:55:03.530	418.1
15:55:03.542	411.6
15:55:03.554	404.3
15:55:03.563	393.8
15:55:03.575	384.8
15:55:03.587	376.2
15:55:03.595	365.1
15:55:03.608	351.3
15:55:03.620	338.8
15:55:03.628	323.9
15:55:03.640	313.1
15:55:03.653	300.1
15:55:03.665	287.2
15:55:03.673	277.0
15:55:03.685	268.8
15:55:03.698	256.8
15:55:03.706	244.5
15:55:03.718	238.1
15:55:03.730	225.3
15:55:03.739	213.4
15:55:03.751	199.7
15:55:03.763	189.4
15:55:03.775	179.0
15:55:03.784	168.9
15:55:03.796	157.0
15:55:03.808	147.7
15:55:03.816	143.0
15:55:03.829	133.8
15:55:03.841	126.3
15:55:03.849	120.7
15:55:03.862	114.9
15:55:03.874	108.6
15:55:03.882	103.5
15:55:03.894	96.3
15:55:03.907	88.2
15:55:03.915	82.1
15:55:03.927	73.7
15:55:03.939	69.2
15:55:03.951	62.6
15:55:03.960	55.1
15:55:03.972	47.0
15:55:03.984	38.2
15:55:03.992	27.7
15:55:04.005	18.7
15:55:04.017	11.5
15:55:04.029	-0.9
15:55:04.037	-11.2
15:55:04.050	-26.3
15:55:04.062	-37.3
15:55:04.070	-49.7
15:55:04.083	-58.2
15:55:04.096	-69.1
15:55:04.103	-81.3
15:55:04.116	-100.9
15:55:04.128	-120.4
15:55:04.140	-134.6
15:55:04.148	-152.5
15:55:04.161	-168.5
15:55:04.173	-186.2
15:55:04.181	-202.6
15:55:04.193	-220.1
15:55:04.206	-237.0
15:55:04.214	-250.2
15:55:04.226	-260.2
15:55:04.238	-269.0
15:55:04.251	-280.2
15:55:04.259	-288.7
15:55:04.271	-297.4
15:55:04.283	-304.1
15:55:04.292	-310.3
15:55:04.304	-317.9
15:55:04.316	-322.0
15:55:04.328	-328.1
15:55:04.337	-330.0
15:55:04.349	-333.0
15:55:04.361	-335.1
15:55:04.369	-338.8
15:55:04.382	-342.3
15:55:04.394	-346.4
15:55:04.402	-347.7
15:55:04.414	-349.1
15:55:04.427	-350.7
15:55:04.435	-351.6
15:55:04.447	-353.7
15:55:04.460	-354.0
15:55:04.468	-353.0
15:55:04.480	-351.2
15:55:04.492	-350.4
15:55:04.504	-349.5
15:55:04.513	-351.7
15:55:04.525	-350.4
15:55:04.537	-349.3
15:55:04.545	-350.9
15:55:04.558	-352.9
15:55:04.570	-355.4
15:55:04.578	-358.6
15:55:04.591	-361.6
15:55:04.603	-363.8
15:55:04.615	-365.5
15:55:04.623	-366.0
15:55:04.636	-369.4
15:55:04.648	-373.5
15:55:04.656	-373.7
15:55:04.668	-373.1
15:55:04.681	-371.9
15:55:04.689	-370.8
15:55:04.701	-370.7
15:55:04.713	-368.6
15:55:04.722	-365.6
15:55:04.734	-364.7
15:55:04.746	-362.2
15:55:04.759	-358.0
15:55:04.767	-355.6
15:55:04.780	-351.9
15:55:04.792	-349.1
15:55:04.800	-344.6
15:55:04.812	-340.5
15:55:04.825	-337.5
15:55:04.833	-334.5
15:55:04.845	-329.5
15:55:04.857	-327.3
15:55:04.866	-324.5
15:55:04.878	-318.3
15:55:04.890	-313.4
15:55:04.898	-305.0
15:55:04.911	-300.5
15:55:04.923	-293.8
15:55:04.935	-289.2
15:55:04.943	-284.1
15:55:04.956	-280.0
15:55:04.968	-274.3
15:55:04.976	-269.4
15:55:04.989	-266.1
15:55:05.001	-259.5
15:55:05.013	-259.3
15:55:05.021	-255.9
15:55:05.034	-253.8
15:55:05.046	-252.5
15:55:05.054	-251.3
15:55:05.066	-247.3
15:55:05.079	-246.5
15:55:05.087	-241.8
15:55:05.099	-241.0
15:55:05.111	-241.9
15:55:05.120	-239.5
15:55:05.132	-237.9
15:55:05.144	-237.3
15:55:05.152	-234.5
15:55:05.165	-231.4
15:55:05.177	-230.7
15:55:05.189	-227.7
15:55:05.197	-228.0
15:55:05.210	-225.3
15:55:05.222	-224.8
15:55:05.230	-224.1
15:55:05.242	-221.1
15:55:05.255	-218.7
15:55:05.267	-218.0
15:55:05.275	-217.0
15:55:05.287	-216.4
15:55:05.300	-214.9
15:55:05.308	-212.3
15:55:05.320	-211.9
15:55:05.332	-208.2
15:55:05.341	-206.5
15:55:05.353	-207.3
15:55:05.365	-207.5
15:55:05.373	-210.7
15:55:05.386	-215.5
15:55:05.398	-218.1
15:55:05.406	-221.7
15:55:05.418	-227.0
15:55:05.431	-228.5
15:55:05.443	-233.1
15:55:05.451	-236.3
15:55:05.464	-239.2
15:55:05.476	-243.4
15:55:05.484	-238.1
15:55:05.496	-235.0
15:55:05.509	-233.1
15:55:05.517	-230.3
15:55:05.529	-228.5
15:55:05.541	-226.4
15:55:05.550	-224.4
15:55:05.562	-222.0
15:55:05.574	-221.4
15:55:05.586	-216.6
15:55:05.595	-215.9
15:55:05.607	-214.6
